0.000000 1.023029
0.000200 1.025498
0.000400 1.027972
0.000600 1.030452
0.000800 1.032935
0.001000 1.035423
0.001200 1.037914
0.001400 1.040408
0.001600 1.042905
0.001800 1.045403
0.002000 1.047904
0.002200 1.050406
0.002400 1.052908
0.002600 1.055411
0.002800 1.057914
0.003000 1.060416
0.003200 1.062918
0.003400 1.065418
0.003600 1.067917
0.003800 1.070414
0.004000 1.072908
0.004200 1.075399
0.004400 1.077887
0.004600 1.080372
0.004800 1.082852
0.005000 1.085328
0.005200 1.087800
0.005400 1.090266
0.005600 1.092727
0.005800 1.095182
0.006000 1.097631
0.006200 1.100073
0.006400 1.102509
0.006600 1.104937
0.006800 1.107358
0.007000 1.109771
0.007200 1.112176
0.007400 1.114572
0.007600 1.116960
0.007800 1.119338
0.008000 1.121707
0.008200 1.124066
0.008400 1.126416
0.008600 1.128754
0.008800 1.131083
0.009000 1.133400
0.009200 1.135706
0.009400 1.138000
0.009600 1.140283
0.009800 1.142553
0.010000 1.144811
0.010200 1.147057
0.010400 1.149289
0.010600 1.151508
0.010800 1.153714
0.011000 1.155907
0.011200 1.158085
0.011400 1.160249
0.011600 1.162399
0.011800 1.164533
0.012000 1.166653
0.012200 1.168758
0.012400 1.170848
0.012600 1.172921
0.012800 1.174979
0.013000 1.177021
0.013200 1.179046
0.013400 1.181055
0.013600 1.183047
0.013800 1.185022
0.014000 1.186980
0.014200 1.188920
0.014400 1.190843
0.014600 1.192748
0.014800 1.194635
0.015000 1.196504
0.015200 1.198354
0.015400 1.200186
0.015600 1.201999
0.015800 1.203793
0.016000 1.205567
0.016200 1.207323
0.016400 1.209059
0.016600 1.210775
0.016800 1.212471
0.017000 1.214148
0.017200 1.215804
0.017400 1.217440
0.017600 1.219055
0.017800 1.220649
0.018000 1.222223
0.018200 1.223776
0.018400 1.225307
0.018600 1.226818
0.018800 1.228306
0.019000 1.229774
0.019200 1.231219
0.019400 1.232643
0.019600 1.234044
0.019800 1.235424
0.020000 1.236781
0.020200 1.238116
0.020400 1.239428
0.020600 1.240718
0.020800 1.241985
0.021000 1.243229
0.021200 1.244450
0.021400 1.245648
0.021600 1.246823
0.021800 1.247974
0.022000 1.249102
0.022200 1.250206
0.022400 1.251287
0.022600 1.252344
0.022800 1.253377
0.023000 1.254387
0.023200 1.255372
0.023400 1.256333
0.023600 1.257270
0.023800 1.258182
0.024000 1.259070
0.024200 1.259934
0.024400 1.260773
0.024600 1.261588
0.024800 1.262378
0.025000 1.263143
0.025200 1.263883
0.025400 1.264599
0.025600 1.265289
0.025800 1.265954
0.026000 1.266594
0.026200 1.267210
0.026400 1.267799
0.026600 1.268364
0.026800 1.268903
0.027000 1.269417
0.027200 1.269906
0.027400 1.270369
0.027600 1.270806
0.027800 1.271218
0.028000 1.271604
0.028200 1.271965
0.028400 1.272300
0.028600 1.272610
0.028800 1.272893
0.029000 1.273151
0.029200 1.273383
0.029400 1.273589
0.029600 1.273769
0.029800 1.273924
0.030000 1.274052
0.030200 1.274155
0.030400 1.274232
0.030600 1.274282
0.030800 1.274307
0.031000 1.274306
0.031200 1.274279
0.031400 1.274226
0.031600 1.274147
0.031800 1.274041
0.032000 1.273910
0.032200 1.273753
0.032400 1.273570
0.032600 1.273361
0.032800 1.273126
0.033000 1.272865
0.033200 1.272578
0.033400 1.272265
0.033600 1.271927
0.033800 1.271562
0.034000 1.271171
0.034200 1.270755
0.034400 1.270313
0.034600 1.269845
0.034800 1.269351
0.035000 1.268831
0.035200 1.268286
0.035400 1.267714
0.035600 1.267118
0.035800 1.266495
0.036000 1.265847
0.036200 1.265174
0.036400 1.264475
0.036600 1.263750
0.036800 1.263000
0.037000 1.262225
0.037200 1.261424
0.037400 1.260598
0.037600 1.259747
0.037800 1.258871
0.038000 1.257969
0.038200 1.257043
0.038400 1.256091
0.038600 1.255115
0.038800 1.254113
0.039000 1.253087
0.039200 1.252036
0.039400 1.250961
0.039600 1.249860
0.039800 1.248736
0.040000 1.247586
0.040200 1.246413
0.040400 1.245215
0.040600 1.243993
0.040800 1.242746
0.041000 1.241476
0.041200 1.240181
0.041400 1.238863
0.041600 1.237521
0.041800 1.236155
0.042000 1.234766
0.042200 1.233352
0.042400 1.231916
0.042600 1.230456
0.042800 1.228973
0.043000 1.227467
0.043200 1.225937
0.043400 1.224385
0.043600 1.222810
0.043800 1.221212
0.044000 1.219591
0.044200 1.217948
0.044400 1.216282
0.044600 1.214595
0.044800 1.212884
0.045000 1.211152
0.045200 1.209398
0.045400 1.207622
0.045600 1.205824
0.045800 1.204005
0.046000 1.202164
0.046200 1.200302
0.046400 1.198418
0.046600 1.196514
0.046800 1.194588
0.047000 1.192642
0.047200 1.190674
0.047400 1.188687
0.047600 1.186678
0.047800 1.184650
0.048000 1.182601
0.048200 1.180532
0.048400 1.178443
0.048600 1.176335
0.048800 1.174207
0.049000 1.172059
0.049200 1.169892
0.049400 1.167706
0.049600 1.165501
0.049800 1.163277
0.050000 1.161034
0.050200 1.158773
0.050400 1.156493
0.050600 1.154196
0.050800 1.151879
0.051000 1.149545
0.051200 1.147194
0.051400 1.144824
0.051600 1.142437
0.051800 1.140033
0.052000 1.137612
0.052200 1.135174
0.052400 1.132719
0.052600 1.130247
0.052800 1.127759
0.053000 1.125255
0.053200 1.122735
0.053400 1.120198
0.053600 1.117646
0.053800 1.115079
0.054000 1.112496
0.054200 1.109898
0.054400 1.107285
0.054600 1.104657
0.054800 1.102014
0.055000 1.099357
0.055200 1.096686
0.055400 1.094001
0.055600 1.091302
0.055800 1.088589
0.056000 1.085863
0.056200 1.083123
0.056400 1.080370
0.056600 1.077605
0.056800 1.074827
0.057000 1.072036
0.057200 1.069233
0.057400 1.066418
0.057600 1.063591
0.057800 1.060753
0.058000 1.057903
0.058200 1.055041
0.058400 1.052169
0.058600 1.049286
0.058800 1.046393
0.059000 1.043489
0.059200 1.040574
0.059400 1.037650
0.059600 1.034716
0.059800 1.031773
0.060000 1.028820
0.060200 1.025859
0.060400 1.022888
0.060600 1.019909
0.060800 1.016922
0.061000 1.013926
0.061200 1.010923
0.061400 1.007911
0.061600 1.004893
0.061800 1.001867
0.062000 0.998834
0.062200 0.995795
0.062400 0.992749
0.062600 0.989696
0.062800 0.986638
0.063000 0.983574
0.063200 0.980504
0.063400 0.977430
0.063600 0.974350
0.063800 0.971265
0.064000 0.968176
0.064200 0.965083
0.064400 0.961985
0.064600 0.958884
0.064800 0.955779
0.065000 0.952671
0.065200 0.949560
0.065400 0.946446
0.065600 0.943330
0.065800 0.940212
0.066000 0.937092
0.066200 0.933970
0.066400 0.930846
0.066600 0.927722
0.066800 0.924596
0.067000 0.921470
0.067200 0.918344
0.067400 0.915217
0.067600 0.912091
0.067800 0.908966
0.068000 0.905841
0.068200 0.902717
0.068400 0.899594
0.068600 0.896474
0.068800 0.893355
0.069000 0.890238
0.069200 0.887124
0.069400 0.884012
0.069600 0.880904
0.069800 0.877799
0.070000 0.874697
0.070200 0.871600
0.070400 0.868506
0.070600 0.865417
0.070800 0.862334
0.071000 0.859255
0.071200 0.856181
0.071400 0.853114
0.071600 0.850052
0.071800 0.846997
0.072000 0.843948
0.072200 0.840906
0.072400 0.837872
0.072600 0.834845
0.072800 0.831826
0.073000 0.828815
0.073200 0.825813
0.073400 0.822819
0.073600 0.819835
0.073800 0.816860
0.074000 0.813895
0.074200 0.810939
0.074400 0.807995
0.074600 0.805061
0.074800 0.802138
0.075000 0.799226
0.075200 0.796326
0.075400 0.793438
0.075600 0.790563
0.075800 0.787700
0.076000 0.784850
0.076200 0.782013
0.076400 0.779191
0.076600 0.776382
0.076800 0.773587
0.077000 0.770807
0.077200 0.768042
0.077400 0.765293
0.077600 0.762559
0.077800 0.759841
0.078000 0.757140
0.078200 0.754455
0.078400 0.751787
0.078600 0.749137
0.078800 0.746504
0.079000 0.743889
0.079200 0.741293
0.079400 0.738715
0.079600 0.736157
0.079800 0.733618
0.080000 0.731099
0.080200 0.728599
0.080400 0.726121
0.080600 0.723663
0.080800 0.721226
0.081000 0.718811
0.081200 0.716418
0.081400 0.714046
0.081600 0.711698
0.081800 0.709372
0.082000 0.707069
0.082200 0.704791
0.082400 0.702536
0.082600 0.700305
0.082800 0.698099
0.083000 0.695918
0.083200 0.693762
0.083400 0.691632
0.083600 0.689528
0.083800 0.687450
0.084000 0.685399
0.084200 0.683375
0.084400 0.681379
0.084600 0.679410
0.084800 0.677469
0.085000 0.675557
0.085200 0.673674
0.085400 0.671819
0.085600 0.669995
0.085800 0.668200
0.086000 0.666435
0.086200 0.664700
0.086400 0.662997
0.086600 0.661324
0.086800 0.659684
0.087000 0.658075
0.087200 0.656498
0.087400 0.654953
0.087600 0.653442
0.087800 0.651963
0.088000 0.650518
0.088200 0.649107
0.088400 0.647730
0.088600 0.646388
0.088800 0.645080
0.089000 0.643807
0.089200 0.642570
0.089400 0.641368
0.089600 0.640202
0.089800 0.639073
0.090000 0.637981
0.090200 0.636925
0.090400 0.635906
0.090600 0.634925
0.090800 0.633982
0.091000 0.633077
0.091200 0.632211
0.091400 0.631383
0.091600 0.630594
0.091800 0.629844
0.092000 0.629134
0.092200 0.628464
0.092400 0.627833
0.092600 0.627243
0.092800 0.626694
0.093000 0.626186
0.093200 0.625718
0.093400 0.625292
0.093600 0.624908
0.093800 0.624565
0.094000 0.624265
0.094200 0.624007
0.094400 0.623791
0.094600 0.623618
0.094800 0.623488
0.095000 0.623402
0.095200 0.623358
0.095400 0.623359
0.095600 0.623403
0.095800 0.623491
0.096000 0.623623
0.096200 0.623800
0.096400 0.624022
0.096600 0.624288
0.096800 0.624599
0.097000 0.624955
0.097200 0.625356
0.097400 0.625803
0.097600 0.626295
0.097800 0.626833
0.098000 0.627416
0.098200 0.628046
0.098400 0.628721
0.098600 0.629443
0.098800 0.630211
0.099000 0.631025
0.099200 0.631886
0.099400 0.632793
0.099600 0.633747
0.099800 0.634748
0.100000 0.635795
0.100200 0.636889
0.100400 0.638030
0.100600 0.639218
0.100800 0.640452
0.101000 0.641734
0.101200 0.643063
0.101400 0.644438
0.101600 0.645861
0.101800 0.647330
0.102000 0.648847
0.102200 0.650411
0.102400 0.652021
0.102600 0.653678
0.102800 0.655383
0.103000 0.657134
0.103200 0.658931
0.103400 0.660776
0.103600 0.662667
0.103800 0.664604
0.104000 0.666588
0.104200 0.668618
0.104400 0.670694
0.104600 0.672817
0.104800 0.674985
0.105000 0.677199
0.105200 0.679459
0.105400 0.681765
0.105600 0.684115
0.105800 0.686511
0.106000 0.688952
0.106200 0.691437
0.106400 0.693968
0.106600 0.696542
0.106800 0.699161
0.107000 0.701823
0.107200 0.704530
0.107400 0.707279
0.107600 0.710072
0.107800 0.712908
0.108000 0.715786
0.108200 0.718707
0.108400 0.721670
0.108600 0.724674
0.108800 0.727720
0.109000 0.730807
0.109200 0.733935
0.109400 0.737103
0.109600 0.740311
0.109800 0.743560
0.110000 0.746847
0.110200 0.750173
0.110400 0.753538
0.110600 0.756941
0.110800 0.760382
0.111000 0.763860
0.111200 0.767375
0.111400 0.770927
0.111600 0.774515
0.111800 0.778138
0.112000 0.781796
0.112200 0.785490
0.112400 0.789217
0.112600 0.792978
0.112800 0.796772
0.113000 0.800599
0.113200 0.804458
0.113400 0.808349
0.113600 0.812271
0.113800 0.816223
0.114000 0.820206
0.114200 0.824218
0.114400 0.828258
0.114600 0.832328
0.114800 0.836425
0.115000 0.840549
0.115200 0.844700
0.115400 0.848877
0.115600 0.853079
0.115800 0.857306
0.116000 0.861557
0.116200 0.865831
0.116400 0.870129
0.116600 0.874448
0.116800 0.878789
0.117000 0.883152
0.117200 0.887534
0.117400 0.891936
0.117600 0.896356
0.117800 0.900795
0.118000 0.905252
0.118200 0.909725
0.118400 0.914215
0.118600 0.918719
0.118800 0.923239
0.119000 0.927772
0.119200 0.932319
0.119400 0.936878
0.119600 0.941450
0.119800 0.946032
0.120000 0.950624
0.120200 0.955226
0.120400 0.959837
0.120600 0.964456
0.120800 0.969082
0.121000 0.973715
0.121200 0.978354
0.121400 0.982997
0.121600 0.987645
0.121800 0.992297
0.122000 0.996951
0.122200 1.001607
0.122400 1.006264
0.122600 1.010922
0.122800 1.015579
0.123000 1.020236
0.123200 1.024890
0.123400 1.029542
0.123600 1.034190
0.123800 1.038833
0.124000 1.043472
0.124200 1.048105
0.124400 1.052731
0.124600 1.057350
0.124800 1.061961
0.125000 1.066563
0.125200 1.071155
0.125400 1.075736
0.125600 1.080306
0.125800 1.084864
0.126000 1.089410
0.126200 1.093941
0.126400 1.098458
0.126600 1.102961
0.126800 1.107447
0.127000 1.111916
0.127200 1.116368
0.127400 1.120802
0.127600 1.125217
0.127800 1.129613
0.128000 1.133988
0.128200 1.138342
0.128400 1.142674
0.128600 1.146983
0.128800 1.151269
0.129000 1.155532
0.129200 1.159769
0.129400 1.163981
0.129600 1.168167
0.129800 1.172326
0.130000 1.176458
0.130200 1.180561
0.130400 1.184636
0.130600 1.188681
0.130800 1.192697
0.131000 1.196681
0.131200 1.200634
0.131400 1.204555
0.131600 1.208443
0.131800 1.212298
0.132000 1.216119
0.132200 1.219906
0.132400 1.223657
0.132600 1.227373
0.132800 1.231053
0.133000 1.234696
0.133200 1.238302
0.133400 1.241869
0.133600 1.245399
0.133800 1.248890
0.134000 1.252341
0.134200 1.255752
0.134400 1.259123
0.134600 1.262453
0.134800 1.265742
0.135000 1.268989
0.135200 1.272194
0.135400 1.275357
0.135600 1.278476
0.135800 1.281552
0.136000 1.284584
0.136200 1.287572
0.136400 1.290515
0.136600 1.293413
0.136800 1.296267
0.137000 1.299074
0.137200 1.301836
0.137400 1.304551
0.137600 1.307220
0.137800 1.309842
0.138000 1.312417
0.138200 1.314945
0.138400 1.317425
0.138600 1.319857
0.138800 1.322242
0.139000 1.324578
0.139200 1.326866
0.139400 1.329106
0.139600 1.331296
0.139800 1.333438
0.140000 1.335531
0.140200 1.337575
0.140400 1.339570
0.140600 1.341516
0.140800 1.343412
0.141000 1.345258
0.141200 1.347056
0.141400 1.348804
0.141600 1.350502
0.141800 1.352151
0.142000 1.353751
0.142200 1.355301
0.142400 1.356801
0.142600 1.358252
0.142800 1.359654
0.143000 1.361007
0.143200 1.362311
0.143400 1.363565
0.143600 1.364771
0.143800 1.365928
0.144000 1.367036
0.144200 1.368096
0.144400 1.369108
0.144600 1.370071
0.144800 1.370987
0.145000 1.371855
0.145200 1.372676
0.145400 1.373449
0.145600 1.374175
0.145800 1.374855
0.146000 1.375489
0.146200 1.376076
0.146400 1.376617
0.146600 1.377114
0.146800 1.377564
0.147000 1.377971
0.147200 1.378332
0.147400 1.378650
0.147600 1.378924
0.147800 1.379155
0.148000 1.379342
0.148200 1.379488
0.148400 1.379591
0.148600 1.379652
0.148800 1.379673
0.149000 1.379652
0.149200 1.379592
0.149400 1.379492
0.149600 1.379352
0.149800 1.379174
0.150000 1.378957
0.150200 1.378703
0.150400 1.378411
0.150600 1.378083
0.150800 1.377718
0.151000 1.377318
0.151200 1.376883
0.151400 1.376414
0.151600 1.375910
0.151800 1.375374
0.152000 1.374805
0.152200 1.374203
0.152400 1.373570
0.152600 1.372907
0.152800 1.372213
0.153000 1.371489
0.153200 1.370737
0.153400 1.369956
0.153600 1.369148
0.153800 1.368313
0.154000 1.367451
0.154200 1.366564
0.154400 1.365652
0.154600 1.364716
0.154800 1.363756
0.155000 1.362773
0.155200 1.361767
0.155400 1.360741
0.155600 1.359693
0.155800 1.358626
0.156000 1.357539
0.156200 1.356433
0.156400 1.355310
0.156600 1.354169
0.156800 1.353011
0.157000 1.351838
0.157200 1.350650
0.157400 1.349447
0.157600 1.348231
0.157800 1.347002
0.158000 1.345761
0.158200 1.344508
0.158400 1.343245
0.158600 1.341972
0.158800 1.340689
0.159000 1.339398
0.159200 1.338099
0.159400 1.336793
0.159600 1.335481
0.159800 1.334164
0.160000 1.332841
0.160200 1.331515
0.160400 1.330185
0.160600 1.328852
0.160800 1.327517
0.161000 1.326182
0.161200 1.324845
0.161400 1.323509
0.161600 1.322174
0.161800 1.320841
0.162000 1.319510
0.162200 1.318181
0.162400 1.316857
0.162600 1.315537
0.162800 1.314222
0.163000 1.312913
0.163200 1.311611
0.163400 1.310315
0.163600 1.309028
0.163800 1.307749
0.164000 1.306479
0.164200 1.305219
0.164400 1.303969
0.164600 1.302731
0.164800 1.301504
0.165000 1.300290
0.165200 1.299088
0.165400 1.297901
0.165600 1.296727
0.165800 1.295568
0.166000 1.294425
0.166200 1.293298
0.166400 1.292187
0.166600 1.291094
0.166800 1.290018
0.167000 1.288961
0.167200 1.287922
0.167400 1.286903
0.167600 1.285904
0.167800 1.284925
0.168000 1.283967
0.168200 1.283031
0.168400 1.282117
0.168600 1.281225
0.168800 1.280357
0.169000 1.279511
0.169200 1.278690
0.169400 1.277893
0.169600 1.277121
0.169800 1.276374
0.170000 1.275653
0.170200 1.274958
0.170400 1.274290
0.170600 1.273649
0.170800 1.273035
0.171000 1.272448
0.171200 1.271890
0.171400 1.271360
0.171600 1.270860
0.171800 1.270388
0.172000 1.269946
0.172200 1.269534
0.172400 1.269151
0.172600 1.268800
0.172800 1.268479
0.173000 1.268189
0.173200 1.267930
0.173400 1.267703
0.173600 1.267508
0.173800 1.267345
0.174000 1.267215
0.174200 1.267117
0.174400 1.267051
0.174600 1.267019
0.174800 1.267020
0.175000 1.267054
0.175200 1.267122
0.175400 1.267223
0.175600 1.267358
0.175800 1.267527
0.176000 1.267731
0.176200 1.267969
0.176400 1.268241
0.176600 1.268547
0.176800 1.268888
0.177000 1.269264
0.177200 1.269674
0.177400 1.270120
0.177600 1.270600
0.177800 1.271115
0.178000 1.271665
0.178200 1.272250
0.178400 1.272870
0.178600 1.273525
0.178800 1.274215
0.179000 1.274940
0.179200 1.275700
0.179400 1.276495
0.179600 1.277324
0.179800 1.278189
0.180000 1.279088
0.180200 1.280022
0.180400 1.280991
0.180600 1.281995
0.180800 1.283032
0.181000 1.284105
0.181200 1.285211
0.181400 1.286352
0.181600 1.287527
0.181800 1.288735
0.182000 1.289978
0.182200 1.291254
0.182400 1.292563
0.182600 1.293906
0.182800 1.295281
0.183000 1.296690
0.183200 1.298132
0.183400 1.299606
0.183600 1.301112
0.183800 1.302651
0.184000 1.304221
0.184200 1.305823
0.184400 1.307457
0.184600 1.309122
0.184800 1.310817
0.185000 1.312544
0.185200 1.314301
0.185400 1.316088
0.185600 1.317905
0.185800 1.319752
0.186000 1.321628
0.186200 1.323533
0.186400 1.325467
0.186600 1.327429
0.186800 1.329420
0.187000 1.331438
0.187200 1.333484
0.187400 1.335557
0.187600 1.337657
0.187800 1.339784
0.188000 1.341937
0.188200 1.344115
0.188400 1.346320
0.188600 1.348549
0.188800 1.350803
0.189000 1.353082
0.189200 1.355385
0.189400 1.357711
0.189600 1.360061
0.189800 1.362434
0.190000 1.364829
0.190200 1.367246
0.190400 1.369686
0.190600 1.372146
0.190800 1.374628
0.191000 1.377131
0.191200 1.379653
0.191400 1.382196
0.191600 1.384757
0.191800 1.387338
0.192000 1.389938
0.192200 1.392555
0.192400 1.395190
0.192600 1.397843
0.192800 1.400513
0.193000 1.403199
0.193200 1.405901
0.193400 1.408618
0.193600 1.411351
0.193800 1.414099
0.194000 1.416860
0.194200 1.419636
0.194400 1.422425
0.194600 1.425228
0.194800 1.428042
0.195000 1.430869
0.195200 1.433708
0.195400 1.436558
0.195600 1.439418
0.195800 1.442289
0.196000 1.445170
0.196200 1.448060
0.196400 1.450960
0.196600 1.453867
0.196800 1.456783
0.197000 1.459707
0.197200 1.462638
0.197400 1.465575
0.197600 1.468519
0.197800 1.471469
0.198000 1.474424
0.198200 1.477384
0.198400 1.480349
0.198600 1.483318
0.198800 1.486290
0.199000 1.489266
0.199200 1.492244
0.199400 1.495224
0.199600 1.498207
0.199800 1.501191
0.200000 1.504175
0.200200 1.507161
0.200400 1.510146
0.200600 1.513131
0.200800 1.516115
0.201000 1.519098
0.201200 1.522080
0.201400 1.525059
0.201600 1.528036
0.201800 1.531010
0.202000 1.533980
0.202200 1.536947
0.202400 1.539909
0.202600 1.542867
0.202800 1.545819
0.203000 1.548766
0.203200 1.551707
0.203400 1.554642
0.203600 1.557570
0.203800 1.560491
0.204000 1.563404
0.204200 1.566309
0.204400 1.569206
0.204600 1.572094
0.204800 1.574973
0.205000 1.577842
0.205200 1.580702
0.205400 1.583551
0.205600 1.586389
0.205800 1.589216
0.206000 1.592031
0.206200 1.594834
0.206400 1.597625
0.206600 1.600404
0.206800 1.603169
0.207000 1.605921
0.207200 1.608659
0.207400 1.611383
0.207600 1.614092
0.207800 1.616786
0.208000 1.619465
0.208200 1.622129
0.208400 1.624776
0.208600 1.627407
0.208800 1.630022
0.209000 1.632619
0.209200 1.635199
0.209400 1.637761
0.209600 1.640305
0.209800 1.642831
0.210000 1.645338
0.210200 1.647826
0.210400 1.650295
0.210600 1.652744
0.210800 1.655173
0.211000 1.657581
0.211200 1.659969
0.211400 1.662336
0.211600 1.664682
0.211800 1.667007
0.212000 1.669309
0.212200 1.671589
0.212400 1.673847
0.212600 1.676082
0.212800 1.678294
0.213000 1.680483
0.213200 1.682648
0.213400 1.684790
0.213600 1.686907
0.213800 1.689000
0.214000 1.691068
0.214200 1.693112
0.214400 1.695130
0.214600 1.697123
0.214800 1.699090
0.215000 1.701031
0.215200 1.702946
0.215400 1.704835
0.215600 1.706697
0.215800 1.708532
0.216000 1.710340
0.216200 1.712121
0.216400 1.713874
0.216600 1.715600
0.216800 1.717297
0.217000 1.718966
0.217200 1.720607
0.217400 1.722219
0.217600 1.723803
0.217800 1.725357
0.218000 1.726882
0.218200 1.728378
0.218400 1.729844
0.218600 1.731280
0.218800 1.732686
0.219000 1.734062
0.219200 1.735408
0.219400 1.736724
0.219600 1.738008
0.219800 1.739262
0.220000 1.740485
0.220200 1.741676
0.220400 1.742836
0.220600 1.743965
0.220800 1.745062
0.221000 1.746128
0.221200 1.747161
0.221400 1.748163
0.221600 1.749132
0.221800 1.750069
0.222000 1.750973
0.222200 1.751845
0.222400 1.752684
0.222600 1.753491
0.222800 1.754264
0.223000 1.755004
0.223200 1.755712
0.223400 1.756386
0.223600 1.757026
0.223800 1.757633
0.224000 1.758207
0.224200 1.758747
0.224400 1.759253
0.224600 1.759725
0.224800 1.760164
0.225000 1.760568
0.225200 1.760938
0.225400 1.761274
0.225600 1.761576
0.225800 1.761844
0.226000 1.762077
0.226200 1.762276
0.226400 1.762440
0.226600 1.762570
0.226800 1.762666
0.227000 1.762726
0.227200 1.762752
0.227400 1.762743
0.227600 1.762700
0.227800 1.762622
0.228000 1.762508
0.228200 1.762360
0.228400 1.762177
0.228600 1.761960
0.228800 1.761707
0.229000 1.761419
0.229200 1.761096
0.229400 1.760739
0.229600 1.760346
0.229800 1.759918
0.230000 1.759455
0.230200 1.758958
0.230400 1.758425
0.230600 1.757857
0.230800 1.757254
0.231000 1.756617
0.231200 1.755944
0.231400 1.755236
0.231600 1.754494
0.231800 1.753716
0.232000 1.752903
0.232200 1.752056
0.232400 1.751174
0.232600 1.750257
0.232800 1.749305
0.233000 1.748319
0.233200 1.747297
0.233400 1.746241
0.233600 1.745151
0.233800 1.744026
0.234000 1.742866
0.234200 1.741672
0.234400 1.740444
0.234600 1.739181
0.234800 1.737884
0.235000 1.736553
0.235200 1.735187
0.235400 1.733788
0.235600 1.732354
0.235800 1.730887
0.236000 1.729385
0.236200 1.727850
0.236400 1.726281
0.236600 1.724679
0.236800 1.723043
0.237000 1.721374
0.237200 1.719671
0.237400 1.717935
0.237600 1.716166
0.237800 1.714363
0.238000 1.712528
0.238200 1.710660
0.238400 1.708759
0.238600 1.706826
0.238800 1.704860
0.239000 1.702861
0.239200 1.700831
0.239400 1.698768
0.239600 1.696673
0.239800 1.694546
0.240000 1.692387
0.240200 1.690197
0.240400 1.687975
0.240600 1.685721
0.240800 1.683436
0.241000 1.681120
0.241200 1.678773
0.241400 1.676396
0.241600 1.673987
0.241800 1.671548
0.242000 1.669078
0.242200 1.666578
0.242400 1.664048
0.242600 1.661488
0.242800 1.658898
0.243000 1.656278
0.243200 1.653629
0.243400 1.650950
0.243600 1.648242
0.243800 1.645505
0.244000 1.642739
0.244200 1.639945
0.244400 1.637122
0.244600 1.634270
0.244800 1.631391
0.245000 1.628483
0.245200 1.625548
0.245400 1.622584
0.245600 1.619594
0.245800 1.616576
0.246000 1.613531
0.246200 1.610459
0.246400 1.607360
0.246600 1.604235
0.246800 1.601084
0.247000 1.597906
0.247200 1.594702
0.247400 1.591473
0.247600 1.588218
0.247800 1.584938
0.248000 1.581633
0.248200 1.578302
0.248400 1.574948
0.248600 1.571568
0.248800 1.568164
0.249000 1.564737
0.249200 1.561285
0.249400 1.557810
0.249600 1.554311
0.249800 1.550790
0.250000 1.547245
0.250200 1.543678
0.250400 1.540088
0.250600 1.536476
0.250800 1.532841
0.251000 1.529186
0.251200 1.525508
0.251400 1.521809
0.251600 1.518090
0.251800 1.514349
0.252000 1.510588
0.252200 1.506806
0.252400 1.503005
0.252600 1.499183
0.252800 1.495343
0.253000 1.491482
0.253200 1.487603
0.253400 1.483705
0.253600 1.479789
0.253800 1.475854
0.254000 1.471901
0.254200 1.467931
0.254400 1.463943
0.254600 1.459938
0.254800 1.455916
0.255000 1.451878
0.255200 1.447823
0.255400 1.443752
0.255600 1.439665
0.255800 1.435563
0.256000 1.431446
0.256200 1.427314
0.256400 1.423168
0.256600 1.419007
0.256800 1.414832
0.257000 1.410644
0.257200 1.406442
0.257400 1.402227
0.257600 1.397999
0.257800 1.393759
0.258000 1.389507
0.258200 1.385243
0.258400 1.380968
0.258600 1.376681
0.258800 1.372384
0.259000 1.368076
0.259200 1.363759
0.259400 1.359431
0.259600 1.355094
0.259800 1.350748
0.260000 1.346393
0.260200 1.342029
0.260400 1.337658
0.260600 1.333279
0.260800 1.328892
0.261000 1.324499
0.261200 1.320099
0.261400 1.315693
0.261600 1.311280
0.261800 1.306863
0.262000 1.302440
0.262200 1.298013
0.262400 1.293581
0.262600 1.289145
0.262800 1.284706
0.263000 1.280264
0.263200 1.275819
0.263400 1.271371
0.263600 1.266922
0.263800 1.262471
0.264000 1.258019
0.264200 1.253567
0.264400 1.249114
0.264600 1.244662
0.264800 1.240210
0.265000 1.235759
0.265200 1.231310
0.265400 1.226863
0.265600 1.222418
0.265800 1.217976
0.266000 1.213537
0.266200 1.209103
0.266400 1.204673
0.266600 1.200247
0.266800 1.195827
0.267000 1.191412
0.267200 1.187004
0.267400 1.182603
0.267600 1.178209
0.267800 1.173822
0.268000 1.169444
0.268200 1.165075
0.268400 1.160715
0.268600 1.156366
0.268800 1.152026
0.269000 1.147698
0.269200 1.143381
0.269400 1.139076
0.269600 1.134783
0.269800 1.130504
0.270000 1.126239
0.270200 1.121988
0.270400 1.117752
0.270600 1.113532
0.270800 1.109328
0.271000 1.105140
0.271200 1.100970
0.271400 1.096818
0.271600 1.092684
0.271800 1.088570
0.272000 1.084475
0.272200 1.080401
0.272400 1.076348
0.272600 1.072317
0.272800 1.068308
0.273000 1.064323
0.273200 1.060361
0.273400 1.056424
0.273600 1.052512
0.273800 1.048625
0.274000 1.044766
0.274200 1.040933
0.274400 1.037129
0.274600 1.033353
0.274800 1.029607
0.275000 1.025891
0.275200 1.022206
0.275400 1.018552
0.275600 1.014931
0.275800 1.011343
0.276000 1.007789
0.276200 1.004270
0.276400 1.000786
0.276600 0.997339
0.276800 0.993928
0.277000 0.990556
0.277200 0.987222
0.277400 0.983928
0.277600 0.980674
0.277800 0.977461
0.278000 0.974290
0.278200 0.971162
0.278400 0.968077
0.278600 0.965037
0.278800 0.962043
0.279000 0.959094
0.279200 0.956193
0.279400 0.953340
0.279600 0.950535
0.279800 0.947781
0.280000 0.945077
0.280200 0.942424
0.280400 0.939824
0.280600 0.937277
0.280800 0.934784
0.281000 0.932347
0.281200 0.929966
0.281400 0.927641
0.281600 0.925375
0.281800 0.923167
0.282000 0.921019
0.282200 0.918932
0.282400 0.916907
0.282600 0.914944
0.282800 0.913045
0.283000 0.911210
0.283200 0.909441
0.283400 0.907739
0.283600 0.906103
0.283800 0.904536
0.284000 0.903039
0.284200 0.901611
0.284400 0.900255
0.284600 0.898971
0.284800 0.897761
0.285000 0.896624
0.285200 0.895563
0.285400 0.894577
0.285600 0.893669
0.285800 0.892839
0.286000 0.892088
0.286200 0.891417
0.286400 0.890826
0.286600 0.890318
0.286800 0.889893
0.287000 0.889551
0.287200 0.889294
0.287400 0.889123
0.287600 0.889038
0.287800 0.889041
0.288000 0.889133
0.288200 0.889314
0.288400 0.889585
0.288600 0.889948
0.288800 0.890403
0.289000 0.890951
0.289200 0.891593
0.289400 0.892330
0.289600 0.893163
0.289800 0.894093
0.290000 0.895120
0.290200 0.896245
0.290400 0.897470
0.290600 0.898795
0.290800 0.900220
0.291000 0.901748
0.291200 0.903378
0.291400 0.905111
0.291600 0.906948
0.291800 0.908891
0.292000 0.910938
0.292200 0.913093
0.292400 0.915354
0.292600 0.917723
0.292800 0.920200
0.293000 0.922787
0.293200 0.925483
0.293400 0.928290
0.293600 0.931208
0.293800 0.934238
0.294000 0.937379
0.294200 0.940634
0.294400 0.944002
0.294600 0.947483
0.294800 0.951080
0.295000 0.954790
0.295200 0.958617
0.295400 0.962559
0.295600 0.966617
0.295800 0.970791
0.296000 0.975083
0.296200 0.979491
0.296400 0.984017
0.296600 0.988661
0.296800 0.993423
0.297000 0.998304
0.297200 1.003303
0.297400 1.008420
0.297600 1.013656
0.297800 1.019012
0.298000 1.024486
0.298200 1.030079
0.298400 1.035791
0.298600 1.041623
0.298800 1.047573
0.299000 1.053643
0.299200 1.059831
0.299400 1.066138
0.299600 1.072564
0.299800 1.079108
0.300000 1.085770
0.300200 1.092550
0.300400 1.099447
0.300600 1.106462
0.300800 1.113593
0.301000 1.120841
0.301200 1.128204
0.301400 1.135683
0.301600 1.143277
0.301800 1.150985
0.302000 1.158807
0.302200 1.166742
0.302400 1.174789
0.302600 1.182948
0.302800 1.191217
0.303000 1.199597
0.303200 1.208086
0.303400 1.216683
0.303600 1.225388
0.303800 1.234198
0.304000 1.243115
0.304200 1.252135
0.304400 1.261259
0.304600 1.270485
0.304800 1.279811
0.305000 1.289238
0.305200 1.298763
0.305400 1.308385
0.305600 1.318102
0.305800 1.327914
0.306000 1.337819
0.306200 1.347815
0.306400 1.357902
0.306600 1.368076
0.306800 1.378338
0.307000 1.388684
0.307200 1.399114
0.307400 1.409626
0.307600 1.420217
0.307800 1.430887
0.308000 1.441633
0.308200 1.452453
0.308400 1.463346
0.308600 1.474309
0.308800 1.485341
0.309000 1.496439
0.309200 1.507601
0.309400 1.518825
0.309600 1.530110
0.309800 1.541452
0.310000 1.552849
0.310200 1.564300
0.310400 1.575802
0.310600 1.587352
0.310800 1.598948
0.311000 1.610589
0.311200 1.622270
0.311400 1.633990
0.311600 1.645746
0.311800 1.657536
0.312000 1.669357
0.312200 1.681206
0.312400 1.693081
0.312600 1.704979
0.312800 1.716897
0.313000 1.728833
0.313200 1.740784
0.313400 1.752746
0.313600 1.764718
0.313800 1.776696
0.314000 1.788677
0.314200 1.800659
0.314400 1.812639
0.314600 1.824613
0.314800 1.836579
0.315000 1.848533
0.315200 1.860474
0.315400 1.872397
0.315600 1.884300
0.315800 1.896179
0.316000 1.908033
0.316200 1.919857
0.316400 1.931649
0.316600 1.943405
0.316800 1.955123
0.317000 1.966800
0.317200 1.978433
0.317400 1.990019
0.317600 2.001554
0.317800 2.013037
0.318000 2.024464
0.318200 2.035832
0.318400 2.047139
0.318600 2.058383
0.318800 2.069560
0.319000 2.080668
0.319200 2.091705
0.319400 2.102669
0.319600 2.113558
0.319800 2.124369
0.320000 2.135102
0.320200 2.145754
0.320400 2.156325
0.320600 2.166813
0.320800 2.177219
0.321000 2.187541
0.321200 2.197780
0.321400 2.207936
0.321600 2.218011
0.321800 2.228005
0.322000 2.237922
0.322200 2.247764
0.322400 2.257535
0.322600 2.267238
0.322800 2.276880
0.323000 2.286466
0.323200 2.296003
0.323400 2.305501
0.323600 2.314968
0.323800 2.324417
0.324000 2.333859
0.324200 2.343308
0.324400 2.352781
0.324600 2.362295
0.324800 2.371871
0.325000 2.381530
0.325200 2.391298
0.325400 2.401200
0.325600 2.411266
0.325800 2.421530
0.326000 2.432027
0.326200 2.442795
0.326400 2.453877
0.326600 2.465319
0.326800 2.477170
0.327000 2.489484
0.327200 2.502318
0.327400 2.515735
0.327600 2.529801
0.327800 2.544586
0.328000 2.560167
0.328200 2.576624
0.328400 2.594042
0.328600 2.612511
0.328800 2.632128
0.329000 2.652991
0.329200 2.675207
0.329400 2.698886
0.329600 2.724143
0.329800 2.751098
0.330000 2.779875
0.330200 2.810602
0.330400 2.843413
0.330600 2.878444
0.330800 2.915835
0.331000 2.955727
0.331200 2.998267
0.331400 3.043599
0.331600 3.091872
0.331800 3.143234
0.332000 3.197832
0.332200 3.255812
0.332400 3.317320
0.332600 3.382495
0.332800 3.451476
0.333000 3.524393
0.333200 3.601373
0.333400 3.682534
0.333600 3.767984
0.333800 3.857825
0.334000 3.952143
0.334200 4.051016
0.334400 4.154506
0.334600 4.262659
0.334800 4.375507
0.335000 4.493064
0.335200 4.615323
0.335400 4.742261
0.335600 4.873830
0.335800 5.009963
0.336000 5.150568
0.336200 5.295530
0.336400 5.444709
0.336600 5.597941
0.336800 5.755034
0.337000 5.915772
0.337200 6.079911
0.337400 6.247183
0.337600 6.417291
0.337800 6.589914
0.338000 6.764705
0.338200 6.941293
0.338400 7.119282
0.338600 7.298254
0.338800 7.477771
0.339000 7.657372
0.339200 7.836580
0.339400 8.014902
0.339600 8.191828
0.339800 8.366838
0.340000 8.539402
0.340200 8.708981
0.340400 8.875033
0.340600 9.037013
0.340800 9.194375
0.341000 9.346581
0.341200 9.493094
0.341400 9.633391
0.341600 9.766959
0.341800 9.893300
0.342000 10.011935
0.342200 10.122407
0.342400 10.224280
0.342600 10.317146
0.342800 10.400628
0.343000 10.474376
0.343200 10.538076
0.343400 10.591449
0.343600 10.634254
0.343800 10.666286
0.344000 10.687384
0.344200 10.697424
0.344400 10.696326
0.344600 10.684054
0.344800 10.660611
0.345000 10.626046
0.345200 10.580448
0.345400 10.523949
0.345600 10.456722
0.345800 10.378980
0.346000 10.290974
0.346200 10.192992
0.346400 10.085357
0.346600 9.968427
0.346800 9.842589
0.347000 9.708258
0.347200 9.565879
0.347400 9.415916
0.347600 9.258855
0.347800 9.095202
0.348000 8.925476
0.348200 8.750208
0.348400 8.569938
0.348600 8.385214
0.348800 8.196584
0.349000 8.004600
0.349200 7.809808
0.349400 7.612752
0.349600 7.413966
0.349800 7.213974
0.350000 7.013290
0.350200 6.812410
0.350400 6.611815
0.350600 6.411967
0.350800 6.213310
0.351000 6.016262
0.351200 5.821222
0.351400 5.628564
0.351600 5.438636
0.351800 5.251762
0.352000 5.068240
0.352200 4.888341
0.352400 4.712309
0.352600 4.540363
0.352800 4.372695
0.353000 4.209473
0.353200 4.050837
0.353400 3.896904
0.353600 3.747766
0.353800 3.603494
0.354000 3.464136
0.354200 3.329717
0.354400 3.200246
0.354600 3.075710
0.354800 2.956079
0.355000 2.841309
0.355200 2.731338
0.355400 2.626093
0.355600 2.525487
0.355800 2.429422
0.356000 2.337791
0.356200 2.250477
0.356400 2.167357
0.356600 2.088301
0.356800 2.013174
0.357000 1.941837
0.357200 1.874148
0.357400 1.809963
0.357600 1.749135
0.357800 1.691520
0.358000 1.636972
0.358200 1.585346
0.358400 1.536499
0.358600 1.490292
0.358800 1.446586
0.359000 1.405247
0.359200 1.366144
0.359400 1.329151
0.359600 1.294145
0.359800 1.261008
0.360000 1.229626
0.360200 1.199891
0.360400 1.171699
0.360600 1.144950
0.360800 1.119552
0.361000 1.095415
0.361200 1.072455
0.361400 1.050593
0.361600 1.029754
0.361800 1.009868
0.362000 0.990870
0.362200 0.972699
0.362400 0.955297
0.362600 0.938613
0.362800 0.922597
0.363000 0.907204
0.363200 0.892391
0.363400 0.878121
0.363600 0.864359
0.363800 0.851071
0.364000 0.838228
0.364200 0.825804
0.364400 0.813774
0.364600 0.802115
0.364800 0.790808
0.365000 0.779835
0.365200 0.769179
0.365400 0.758826
0.365600 0.748763
0.365800 0.738978
0.366000 0.729461
0.366200 0.720203
0.366400 0.711196
0.366600 0.702434
0.366800 0.693909
0.367000 0.685617
0.367200 0.677554
0.367400 0.669715
0.367600 0.662098
0.367800 0.654699
0.368000 0.647516
0.368200 0.640549
0.368400 0.633795
0.368600 0.627253
0.368800 0.620923
0.369000 0.614803
0.369200 0.608895
0.369400 0.603197
0.369600 0.597709
0.369800 0.592433
0.370000 0.587368
0.370200 0.582514
0.370400 0.577872
0.370600 0.573443
0.370800 0.569227
0.371000 0.565224
0.371200 0.561436
0.371400 0.557862
0.371600 0.554504
0.371800 0.551362
0.372000 0.548436
0.372200 0.545727
0.372400 0.543236
0.372600 0.540962
0.372800 0.538906
0.373000 0.537068
0.373200 0.535449
0.373400 0.534048
0.373600 0.532866
0.373800 0.531902
0.374000 0.531156
0.374200 0.530628
0.374400 0.530318
0.374600 0.530224
0.374800 0.530347
0.375000 0.530686
0.375200 0.531240
0.375400 0.532007
0.375600 0.532988
0.375800 0.534180
0.376000 0.535583
0.376200 0.537194
0.376400 0.539013
0.376600 0.541038
0.376800 0.543267
0.377000 0.545697
0.377200 0.548327
0.377400 0.551155
0.377600 0.554178
0.377800 0.557393
0.378000 0.560799
0.378200 0.564391
0.378400 0.568168
0.378600 0.572125
0.378800 0.576260
0.379000 0.580570
0.379200 0.585050
0.379400 0.589698
0.379600 0.594508
0.379800 0.599478
0.380000 0.604603
0.380200 0.609878
0.380400 0.615300
0.380600 0.620864
0.380800 0.626565
0.381000 0.632398
0.381200 0.638358
0.381400 0.644440
0.381600 0.650639
0.381800 0.656950
0.382000 0.663366
0.382200 0.669883
0.382400 0.676494
0.382600 0.683194
0.382800 0.689977
0.383000 0.696836
0.383200 0.703766
0.383400 0.710760
0.383600 0.717811
0.383800 0.724914
0.384000 0.732061
0.384200 0.739247
0.384400 0.746463
0.384600 0.753705
0.384800 0.760964
0.385000 0.768233
0.385200 0.775507
0.385400 0.782777
0.385600 0.790037
0.385800 0.797280
0.386000 0.804498
0.386200 0.811685
0.386400 0.818833
0.386600 0.825935
0.386800 0.832984
0.387000 0.839973
0.387200 0.846895
0.387400 0.853743
0.387600 0.860510
0.387800 0.867188
0.388000 0.873772
0.388200 0.880253
0.388400 0.886625
0.388600 0.892882
0.388800 0.899016
0.389000 0.905021
0.389200 0.910891
0.389400 0.916620
0.389600 0.922200
0.389800 0.927625
0.390000 0.932891
0.390200 0.937990
0.390400 0.942918
0.390600 0.947667
0.390800 0.952234
0.391000 0.956612
0.391200 0.960797
0.391400 0.964783
0.391600 0.968565
0.391800 0.972140
0.392000 0.975502
0.392200 0.978648
0.392400 0.981573
0.392600 0.984273
0.392800 0.986745
0.393000 0.988985
0.393200 0.990990
0.393400 0.992758
0.393600 0.994285
0.393800 0.995568
0.394000 0.996606
0.394200 0.997397
0.394400 0.997938
0.394600 0.998227
0.394800 0.998265
0.395000 0.998048
0.395200 0.997578
0.395400 0.996852
0.395600 0.995870
0.395800 0.994632
0.396000 0.993139
0.396200 0.991390
0.396400 0.989387
0.396600 0.987129
0.396800 0.984617
0.397000 0.981854
0.397200 0.978841
0.397400 0.975578
0.397600 0.972069
0.397800 0.968315
0.398000 0.964318
0.398200 0.960082
0.398400 0.955608
0.398600 0.950901
0.398800 0.945962
0.399000 0.940796
0.399200 0.935406
0.399400 0.929796
0.399600 0.923969
0.399800 0.917930
0.400000 0.911684
0.400200 0.905234
0.400400 0.898585
0.400600 0.891742
0.400800 0.884709
0.401000 0.877493
0.401200 0.870097
0.401400 0.862528
0.401600 0.854790
0.401800 0.846889
0.402000 0.838831
0.402200 0.830622
0.402400 0.822266
0.402600 0.813770
0.402800 0.805141
0.403000 0.796383
0.403200 0.787503
0.403400 0.778507
0.403600 0.769400
0.403800 0.760191
0.404000 0.750883
0.404200 0.741484
0.404400 0.732000
0.404600 0.722436
0.404800 0.712800
0.405000 0.703097
0.405200 0.693334
0.405400 0.683516
0.405600 0.673650
0.405800 0.663741
0.406000 0.653796
0.406200 0.643821
0.406400 0.633822
0.406600 0.623804
0.406800 0.613773
0.407000 0.603735
0.407200 0.593695
0.407400 0.583660
0.407600 0.573634
0.407800 0.563623
0.408000 0.553631
0.408200 0.543665
0.408400 0.533729
0.408600 0.523829
0.408800 0.513968
0.409000 0.504151
0.409200 0.494384
0.409400 0.484670
0.409600 0.475014
0.409800 0.465420
0.410000 0.455892
0.410200 0.446434
0.410400 0.437050
0.410600 0.427743
0.410800 0.418517
0.411000 0.409376
0.411200 0.400321
0.411400 0.391357
0.411600 0.382487
0.411800 0.373712
0.412000 0.365037
0.412200 0.356463
0.412400 0.347992
0.412600 0.339628
0.412800 0.331371
0.413000 0.323225
0.413200 0.315190
0.413400 0.307269
0.413600 0.299462
0.413800 0.291772
0.414000 0.284200
0.414200 0.276746
0.414400 0.269412
0.414600 0.262199
0.414800 0.255107
0.415000 0.248137
0.415200 0.241290
0.415400 0.234566
0.415600 0.227965
0.415800 0.221487
0.416000 0.215134
0.416200 0.208903
0.416400 0.202796
0.416600 0.196813
0.416800 0.190952
0.417000 0.185213
0.417200 0.179597
0.417400 0.174102
0.417600 0.168727
0.417800 0.163473
0.418000 0.158337
0.418200 0.153320
0.418400 0.148420
0.418600 0.143636
0.418800 0.138967
0.419000 0.134413
0.419200 0.129971
0.419400 0.125640
0.419600 0.121420
0.419800 0.117308
0.420000 0.113304
0.420200 0.109405
0.420400 0.105611
0.420600 0.101920
0.420800 0.098330
0.421000 0.094841
0.421200 0.091449
0.421400 0.088153
0.421600 0.084953
0.421800 0.081846
0.422000 0.078830
0.422200 0.075904
0.422400 0.073066
0.422600 0.070314
0.422800 0.067647
0.423000 0.065063
0.423200 0.062560
0.423400 0.060137
0.423600 0.057791
0.423800 0.055521
0.424000 0.053325
0.424200 0.051202
0.424400 0.049149
0.424600 0.047165
0.424800 0.045249
0.425000 0.043399
0.425200 0.041612
0.425400 0.039888
0.425600 0.038224
0.425800 0.036620
0.426000 0.035073
0.426200 0.033582
0.426400 0.032146
0.426600 0.030762
0.426800 0.029429
0.427000 0.028147
0.427200 0.026912
0.427400 0.025725
0.427600 0.024583
0.427800 0.023486
0.428000 0.022431
0.428200 0.021417
0.428400 0.020444
0.428600 0.019509
0.428800 0.018612
0.429000 0.017751
0.429200 0.016925
0.429400 0.016133
0.429600 0.015374
0.429800 0.014647
0.430000 0.013950
0.430200 0.013282
0.430400 0.012643
0.430600 0.012031
0.430800 0.011446
0.431000 0.010886
0.431200 0.010351
0.431400 0.009839
0.431600 0.009350
0.431800 0.008883
0.432000 0.008437
0.432200 0.008011
0.432400 0.007605
0.432600 0.007217
0.432800 0.006847
0.433000 0.006494
0.433200 0.006157
0.433400 0.005837
0.433600 0.005532
0.433800 0.005241
0.434000 0.004964
0.434200 0.004700
0.434400 0.004449
0.434600 0.004211
0.434800 0.003984
0.435000 0.003768
0.435200 0.003563
0.435400 0.003369
0.435600 0.003184
0.435800 0.003008
0.436000 0.002842
0.436200 0.002683
0.436400 0.002533
0.436600 0.002391
0.436800 0.002256
0.437000 0.002128
0.437200 0.002007
0.437400 0.001892
0.437600 0.001784
0.437800 0.001681
0.438000 0.001584
0.438200 0.001492
0.438400 0.001404
0.438600 0.001322
0.438800 0.001244
0.439000 0.001171
0.439200 0.001101
0.439400 0.001036
0.439600 0.000974
0.439800 0.000915
0.440000 0.000860
0.440200 0.000808
0.440400 0.000759
0.440600 0.000712
0.440800 0.000669
0.441000 0.000628
0.441200 0.000589
0.441400 0.000553
0.441600 0.000518
0.441800 0.000486
0.442000 0.000456
0.442200 0.000427
0.442400 0.000400
0.442600 0.000375
0.442800 0.000351
0.443000 0.000329
0.443200 0.000308
0.443400 0.000288
0.443600 0.000270
0.443800 0.000252
0.444000 0.000236
0.444200 0.000221
0.444400 0.000207
0.444600 0.000193
0.444800 0.000181
0.445000 0.000169
0.445200 0.000158
0.445400 0.000147
0.445600 0.000138
0.445800 0.000129
0.446000 0.000120
0.446200 0.000112
0.446400 0.000105
0.446600 0.000098
0.446800 0.000091
0.447000 0.000085
0.447200 0.000080
0.447400 0.000074
0.447600 0.000069
0.447800 0.000065
0.448000 0.000061
0.448200 0.000056
0.448400 0.000053
0.448600 0.000049
0.448800 0.000046
0.449000 0.000043
0.449200 0.000040
0.449400 0.000037
0.449600 0.000035
0.449800 0.000033
0.450000 0.000030
0.450200 0.000028
0.450400 0.000027
0.450600 0.000025
0.450800 0.000023
0.451000 0.000022
0.451200 0.000020
0.451400 0.000019
0.451600 0.000018
0.451800 0.000017
0.452000 0.000016
0.452200 0.000015
0.452400 0.000014
0.452600 0.000013
0.452800 0.000012
0.453000 0.000011
0.453200 0.000011
0.453400 0.000010
0.453600 0.000009
0.453800 0.000009
0.454000 0.000008
0.454200 0.000008
0.454400 0.000007
0.454600 0.000007
0.454800 0.000007
0.455000 0.000006
0.455200 0.000006
0.455400 0.000006
0.455600 0.000005
0.455800 0.000005
0.456000 0.000005
0.456200 0.000005
0.456400 0.000004
0.456600 0.000004
0.456800 0.000004
0.457000 0.000004
0.457200 0.000004
0.457400 0.000003
0.457600 0.000003
0.457800 0.000003
0.458000 0.000003
0.458200 0.000003
0.458400 0.000003
0.458600 0.000003
0.458800 0.000002
0.459000 0.000002
0.459200 0.000002
0.459400 0.000002
0.459600 0.000002
0.459800 0.000002
0.460000 0.000002
0.460200 0.000002
0.460400 0.000002
0.460600 0.000002
0.460800 0.000002
0.461000 0.000002
0.461200 0.000002
0.461400 0.000002
0.461600 0.000001
0.461800 0.000001
0.462000 0.000001
0.462200 0.000001
0.462400 0.000001
0.462600 0.000001
0.462800 0.000001
0.463000 0.000001
0.463200 0.000001
0.463400 0.000001
0.463600 0.000001
0.463800 0.000001
0.464000 0.000001
0.464200 0.000001
0.464400 0.000001
0.464600 0.000001
0.464800 0.000001
0.465000 0.000001
0.465200 0.000001
0.465400 0.000001
0.465600 0.000001
0.465800 0.000001
0.466000 0.000001
0.466200 0.000001
0.466400 0.000001
0.466600 0.000001
0.466800 0.000001
0.467000 0.000001
0.467200 0.000001
0.467400 0.000001
0.467600 0.000001
0.467800 0.000001
0.468000 0.000001
0.468200 0.000001
0.468400 0.000001
0.468600 0.000001
0.468800 0.000001
0.469000 0.000001
0.469200 0.000001
0.469400 0.000001
0.469600 0.000000
0.469800 0.000000
0.470000 0.000000
0.470200 0.000000
0.470400 0.000000
0.470600 0.000000
0.470800 0.000000
0.471000 0.000000
0.471200 0.000000
0.471400 0.000000
0.471600 0.000000
0.471800 0.000000
0.472000 0.000000
0.472200 0.000000
0.472400 0.000000
0.472600 0.000000
0.472800 0.000000
0.473000 0.000000
0.473200 0.000000
0.473400 0.000000
0.473600 0.000000
0.473800 0.000000
0.474000 0.000000
0.474200 0.000000
0.474400 0.000000
0.474600 0.000000
0.474800 0.000000
0.475000 0.000000
0.475200 0.000000
0.475400 0.000000
0.475600 0.000000
0.475800 0.000000
0.476000 0.000000
0.476200 0.000000
0.476400 0.000000
0.476600 0.000000
0.476800 0.000000
0.477000 0.000000
0.477200 0.000000
0.477400 0.000000
0.477600 0.000000
0.477800 0.000000
0.478000 0.000000
0.478200 0.000000
0.478400 0.000000
0.478600 0.000000
0.478800 0.000000
0.479000 0.000000
0.479200 0.000000
0.479400 0.000000
0.479600 0.000000
0.479800 0.000000
0.480000 0.000000
0.480200 0.000000
0.480400 0.000000
0.480600 0.000000
0.480800 0.000000
0.481000 0.000000
0.481200 0.000000
0.481400 0.000000
0.481600 0.000000
0.481800 0.000000
0.482000 0.000000
0.482200 0.000000
0.482400 0.000000
0.482600 0.000000
0.482800 0.000000
0.483000 0.000000
0.483200 0.000000
0.483400 0.000000
0.483600 0.000000
0.483800 0.000000
0.484000 0.000000
0.484200 0.000000
0.484400 0.000000
0.484600 0.000000
0.484800 0.000000
0.485000 0.000000
0.485200 0.000000
0.485400 0.000000
0.485600 0.000000
0.485800 0.000000
0.486000 0.000000
0.486200 0.000000
0.486400 0.000000
0.486600 0.000000
0.486800 0.000000
0.487000 0.000000
0.487200 0.000000
0.487400 0.000000
0.487600 0.000000
0.487800 0.000000
0.488000 0.000000
0.488200 0.000000
0.488400 0.000000
0.488600 0.000000
0.488800 0.000000
0.489000 0.000000
0.489200 0.000000
0.489400 0.000000
0.489600 0.000000
0.489800 0.000000
0.490000 0.000000
0.490200 0.000000
0.490400 0.000000
0.490600 0.000000
0.490800 0.000000
0.491000 0.000000
0.491200 0.000000
0.491400 0.000000
0.491600 0.000000
0.491800 0.000000
0.492000 0.000000
0.492200 0.000000
0.492400 0.000000
0.492600 0.000000
0.492800 0.000000
0.493000 0.000000
0.493200 0.000000
0.493400 0.000000
0.493600 0.000000
0.493800 0.000000
0.494000 0.000000
0.494200 0.000000
0.494400 0.000000
0.494600 0.000000
0.494800 0.000000
0.495000 0.000000
0.495200 0.000000
0.495400 0.000000
0.495600 0.000000
0.495800 0.000000
0.496000 0.000000
0.496200 0.000000
0.496400 0.000000
0.496600 0.000000
0.496800 0.000000
0.497000 0.000000
0.497200 0.000000
0.497400 0.000000
0.497600 0.000000
0.497800 0.000000
0.498000 0.000000
0.498200 0.000000
0.498400 0.000000
0.498600 0.000000
0.498800 0.000000
0.499000 0.000000
0.499200 0.000000
0.499400 0.000000
0.499600 0.000000
0.499800 0.000000
0.500000 0.000000
0.500200 0.000000
0.500400 0.000000
0.500600 0.000000
0.500800 0.000000
0.501000 0.000000
0.501200 0.000000
0.501400 0.000000
0.501600 0.000000
0.501800 0.000000
0.502000 0.000000
0.502200 0.000000
0.502400 0.000000
0.502600 0.000000
0.502800 0.000000
0.503000 0.000000
0.503200 0.000000
0.503400 0.000000
0.503600 0.000000
0.503800 0.000000
0.504000 0.000000
0.504200 0.000000
0.504400 0.000000
0.504600 0.000000
0.504800 0.000000
0.505000 0.000000
0.505200 0.000000
0.505400 0.000000
0.505600 0.000000
0.505800 0.000000
0.506000 0.000000
0.506200 0.000000
0.506400 0.000000
0.506600 0.000000
0.506800 0.000000
0.507000 0.000000
0.507200 0.000000
0.507400 0.000000
0.507600 0.000000
0.507800 0.000000
0.508000 0.000000
0.508200 0.000000
0.508400 0.000000
0.508600 0.000000
0.508800 0.000000
0.509000 0.000000
0.509200 0.000000
0.509400 0.000000
0.509600 0.000000
0.509800 0.000000
0.510000 0.000000
0.510200 0.000000
0.510400 0.000000
0.510600 0.000000
0.510800 0.000000
0.511000 0.000000
0.511200 0.000000
0.511400 0.000000
0.511600 0.000000
0.511800 0.000000
0.512000 0.000000
0.512200 0.000000
0.512400 0.000000
0.512600 0.000000
0.512800 0.000000
0.513000 0.000000
0.513200 0.000000
0.513400 0.000000
0.513600 0.000000
0.513800 0.000000
0.514000 0.000000
0.514200 0.000000
0.514400 0.000000
0.514600 0.000000
0.514800 0.000000
0.515000 0.000000
0.515200 0.000000
0.515400 0.000000
0.515600 0.000000
0.515800 0.000000
0.516000 0.000000
0.516200 0.000000
0.516400 0.000000
0.516600 0.000000
0.516800 0.000000
0.517000 0.000000
0.517200 0.000000
0.517400 0.000000
0.517600 0.000000
0.517800 0.000000
0.518000 0.000000
0.518200 0.000000
0.518400 0.000000
0.518600 0.000000
0.518800 0.000000
0.519000 0.000000
0.519200 0.000000
0.519400 0.000000
0.519600 0.000000
0.519800 0.000000
0.520000 0.000000
0.520200 0.000000
0.520400 0.000000
0.520600 0.000000
0.520800 0.000000
0.521000 0.000000
0.521200 0.000000
0.521400 0.000000
0.521600 0.000000
0.521800 0.000000
0.522000 0.000000
0.522200 0.000000
0.522400 0.000000
0.522600 0.000000
0.522800 0.000000
0.523000 0.000000
0.523200 0.000000
0.523400 0.000000
0.523600 0.000000
0.523800 0.000000
0.524000 0.000000
0.524200 0.000000
0.524400 0.000000
0.524600 0.000000
0.524800 0.000000
0.525000 0.000000
0.525200 0.000000
0.525400 0.000000
0.525600 0.000000
0.525800 0.000000
0.526000 0.000000
0.526200 0.000000
0.526400 0.000000
0.526600 0.000000
0.526800 0.000000
0.527000 0.000000
0.527200 0.000000
0.527400 0.000000
0.527600 0.000000
0.527800 0.000000
0.528000 0.000000
0.528200 0.000000
0.528400 0.000000
0.528600 0.000000
0.528800 0.000000
0.529000 0.000000
0.529200 0.000000
0.529400 0.000000
0.529600 0.000000
0.529800 0.000000
0.530000 0.000000
0.530200 0.000000
0.530400 0.000000
0.530600 0.000000
0.530800 0.000000
0.531000 0.000000
0.531200 0.000000
0.531400 0.000000
0.531600 0.000000
0.531800 0.000000
0.532000 0.000000
0.532200 0.000000
0.532400 0.000000
0.532600 0.000000
0.532800 0.000000
0.533000 0.000000
0.533200 0.000000
0.533400 0.000000
0.533600 0.000000
0.533800 0.000000
0.534000 0.000000
0.534200 0.000000
0.534400 0.000000
0.534600 0.000000
0.534800 0.000000
0.535000 0.000000
0.535200 0.000000
0.535400 0.000000
0.535600 0.000000
0.535800 0.000000
0.536000 0.000000
0.536200 0.000000
0.536400 0.000000
0.536600 0.000000
0.536800 0.000000
0.537000 0.000000
0.537200 0.000000
0.537400 0.000000
0.537600 0.000000
0.537800 0.000000
0.538000 0.000000
0.538200 0.000000
0.538400 0.000000
0.538600 0.000000
0.538800 0.000000
0.539000 0.000000
0.539200 0.000000
0.539400 0.000000
0.539600 0.000000
0.539800 0.000000
0.540000 0.000000
0.540200 0.000000
0.540400 0.000000
0.540600 0.000000
0.540800 0.000000
0.541000 0.000000
0.541200 0.000000
0.541400 0.000000
0.541600 0.000000
0.541800 0.000000
0.542000 0.000000
0.542200 0.000000
0.542400 0.000000
0.542600 0.000000
0.542800 0.000000
0.543000 0.000000
0.543200 0.000000
0.543400 0.000000
0.543600 0.000000
0.543800 0.000000
0.544000 0.000000
0.544200 0.000000
0.544400 0.000000
0.544600 0.000000
0.544800 0.000000
0.545000 0.000000
0.545200 0.000000
0.545400 0.000000
0.545600 0.000000
0.545800 0.000000
0.546000 0.000000
0.546200 0.000000
0.546400 0.000000
0.546600 0.000000
0.546800 0.000000
0.547000 0.000000
0.547200 0.000000
0.547400 0.000000
0.547600 0.000000
0.547800 0.000000
0.548000 0.000000
0.548200 0.000000
0.548400 0.000000
0.548600 0.000000
0.548800 0.000000
0.549000 0.000000
0.549200 0.000000
0.549400 0.000000
0.549600 0.000000
0.549800 0.000000
0.550000 0.000000
0.550200 0.000000
0.550400 0.000000
0.550600 0.000000
0.550800 0.000000
0.551000 0.000000
0.551200 0.000000
0.551400 0.000000
0.551600 0.000000
0.551800 0.000000
0.552000 0.000000
0.552200 0.000000
0.552400 0.000000
0.552600 0.000000
0.552800 0.000000
0.553000 0.000000
0.553200 0.000000
0.553400 0.000000
0.553600 0.000000
0.553800 0.000000
0.554000 0.000000
0.554200 0.000000
0.554400 0.000000
0.554600 0.000000
0.554800 0.000000
0.555000 0.000000
0.555200 0.000000
0.555400 0.000000
0.555600 0.000000
0.555800 0.000000
0.556000 0.000000
0.556200 0.000000
0.556400 0.000000
0.556600 0.000000
0.556800 0.000000
0.557000 0.000000
0.557200 0.000000
0.557400 0.000000
0.557600 0.000000
0.557800 0.000000
0.558000 0.000000
0.558200 0.000000
0.558400 0.000000
0.558600 0.000000
0.558800 0.000000
0.559000 0.000000
0.559200 0.000000
0.559400 0.000000
0.559600 0.000000
0.559800 0.000000
0.560000 0.000000
0.560200 0.000000
0.560400 0.000000
0.560600 0.000000
0.560800 0.000000
0.561000 0.000000
0.561200 0.000000
0.561400 0.000000
0.561600 0.000000
0.561800 0.000000
0.562000 0.000000
0.562200 0.000000
0.562400 0.000000
0.562600 0.000000
0.562800 0.000000
0.563000 0.000000
0.563200 0.000000
0.563400 0.000000
0.563600 0.000000
0.563800 0.000000
0.564000 0.000000
0.564200 0.000000
0.564400 0.000000
0.564600 0.000000
0.564800 0.000000
0.565000 0.000000
0.565200 0.000000
0.565400 0.000000
0.565600 0.000000
0.565800 0.000000
0.566000 0.000000
0.566200 0.000000
0.566400 0.000000
0.566600 0.000000
0.566800 0.000000
0.567000 0.000000
0.567200 0.000000
0.567400 0.000000
0.567600 0.000000
0.567800 0.000000
0.568000 0.000000
0.568200 0.000000
0.568400 0.000000
0.568600 0.000000
0.568800 0.000000
0.569000 0.000000
0.569200 0.000000
0.569400 0.000000
0.569600 0.000000
0.569800 0.000000
0.570000 0.000000
0.570200 0.000000
0.570400 0.000000
0.570600 0.000000
0.570800 0.000000
0.571000 0.000000
0.571200 0.000000
0.571400 0.000000
0.571600 0.000000
0.571800 0.000000
0.572000 0.000000
0.572200 0.000000
0.572400 0.000000
0.572600 0.000000
0.572800 0.000000
0.573000 0.000000
0.573200 0.000000
0.573400 0.000000
0.573600 0.000000
0.573800 0.000000
0.574000 0.000000
0.574200 0.000000
0.574400 0.000000
0.574600 0.000000
0.574800 0.000000
0.575000 0.000000
0.575200 0.000000
0.575400 0.000000
0.575600 0.000000
0.575800 0.000000
0.576000 0.000000
0.576200 0.000000
0.576400 0.000000
0.576600 0.000000
0.576800 0.000000
0.577000 0.000000
0.577200 0.000000
0.577400 0.000000
0.577600 0.000000
0.577800 0.000000
0.578000 0.000000
0.578200 0.000000
0.578400 0.000000
0.578600 0.000000
0.578800 0.000000
0.579000 0.000000
0.579200 0.000000
0.579400 0.000000
0.579600 0.000000
0.579800 0.000000
0.580000 0.000000
0.580200 0.000000
0.580400 0.000000
0.580600 0.000000
0.580800 0.000000
0.581000 0.000000
0.581200 0.000000
0.581400 0.000000
0.581600 0.000000
0.581800 0.000000
0.582000 0.000000
0.582200 0.000000
0.582400 0.000000
0.582600 0.000000
0.582800 0.000000
0.583000 0.000000
0.583200 0.000000
0.583400 0.000000
0.583600 0.000000
0.583800 0.000000
0.584000 0.000000
0.584200 0.000000
0.584400 0.000000
0.584600 0.000000
0.584800 0.000000
0.585000 0.000000
0.585200 0.000000
0.585400 0.000000
0.585600 0.000000
0.585800 0.000000
0.586000 0.000000
0.586200 0.000000
0.586400 0.000000
0.586600 0.000000
0.586800 0.000000
0.587000 0.000000
0.587200 0.000000
0.587400 0.000000
0.587600 0.000000
0.587800 0.000000
0.588000 0.000000
0.588200 0.000000
0.588400 0.000000
0.588600 0.000000
0.588800 0.000000
0.589000 0.000000
0.589200 0.000000
0.589400 0.000000
0.589600 0.000000
0.589800 0.000000
0.590000 0.000000
0.590200 0.000000
0.590400 0.000000
0.590600 0.000000
0.590800 0.000000
0.591000 0.000000
0.591200 0.000000
0.591400 0.000000
0.591600 0.000000
0.591800 0.000000
0.592000 0.000000
0.592200 0.000000
0.592400 0.000000
0.592600 0.000000
0.592800 0.000000
0.593000 0.000000
0.593200 0.000000
0.593400 0.000000
0.593600 0.000000
0.593800 0.000000
0.594000 0.000000
0.594200 0.000000
0.594400 0.000000
0.594600 0.000000
0.594800 0.000000
0.595000 0.000000
0.595200 0.000000
0.595400 0.000000
0.595600 0.000000
0.595800 0.000000
0.596000 0.000000
0.596200 0.000000
0.596400 0.000000
0.596600 0.000000
0.596800 0.000000
0.597000 0.000000
0.597200 0.000000
0.597400 0.000000
0.597600 0.000000
0.597800 0.000000
0.598000 0.000000
0.598200 0.000000
0.598400 0.000000
0.598600 0.000000
0.598800 0.000000
0.599000 0.000000
0.599200 0.000000
0.599400 0.000000
0.599600 0.000000
0.599800 0.000000
0.600000 0.000000
0.600200 0.000000
0.600400 0.000000
0.600600 0.000000
0.600800 0.000000
0.601000 0.000000
0.601200 0.000000
0.601400 0.000000
0.601600 0.000000
0.601800 0.000000
0.602000 0.000000
0.602200 0.000000
0.602400 0.000000
0.602600 0.000000
0.602800 0.000000
0.603000 0.000000
0.603200 0.000000
0.603400 0.000000
0.603600 0.000000
0.603800 0.000000
0.604000 0.000000
0.604200 0.000000
0.604400 0.000000
0.604600 0.000000
0.604800 0.000000
0.605000 0.000000
0.605200 0.000000
0.605400 0.000000
0.605600 0.000000
0.605800 0.000000
0.606000 0.000000
0.606200 0.000000
0.606400 0.000000
0.606600 0.000000
0.606800 0.000000
0.607000 0.000000
0.607200 0.000000
0.607400 0.000000
0.607600 0.000000
0.607800 0.000000
0.608000 0.000000
0.608200 0.000000
0.608400 0.000000
0.608600 0.000000
0.608800 0.000000
0.609000 0.000000
0.609200 0.000000
0.609400 0.000000
0.609600 0.000000
0.609800 0.000000
0.610000 0.000000
0.610200 0.000000
0.610400 0.000000
0.610600 0.000000
0.610800 0.000000
0.611000 0.000000
0.611200 0.000000
0.611400 0.000000
0.611600 0.000000
0.611800 0.000000
0.612000 0.000000
0.612200 0.000000
0.612400 0.000000
0.612600 0.000000
0.612800 0.000000
0.613000 0.000000
0.613200 0.000000
0.613400 0.000000
0.613600 0.000000
0.613800 0.000000
0.614000 0.000000
0.614200 0.000000
0.614400 0.000000
0.614600 0.000000
0.614800 0.000000
0.615000 0.000000
0.615200 0.000000
0.615400 0.000000
0.615600 0.000000
0.615800 0.000000
0.616000 0.000000
0.616200 0.000000
0.616400 0.000000
0.616600 0.000000
0.616800 0.000000
0.617000 0.000000
0.617200 0.000000
0.617400 0.000000
0.617600 0.000000
0.617800 0.000000
0.618000 0.000000
0.618200 0.000000
0.618400 0.000000
0.618600 0.000000
0.618800 0.000000
0.619000 0.000000
0.619200 0.000000
0.619400 0.000000
0.619600 0.000000
0.619800 0.000000
0.620000 0.000000
0.620200 0.000000
0.620400 0.000000
0.620600 0.000000
0.620800 0.000000
0.621000 0.000000
0.621200 0.000000
0.621400 0.000000
0.621600 0.000000
0.621800 0.000000
0.622000 0.000000
0.622200 0.000000
0.622400 0.000000
0.622600 0.000000
0.622800 0.000000
0.623000 0.000000
0.623200 0.000000
0.623400 0.000000
0.623600 0.000000
0.623800 0.000000
0.624000 0.000000
0.624200 0.000000
0.624400 0.000000
0.624600 0.000000
0.624800 0.000000
0.625000 0.000000
0.625200 0.000000
0.625400 0.000000
0.625600 0.000000
0.625800 0.000000
0.626000 0.000000
0.626200 0.000000
0.626400 0.000000
0.626600 0.000000
0.626800 0.000000
0.627000 0.000000
0.627200 0.000000
0.627400 0.000000
0.627600 0.000000
0.627800 0.000000
0.628000 0.000000
0.628200 0.000000
0.628400 0.000000
0.628600 0.000000
0.628800 0.000000
0.629000 0.000000
0.629200 0.000000
0.629400 0.000000
0.629600 0.000000
0.629800 0.000000
0.630000 0.000000
0.630200 0.000000
0.630400 0.000000
0.630600 0.000000
0.630800 0.000000
0.631000 0.000000
0.631200 0.000000
0.631400 0.000000
0.631600 0.000000
0.631800 0.000000
0.632000 0.000000
0.632200 0.000000
0.632400 0.000000
0.632600 0.000000
0.632800 0.000000
0.633000 0.000000
0.633200 0.000000
0.633400 0.000000
0.633600 0.000000
0.633800 0.000000
0.634000 0.000000
0.634200 0.000000
0.634400 0.000000
0.634600 0.000000
0.634800 0.000000
0.635000 0.000000
0.635200 0.000000
0.635400 0.000000
0.635600 0.000000
0.635800 0.000000
0.636000 0.000000
0.636200 0.000000
0.636400 0.000000
0.636600 0.000000
0.636800 0.000000
0.637000 0.000000
0.637200 0.000000
0.637400 0.000000
0.637600 0.000000
0.637800 0.000000
0.638000 0.000000
0.638200 0.000000
0.638400 0.000000
0.638600 0.000000
0.638800 0.000000
0.639000 0.000000
0.639200 0.000000
0.639400 0.000000
0.639600 0.000000
0.639800 0.000000
0.640000 0.000000
0.640200 0.000000
0.640400 0.000000
0.640600 0.000000
0.640800 0.000000
0.641000 0.000000
0.641200 0.000000
0.641400 0.000000
0.641600 0.000000
0.641800 0.000000
0.642000 0.000000
0.642200 0.000000
0.642400 0.000000
0.642600 0.000000
0.642800 0.000000
0.643000 0.000000
0.643200 0.000000
0.643400 0.000000
0.643600 0.000000
0.643800 0.000000
0.644000 0.000000
0.644200 0.000000
0.644400 0.000000
0.644600 0.000000
0.644800 0.000000
0.645000 0.000000
0.645200 0.000000
0.645400 0.000000
0.645600 0.000000
0.645800 0.000000
0.646000 0.000000
0.646200 0.000000
0.646400 0.000000
0.646600 0.000000
0.646800 0.000000
0.647000 0.000000
0.647200 0.000000
0.647400 0.000000
0.647600 0.000000
0.647800 0.000000
0.648000 0.000000
0.648200 0.000000
0.648400 0.000000
0.648600 0.000000
0.648800 0.000000
0.649000 0.000000
0.649200 0.000000
0.649400 0.000000
0.649600 0.000000
0.649800 0.000000
0.650000 0.000000
0.650200 0.000000
0.650400 0.000000
0.650600 0.000000
0.650800 0.000000
0.651000 0.000000
0.651200 0.000000
0.651400 0.000000
0.651600 0.000000
0.651800 0.000000
0.652000 0.000000
0.652200 0.000000
0.652400 0.000000
0.652600 0.000000
0.652800 0.000000
0.653000 0.000000
0.653200 0.000000
0.653400 0.000000
0.653600 0.000000
0.653800 0.000000
0.654000 0.000000
0.654200 0.000000
0.654400 0.000000
0.654600 0.000000
0.654800 0.000000
0.655000 0.000000
0.655200 0.000000
0.655400 0.000000
0.655600 0.000000
0.655800 0.000000
0.656000 0.000000
0.656200 0.000000
0.656400 0.000000
0.656600 0.000000
0.656800 0.000000
0.657000 0.000000
0.657200 0.000000
0.657400 0.000000
0.657600 0.000000
0.657800 0.000000
0.658000 0.000000
0.658200 0.000000
0.658400 0.000000
0.658600 0.000000
0.658800 0.000000
0.659000 0.000000
0.659200 0.000000
0.659400 0.000000
0.659600 0.000000
0.659800 0.000000
0.660000 0.000000
0.660200 0.000000
0.660400 0.000000
0.660600 0.000000
0.660800 0.000000
0.661000 0.000000
0.661200 0.000000
0.661400 0.000000
0.661600 0.000000
0.661800 0.000000
0.662000 0.000000
0.662200 0.000000
0.662400 0.000000
0.662600 0.000000
0.662800 0.000000
0.663000 0.000000
0.663200 0.000000
0.663400 0.000000
0.663600 0.000000
0.663800 0.000000
0.664000 0.000000
0.664200 0.000000
0.664400 0.000000
0.664600 0.000000
0.664800 0.000000
0.665000 0.000000
0.665200 0.000000
0.665400 0.000000
0.665600 0.000000
0.665800 0.000000
0.666000 0.000000
0.666200 0.000000
0.666400 0.000000
0.666600 0.000000
0.666800 0.000000
0.667000 0.000000
0.667200 0.000000
0.667400 0.000000
0.667600 0.000000
0.667800 0.000000
0.668000 0.000000
0.668200 0.000000
0.668400 0.000000
0.668600 0.000000
0.668800 0.000000
0.669000 0.000000
0.669200 0.000000
0.669400 0.000000
0.669600 0.000000
0.669800 0.000000
0.670000 0.000000
0.670200 0.000000
0.670400 0.000000
0.670600 0.000000
0.670800 0.000000
0.671000 0.000000
0.671200 0.000000
0.671400 0.000000
0.671600 0.000000
0.671800 0.000000
0.672000 0.000000
0.672200 0.000000
0.672400 0.000000
0.672600 0.000000
0.672800 0.000000
0.673000 0.000000
0.673200 0.000000
0.673400 0.000000
0.673600 0.000000
0.673800 0.000000
0.674000 0.000000
0.674200 0.000000
0.674400 0.000000
0.674600 0.000000
0.674800 0.000000
0.675000 0.000000
0.675200 0.000000
0.675400 0.000000
0.675600 0.000000
0.675800 0.000000
0.676000 0.000000
0.676200 0.000000
0.676400 0.000000
0.676600 0.000000
0.676800 0.000000
0.677000 0.000000
0.677200 0.000000
0.677400 0.000000
0.677600 0.000000
0.677800 0.000000
0.678000 0.000000
0.678200 0.000000
0.678400 0.000000
0.678600 0.000000
0.678800 0.000000
0.679000 0.000000
0.679200 0.000000
0.679400 0.000000
0.679600 0.000000
0.679800 0.000000
0.680000 0.000000
0.680200 0.000000
0.680400 0.000000
0.680600 0.000000
0.680800 0.000000
0.681000 0.000000
0.681200 0.000000
0.681400 0.000000
0.681600 0.000000
0.681800 0.000000
0.682000 0.000000
0.682200 0.000000
0.682400 0.000000
0.682600 0.000000
0.682800 0.000000
0.683000 0.000000
0.683200 0.000000
0.683400 0.000000
0.683600 0.000000
0.683800 0.000000
0.684000 0.000000
0.684200 0.000000
0.684400 0.000000
0.684600 0.000000
0.684800 0.000000
0.685000 0.000000
0.685200 0.000000
0.685400 0.000000
0.685600 0.000000
0.685800 0.000000
0.686000 0.000000
0.686200 0.000000
0.686400 0.000000
0.686600 0.000000
0.686800 0.000000
0.687000 0.000000
0.687200 0.000000
0.687400 0.000000
0.687600 0.000000
0.687800 0.000000
0.688000 0.000000
0.688200 0.000000
0.688400 0.000000
0.688600 0.000000
0.688800 0.000000
0.689000 0.000000
0.689200 0.000000
0.689400 0.000000
0.689600 0.000000
0.689800 0.000000
0.690000 0.000000
0.690200 0.000000
0.690400 0.000000
0.690600 0.000000
0.690800 0.000000
0.691000 0.000000
0.691200 0.000000
0.691400 0.000000
0.691600 0.000000
0.691800 0.000000
0.692000 0.000000
0.692200 0.000000
0.692400 0.000000
0.692600 0.000000
0.692800 0.000000
0.693000 0.000000
0.693200 0.000000
0.693400 0.000000
0.693600 0.000000
0.693800 0.000000
0.694000 0.000000
0.694200 0.000000
0.694400 0.000000
0.694600 0.000000
0.694800 0.000000
0.695000 0.000000
0.695200 0.000000
0.695400 0.000000
0.695600 0.000000
0.695800 0.000000
0.696000 0.000000
0.696200 0.000000
0.696400 0.000000
0.696600 0.000000
0.696800 0.000000
0.697000 0.000000
0.697200 0.000000
0.697400 0.000000
0.697600 0.000000
0.697800 0.000000
0.698000 0.000000
0.698200 0.000000
0.698400 0.000000
0.698600 0.000000
0.698800 0.000000
0.699000 0.000000
0.699200 0.000000
0.699400 0.000000
0.699600 0.000000
0.699800 0.000000
0.700000 0.000000
0.700200 0.000000
0.700400 0.000000
0.700600 0.000000
0.700800 0.000000
0.701000 0.000000
0.701200 0.000000
0.701400 0.000000
0.701600 0.000000
0.701800 0.000000
0.702000 0.000000
0.702200 0.000000
0.702400 0.000000
0.702600 0.000000
0.702800 0.000000
0.703000 0.000000
0.703200 0.000000
0.703400 0.000000
0.703600 0.000000
0.703800 0.000000
0.704000 0.000000
0.704200 0.000000
0.704400 0.000000
0.704600 0.000000
0.704800 0.000000
0.705000 0.000000
0.705200 0.000000
0.705400 0.000000
0.705600 0.000000
0.705800 0.000000
0.706000 0.000000
0.706200 0.000000
0.706400 0.000000
0.706600 0.000000
0.706800 0.000000
0.707000 0.000000
0.707200 0.000000
0.707400 0.000000
0.707600 0.000000
0.707800 0.000000
0.708000 0.000000
0.708200 0.000000
0.708400 0.000000
0.708600 0.000000
0.708800 0.000000
0.709000 0.000000
0.709200 0.000000
0.709400 0.000000
0.709600 0.000000
0.709800 0.000000
0.710000 0.000000
0.710200 0.000000
0.710400 0.000000
0.710600 0.000000
0.710800 0.000000
0.711000 0.000000
0.711200 0.000000
0.711400 0.000000
0.711600 0.000000
0.711800 0.000000
0.712000 0.000000
0.712200 0.000000
0.712400 0.000000
0.712600 0.000000
0.712800 0.000000
0.713000 0.000000
0.713200 0.000000
0.713400 0.000000
0.713600 0.000000
0.713800 0.000000
0.714000 0.000000
0.714200 0.000000
0.714400 0.000000
0.714600 0.000000
0.714800 0.000000
0.715000 0.000000
0.715200 0.000000
0.715400 0.000000
0.715600 0.000000
0.715800 0.000000
0.716000 0.000000
0.716200 0.000000
0.716400 0.000000
0.716600 0.000000
0.716800 0.000000
0.717000 0.000000
0.717200 0.000000
0.717400 0.000000
0.717600 0.000000
0.717800 0.000000
0.718000 0.000000
0.718200 0.000000
0.718400 0.000000
0.718600 0.000000
0.718800 0.000000
0.719000 0.000000
0.719200 0.000000
0.719400 0.000000
0.719600 0.000000
0.719800 0.000000
0.720000 0.000000
0.720200 0.000000
0.720400 0.000000
0.720600 0.000000
0.720800 0.000000
0.721000 0.000000
0.721200 0.000000
0.721400 0.000000
0.721600 0.000000
0.721800 0.000000
0.722000 0.000000
0.722200 0.000000
0.722400 0.000000
0.722600 0.000000
0.722800 0.000000
0.723000 0.000000
0.723200 0.000000
0.723400 0.000000
0.723600 0.000000
0.723800 0.000000
0.724000 0.000000
0.724200 0.000000
0.724400 0.000000
0.724600 0.000000
0.724800 0.000000
0.725000 0.000000
0.725200 0.000000
0.725400 0.000000
0.725600 0.000000
0.725800 0.000000
0.726000 0.000000
0.726200 0.000000
0.726400 0.000000
0.726600 0.000000
0.726800 0.000000
0.727000 0.000000
0.727200 0.000000
0.727400 0.000000
0.727600 0.000000
0.727800 0.000000
0.728000 0.000000
0.728200 0.000000
0.728400 0.000000
0.728600 0.000000
0.728800 0.000000
0.729000 0.000000
0.729200 0.000000
0.729400 0.000000
0.729600 0.000000
0.729800 0.000000
0.730000 0.000000
0.730200 0.000000
0.730400 0.000000
0.730600 0.000000
0.730800 0.000000
0.731000 0.000000
0.731200 0.000000
0.731400 0.000000
0.731600 0.000000
0.731800 0.000000
0.732000 0.000000
0.732200 0.000000
0.732400 0.000000
0.732600 0.000000
0.732800 0.000000
0.733000 0.000000
0.733200 0.000000
0.733400 0.000000
0.733600 0.000000
0.733800 0.000000
0.734000 0.000000
0.734200 0.000000
0.734400 0.000000
0.734600 0.000000
0.734800 0.000000
0.735000 0.000000
0.735200 0.000000
0.735400 0.000000
0.735600 0.000000
0.735800 0.000000
0.736000 0.000000
0.736200 0.000000
0.736400 0.000000
0.736600 0.000000
0.736800 0.000000
0.737000 0.000000
0.737200 0.000000
0.737400 0.000000
0.737600 0.000000
0.737800 0.000000
0.738000 0.000000
0.738200 0.000000
0.738400 0.000000
0.738600 0.000000
0.738800 0.000000
0.739000 0.000000
0.739200 0.000000
0.739400 0.000000
0.739600 0.000000
0.739800 0.000000
0.740000 0.000000
0.740200 0.000000
0.740400 0.000000
0.740600 0.000000
0.740800 0.000000
0.741000 0.000000
0.741200 0.000000
0.741400 0.000000
0.741600 0.000000
0.741800 0.000000
0.742000 0.000000
0.742200 0.000000
0.742400 0.000000
0.742600 0.000000
0.742800 0.000000
0.743000 0.000000
0.743200 0.000000
0.743400 0.000000
0.743600 0.000000
0.743800 0.000000
0.744000 0.000000
0.744200 0.000000
0.744400 0.000000
0.744600 0.000000
0.744800 0.000000
0.745000 0.000000
0.745200 0.000000
0.745400 0.000000
0.745600 0.000000
0.745800 0.000000
0.746000 0.000000
0.746200 0.000000
0.746400 0.000000
0.746600 0.000000
0.746800 0.000000
0.747000 0.000000
0.747200 0.000000
0.747400 0.000000
0.747600 0.000000
0.747800 0.000000
0.748000 0.000000
0.748200 0.000000
0.748400 0.000000
0.748600 0.000000
0.748800 0.000000
0.749000 0.000000
0.749200 0.000000
0.749400 0.000000
0.749600 0.000000
0.749800 0.000000
0.750000 0.000000
0.750200 0.000000
0.750400 0.000000
0.750600 0.000000
0.750800 0.000000
0.751000 0.000000
0.751200 0.000000
0.751400 0.000000
0.751600 0.000000
0.751800 0.000000
0.752000 0.000000
0.752200 0.000000
0.752400 0.000000
0.752600 0.000000
0.752800 0.000000
0.753000 0.000000
0.753200 0.000000
0.753400 0.000000
0.753600 0.000000
0.753800 0.000000
0.754000 0.000000
0.754200 0.000000
0.754400 0.000000
0.754600 0.000000
0.754800 0.000000
0.755000 0.000000
0.755200 0.000000
0.755400 0.000000
0.755600 0.000000
0.755800 0.000000
0.756000 0.000000
0.756200 0.000000
0.756400 0.000000
0.756600 0.000000
0.756800 0.000000
0.757000 0.000000
0.757200 0.000000
0.757400 0.000000
0.757600 0.000000
0.757800 0.000000
0.758000 0.000000
0.758200 0.000000
0.758400 0.000000
0.758600 0.000000
0.758800 0.000000
0.759000 0.000000
0.759200 0.000000
0.759400 0.000000
0.759600 0.000000
0.759800 0.000000
0.760000 0.000000
0.760200 0.000000
0.760400 0.000000
0.760600 0.000000
0.760800 0.000000
0.761000 0.000000
0.761200 0.000000
0.761400 0.000000
0.761600 0.000000
0.761800 0.000000
0.762000 0.000000
0.762200 0.000000
0.762400 0.000000
0.762600 0.000000
0.762800 0.000000
0.763000 0.000000
0.763200 0.000000
0.763400 0.000000
0.763600 0.000000
0.763800 0.000000
0.764000 0.000000
0.764200 0.000000
0.764400 0.000000
0.764600 0.000000
0.764800 0.000000
0.765000 0.000000
0.765200 0.000000
0.765400 0.000000
0.765600 0.000000
0.765800 0.000000
0.766000 0.000000
0.766200 0.000000
0.766400 0.000000
0.766600 0.000000
0.766800 0.000000
0.767000 0.000000
0.767200 0.000000
0.767400 0.000000
0.767600 0.000000
0.767800 0.000000
0.768000 0.000000
0.768200 0.000000
0.768400 0.000000
0.768600 0.000000
0.768800 0.000000
0.769000 0.000000
0.769200 0.000000
0.769400 0.000000
0.769600 0.000000
0.769800 0.000000
0.770000 0.000000
0.770200 0.000000
0.770400 0.000000
0.770600 0.000000
0.770800 0.000000
0.771000 0.000000
0.771200 0.000000
0.771400 0.000000
0.771600 0.000000
0.771800 0.000000
0.772000 0.000000
0.772200 0.000000
0.772400 0.000000
0.772600 0.000000
0.772800 0.000000
0.773000 0.000000
0.773200 0.000000
0.773400 0.000000
0.773600 0.000000
0.773800 0.000000
0.774000 0.000000
0.774200 0.000000
0.774400 0.000000
0.774600 0.000000
0.774800 0.000000
0.775000 0.000000
0.775200 0.000000
0.775400 0.000000
0.775600 0.000000
0.775800 0.000000
0.776000 0.000000
0.776200 0.000000
0.776400 0.000000
0.776600 0.000000
0.776800 0.000000
0.777000 0.000000
0.777200 0.000000
0.777400 0.000000
0.777600 0.000000
0.777800 0.000000
0.778000 0.000000
0.778200 0.000000
0.778400 0.000000
0.778600 0.000000
0.778800 0.000000
0.779000 0.000000
0.779200 0.000000
0.779400 0.000000
0.779600 0.000000
0.779800 0.000000
0.780000 0.000000
0.780200 0.000000
0.780400 0.000001
0.780600 0.000001
0.780800 0.000001
0.781000 0.000001
0.781200 0.000001
0.781400 0.000001
0.781600 0.000001
0.781800 0.000001
0.782000 0.000001
0.782200 0.000001
0.782400 0.000001
0.782600 0.000001
0.782800 0.000001
0.783000 0.000001
0.783200 0.000001
0.783400 0.000001
0.783600 0.000001
0.783800 0.000001
0.784000 0.000001
0.784200 0.000001
0.784400 0.000001
0.784600 0.000001
0.784800 0.000001
0.785000 0.000001
0.785200 0.000001
0.785400 0.000001
0.785600 0.000001
0.785800 0.000002
0.786000 0.000002
0.786200 0.000002
0.786400 0.000002
0.786600 0.000002
0.786800 0.000002
0.787000 0.000002
0.787200 0.000002
0.787400 0.000002
0.787600 0.000002
0.787800 0.000002
0.788000 0.000002
0.788200 0.000003
0.788400 0.000003
0.788600 0.000003
0.788800 0.000003
0.789000 0.000003
0.789200 0.000003
0.789400 0.000003
0.789600 0.000003
0.789800 0.000004
0.790000 0.000004
0.790200 0.000004
0.790400 0.000004
0.790600 0.000004
0.790800 0.000004
0.791000 0.000004
0.791200 0.000005
0.791400 0.000005
0.791600 0.000005
0.791800 0.000005
0.792000 0.000005
0.792200 0.000006
0.792400 0.000006
0.792600 0.000006
0.792800 0.000006
0.793000 0.000007
0.793200 0.000007
0.793400 0.000007
0.793600 0.000008
0.793800 0.000008
0.794000 0.000008
0.794200 0.000008
0.794400 0.000009
0.794600 0.000009
0.794800 0.000010
0.795000 0.000010
0.795200 0.000010
0.795400 0.000011
0.795600 0.000011
0.795800 0.000012
0.796000 0.000012
0.796200 0.000013
0.796400 0.000013
0.796600 0.000014
0.796800 0.000014
0.797000 0.000015
0.797200 0.000015
0.797400 0.000016
0.797600 0.000017
0.797800 0.000017
0.798000 0.000018
0.798200 0.000019
0.798400 0.000019
0.798600 0.000020
0.798800 0.000021
0.799000 0.000022
0.799200 0.000023
0.799400 0.000024
0.799600 0.000024
0.799800 0.000025
0.800000 0.000026
0.800200 0.000027
0.800400 0.000029
0.800600 0.000030
0.800800 0.000031
0.801000 0.000032
0.801200 0.000033
0.801400 0.000035
0.801600 0.000036
0.801800 0.000037
0.802000 0.000039
0.802200 0.000040
0.802400 0.000042
0.802600 0.000043
0.802800 0.000045
0.803000 0.000047
0.803200 0.000049
0.803400 0.000050
0.803600 0.000052
0.803800 0.000054
0.804000 0.000056
0.804200 0.000059
0.804400 0.000061
0.804600 0.000063
0.804800 0.000065
0.805000 0.000068
0.805200 0.000071
0.805400 0.000073
0.805600 0.000076
0.805800 0.000079
0.806000 0.000082
0.806200 0.000085
0.806400 0.000088
0.806600 0.000091
0.806800 0.000095
0.807000 0.000098
0.807200 0.000102
0.807400 0.000106
0.807600 0.000110
0.807800 0.000114
0.808000 0.000118
0.808200 0.000122
0.808400 0.000127
0.808600 0.000131
0.808800 0.000136
0.809000 0.000141
0.809200 0.000146
0.809400 0.000152
0.809600 0.000157
0.809800 0.000163
0.810000 0.000169
0.810200 0.000175
0.810400 0.000181
0.810600 0.000188
0.810800 0.000194
0.811000 0.000201
0.811200 0.000209
0.811400 0.000216
0.811600 0.000224
0.811800 0.000232
0.812000 0.000240
0.812200 0.000249
0.812400 0.000258
0.812600 0.000267
0.812800 0.000276
0.813000 0.000286
0.813200 0.000296
0.813400 0.000306
0.813600 0.000317
0.813800 0.000328
0.814000 0.000340
0.814200 0.000352
0.814400 0.000364
0.814600 0.000377
0.814800 0.000390
0.815000 0.000403
0.815200 0.000417
0.815400 0.000432
0.815600 0.000447
0.815800 0.000462
0.816000 0.000478
0.816200 0.000495
0.816400 0.000512
0.816600 0.000529
0.816800 0.000547
0.817000 0.000566
0.817200 0.000585
0.817400 0.000605
0.817600 0.000626
0.817800 0.000647
0.818000 0.000669
0.818200 0.000691
0.818400 0.000715
0.818600 0.000739
0.818800 0.000763
0.819000 0.000789
0.819200 0.000815
0.819400 0.000842
0.819600 0.000870
0.819800 0.000899
0.820000 0.000929
0.820200 0.000960
0.820400 0.000992
0.820600 0.001024
0.820800 0.001058
0.821000 0.001093
0.821200 0.001129
0.821400 0.001166
0.821600 0.001204
0.821800 0.001243
0.822000 0.001283
0.822200 0.001325
0.822400 0.001368
0.822600 0.001412
0.822800 0.001458
0.823000 0.001505
0.823200 0.001553
0.823400 0.001603
0.823600 0.001654
0.823800 0.001707
0.824000 0.001761
0.824200 0.001817
0.824400 0.001875
0.824600 0.001935
0.824800 0.001996
0.825000 0.002059
0.825200 0.002124
0.825400 0.002190
0.825600 0.002259
0.825800 0.002330
0.826000 0.002403
0.826200 0.002477
0.826400 0.002554
0.826600 0.002634
0.826800 0.002715
0.827000 0.002799
0.827200 0.002886
0.827400 0.002974
0.827600 0.003066
0.827800 0.003160
0.828000 0.003256
0.828200 0.003356
0.828400 0.003458
0.828600 0.003563
0.828800 0.003671
0.829000 0.003782
0.829200 0.003896
0.829400 0.004014
0.829600 0.004134
0.829800 0.004258
0.830000 0.004386
0.830200 0.004517
0.830400 0.004651
0.830600 0.004790
0.830800 0.004932
0.831000 0.005078
0.831200 0.005228
0.831400 0.005382
0.831600 0.005540
0.831800 0.005703
0.832000 0.005870
0.832200 0.006041
0.832400 0.006217
0.832600 0.006398
0.832800 0.006584
0.833000 0.006774
0.833200 0.006970
0.833400 0.007171
0.833600 0.007377
0.833800 0.007589
0.834000 0.007806
0.834200 0.008029
0.834400 0.008258
0.834600 0.008493
0.834800 0.008734
0.835000 0.008981
0.835200 0.009234
0.835400 0.009494
0.835600 0.009761
0.835800 0.010035
0.836000 0.010316
0.836200 0.010603
0.836400 0.010899
0.836600 0.011201
0.836800 0.011512
0.837000 0.011830
0.837200 0.012156
0.837400 0.012491
0.837600 0.012834
0.837800 0.013185
0.838000 0.013545
0.838200 0.013914
0.838400 0.014293
0.838600 0.014680
0.838800 0.015078
0.839000 0.015485
0.839200 0.015902
0.839400 0.016329
0.839600 0.016766
0.839800 0.017214
0.840000 0.017673
0.840200 0.018143
0.840400 0.018625
0.840600 0.019118
0.840800 0.019623
0.841000 0.020139
0.841200 0.020668
0.841400 0.021210
0.841600 0.021764
0.841800 0.022332
0.842000 0.022913
0.842200 0.023507
0.842400 0.024116
0.842600 0.024738
0.842800 0.025375
0.843000 0.026027
0.843200 0.026693
0.843400 0.027375
0.843600 0.028073
0.843800 0.028787
0.844000 0.029516
0.844200 0.030263
0.844400 0.031026
0.844600 0.031807
0.844800 0.032605
0.845000 0.033421
0.845200 0.034255
0.845400 0.035108
0.845600 0.035980
0.845800 0.036871
0.846000 0.037781
0.846200 0.038712
0.846400 0.039663
0.846600 0.040635
0.846800 0.041628
0.847000 0.042642
0.847200 0.043679
0.847400 0.044738
0.847600 0.045819
0.847800 0.046924
0.848000 0.048052
0.848200 0.049204
0.848400 0.050381
0.848600 0.051582
0.848800 0.052809
0.849000 0.054061
0.849200 0.055340
0.849400 0.056645
0.849600 0.057977
0.849800 0.059337
0.850000 0.060725
0.850200 0.062141
0.850400 0.063587
0.850600 0.065061
0.850800 0.066566
0.851000 0.068101
0.851200 0.069667
0.851400 0.071265
0.851600 0.072894
0.851800 0.074556
0.852000 0.076251
0.852200 0.077979
0.852400 0.079742
0.852600 0.081539
0.852800 0.083372
0.853000 0.085240
0.853200 0.087144
0.853400 0.089085
0.853600 0.091064
0.853800 0.093080
0.854000 0.095135
0.854200 0.097230
0.854400 0.099364
0.854600 0.101538
0.854800 0.103753
0.855000 0.106010
0.855200 0.108309
0.855400 0.110651
0.855600 0.113036
0.855800 0.115465
0.856000 0.117939
0.856200 0.120458
0.856400 0.123023
0.856600 0.125635
0.856800 0.128293
0.857000 0.131000
0.857200 0.133755
0.857400 0.136560
0.857600 0.139414
0.857800 0.142319
0.858000 0.145275
0.858200 0.148283
0.858400 0.151343
0.858600 0.154457
0.858800 0.157625
0.859000 0.160848
0.859200 0.164125
0.859400 0.167459
0.859600 0.170850
0.859800 0.174299
0.860000 0.177805
0.860200 0.181371
0.860400 0.184996
0.860600 0.188681
0.860800 0.192428
0.861000 0.196237
0.861200 0.200108
0.861400 0.204043
0.861600 0.208042
0.861800 0.212105
0.862000 0.216235
0.862200 0.220430
0.862400 0.224693
0.862600 0.229024
0.862800 0.233424
0.863000 0.237893
0.863200 0.242432
0.863400 0.247043
0.863600 0.251725
0.863800 0.256480
0.864000 0.261308
0.864200 0.266211
0.864400 0.271189
0.864600 0.276243
0.864800 0.281374
0.865000 0.286583
0.865200 0.291870
0.865400 0.297236
0.865600 0.302683
0.865800 0.308211
0.866000 0.313822
0.866200 0.319515
0.866400 0.325293
0.866600 0.331155
0.866800 0.337104
0.867000 0.343140
0.867200 0.349264
0.867400 0.355478
0.867600 0.361781
0.867800 0.368177
0.868000 0.374665
0.868200 0.381248
0.868400 0.387926
0.868600 0.394700
0.868800 0.401573
0.869000 0.408546
0.869200 0.415619
0.869400 0.422796
0.869600 0.430077
0.869800 0.437465
0.870000 0.444961
0.870200 0.452568
0.870400 0.460287
0.870600 0.468120
0.870800 0.476071
0.871000 0.484141
0.871200 0.492334
0.871400 0.500652
0.871600 0.509097
0.871800 0.517674
0.872000 0.526386
0.872200 0.535236
0.872400 0.544228
0.872600 0.553367
0.872800 0.562655
0.873000 0.572099
0.873200 0.581703
0.873400 0.591472
0.873600 0.601411
0.873800 0.611528
0.874000 0.621827
0.874200 0.632315
0.874400 0.642999
0.874600 0.653888
0.874800 0.664988
0.875000 0.676308
0.875200 0.687857
0.875400 0.699644
0.875600 0.711679
0.875800 0.723972
0.876000 0.736535
0.876200 0.749378
0.876400 0.762515
0.876600 0.775958
0.876800 0.789720
0.877000 0.803815
0.877200 0.818259
0.877400 0.833067
0.877600 0.848255
0.877800 0.863841
0.878000 0.879841
0.878200 0.896276
0.878400 0.913163
0.878600 0.930523
0.878800 0.948378
0.879000 0.966748
0.879200 0.985657
0.879400 1.005127
0.879600 1.025184
0.879800 1.045851
0.880000 1.067155
0.880200 1.089122
0.880400 1.111780
0.880600 1.135156
0.880800 1.159279
0.881000 1.184178
0.881200 1.209883
0.881400 1.236425
0.881600 1.263835
0.881800 1.292145
0.882000 1.321385
0.882200 1.351590
0.882400 1.382790
0.882600 1.415020
0.882800 1.448312
0.883000 1.482699
0.883200 1.518214
0.883400 1.554890
0.883600 1.592759
0.883800 1.631855
0.884000 1.672207
0.884200 1.713848
0.884400 1.756809
0.884600 1.801118
0.884800 1.846804
0.885000 1.893895
0.885200 1.942417
0.885400 1.992394
0.885600 2.043851
0.885800 2.096808
0.886000 2.151285
0.886200 2.207300
0.886400 2.264868
0.886600 2.324001
0.886800 2.384712
0.887000 2.447007
0.887200 2.510891
0.887400 2.576368
0.887600 2.643434
0.887800 2.712087
0.888000 2.782319
0.888200 2.854117
0.888400 2.927468
0.888600 3.002352
0.888800 3.078747
0.889000 3.156626
0.889200 3.235959
0.889400 3.316710
0.889600 3.398839
0.889800 3.482305
0.890000 3.567057
0.890200 3.653045
0.890400 3.740212
0.890600 3.828495
0.890800 3.917831
0.891000 4.008148
0.891200 4.099372
0.891400 4.191425
0.891600 4.284224
0.891800 4.377682
0.892000 4.471708
0.892200 4.566207
0.892400 4.661082
0.892600 4.756229
0.892800 4.851545
0.893000 4.946920
0.893200 5.042242
0.893400 5.137399
0.893600 5.232273
0.893800 5.326745
0.894000 5.420696
0.894200 5.514003
0.894400 5.606542
0.894600 5.698189
0.894800 5.788819
0.895000 5.878306
0.895200 5.966526
0.895400 6.053352
0.895600 6.138662
0.895800 6.222331
0.896000 6.304238
0.896200 6.384263
0.896400 6.462289
0.896600 6.538200
0.896800 6.611884
0.897000 6.683232
0.897200 6.752139
0.897400 6.818504
0.897600 6.882228
0.897800 6.943221
0.898000 7.001393
0.898200 7.056663
0.898400 7.108953
0.898600 7.158192
0.898800 7.204315
0.899000 7.247262
0.899200 7.286981
0.899400 7.323425
0.899600 7.356554
0.899800 7.386336
0.900000 7.412744
0.900200 7.435760
0.900400 7.455372
0.900600 7.471574
0.900800 7.484369
0.901000 7.493766
0.901200 7.499782
0.901400 7.502440
0.901600 7.501770
0.901800 7.497810
0.902000 7.490603
0.902200 7.480198
0.902400 7.466653
0.902600 7.450030
0.902800 7.430397
0.903000 7.407828
0.903200 7.382403
0.903400 7.354206
0.903600 7.323326
0.903800 7.289857
0.904000 7.253896
0.904200 7.215545
0.904400 7.174910
0.904600 7.132099
0.904800 7.087223
0.905000 7.040395
0.905200 6.991732
0.905400 6.941350
0.905600 6.889368
0.905800 6.835906
0.906000 6.781084
0.906200 6.725024
0.906400 6.667845
0.906600 6.609667
0.906800 6.550611
0.907000 6.490793
0.907200 6.430333
0.907400 6.369344
0.907600 6.307940
0.907800 6.246232
0.908000 6.184329
0.908200 6.122337
0.908400 6.060358
0.908600 5.998493
0.908800 5.936837
0.909000 5.875484
0.909200 5.814522
0.909400 5.754037
0.909600 5.694110
0.909800 5.634818
0.910000 5.576234
0.910200 5.518428
0.910400 5.461462
0.910600 5.405398
0.910800 5.350292
0.911000 5.296193
0.911200 5.243151
0.911400 5.191206
0.911600 5.140398
0.911800 5.090761
0.912000 5.042325
0.912200 4.995115
0.912400 4.949154
0.912600 4.904458
0.912800 4.861044
0.913000 4.818920
0.913200 4.778093
0.913400 4.738568
0.913600 4.700344
0.913800 4.663419
0.914000 4.627785
0.914200 4.593435
0.914400 4.560356
0.914600 4.528535
0.914800 4.497955
0.915000 4.468597
0.915200 4.440441
0.915400 4.413464
0.915600 4.387641
0.915800 4.362946
0.916000 4.339352
0.916200 4.316831
0.916400 4.295351
0.916600 4.274882
0.916800 4.255393
0.917000 4.236851
0.917200 4.219222
0.917400 4.202474
0.917600 4.186571
0.917800 4.171481
0.918000 4.157168
0.918200 4.143598
0.918400 4.130737
0.918600 4.118551
0.918800 4.107006
0.919000 4.096068
0.919200 4.085704
0.919400 4.075881
0.919600 4.066567
0.919800 4.057730
0.920000 4.049340
0.920200 4.041365
0.920400 4.033777
0.920600 4.026545
0.920800 4.019643
0.921000 4.013043
0.921200 4.006718
0.921400 4.000643
0.921600 3.994793
0.921800 3.989143
0.922000 3.983671
0.922200 3.978355
0.922400 3.973172
0.922600 3.968104
0.922800 3.963129
0.923000 3.958230
0.923200 3.953389
0.923400 3.948588
0.923600 3.943811
0.923800 3.939042
0.924000 3.934268
0.924200 3.929474
0.924400 3.924647
0.924600 3.919775
0.924800 3.914846
0.925000 3.909849
0.925200 3.904773
0.925400 3.899610
0.925600 3.894350
0.925800 3.888984
0.926000 3.883506
0.926200 3.877907
0.926400 3.872180
0.926600 3.866320
0.926800 3.860321
0.927000 3.854177
0.927200 3.847884
0.927400 3.841437
0.927600 3.834833
0.927800 3.828067
0.928000 3.821137
0.928200 3.814039
0.928400 3.806771
0.928600 3.799332
0.928800 3.791718
0.929000 3.783928
0.929200 3.775962
0.929400 3.767817
0.929600 3.759493
0.929800 3.750990
0.930000 3.742307
0.930200 3.733443
0.930400 3.724399
0.930600 3.715175
0.930800 3.705771
0.931000 3.696188
0.931200 3.686426
0.931400 3.676487
0.931600 3.666370
0.931800 3.656077
0.932000 3.645610
0.932200 3.634969
0.932400 3.624156
0.932600 3.613173
0.932800 3.602020
0.933000 3.590700
0.933200 3.579214
0.933400 3.567565
0.933600 3.555753
0.933800 3.543781
0.934000 3.531651
0.934200 3.519365
0.934400 3.506925
0.934600 3.494333
0.934800 3.481592
0.935000 3.468704
0.935200 3.455670
0.935400 3.442494
0.935600 3.429177
0.935800 3.415723
0.936000 3.402133
0.936200 3.388411
0.936400 3.374557
0.936600 3.360576
0.936800 3.346470
0.937000 3.332241
0.937200 3.317891
0.937400 3.303424
0.937600 3.288842
0.937800 3.274148
0.938000 3.259344
0.938200 3.244433
0.938400 3.229418
0.938600 3.214301
0.938800 3.199086
0.939000 3.183774
0.939200 3.168369
0.939400 3.152873
0.939600 3.137290
0.939800 3.121621
0.940000 3.105870
0.940200 3.090039
0.940400 3.074131
0.940600 3.058150
0.940800 3.042096
0.941000 3.025975
0.941200 3.009787
0.941400 2.993537
0.941600 2.977226
0.941800 2.960857
0.942000 2.944434
0.942200 2.927959
0.942400 2.911434
0.942600 2.894863
0.942800 2.878248
0.943000 2.861592
0.943200 2.844898
0.943400 2.828168
0.943600 2.811405
0.943800 2.794611
0.944000 2.777790
0.944200 2.760944
0.944400 2.744076
0.944600 2.727188
0.944800 2.710283
0.945000 2.693363
0.945200 2.676431
0.945400 2.659491
0.945600 2.642543
0.945800 2.625592
0.946000 2.608639
0.946200 2.591686
0.946400 2.574737
0.946600 2.557794
0.946800 2.540860
0.947000 2.523936
0.947200 2.507025
0.947400 2.490130
0.947600 2.473253
0.947800 2.456396
0.948000 2.439562
0.948200 2.422753
0.948400 2.405971
0.948600 2.389219
0.948800 2.372498
0.949000 2.355812
0.949200 2.339162
0.949400 2.322550
0.949600 2.305979
0.949800 2.289451
0.950000 2.272967
0.950200 2.256530
0.950400 2.240143
0.950600 2.223806
0.950800 2.207522
0.951000 2.191293
0.951200 2.175121
0.951400 2.159008
0.951600 2.142956
0.951800 2.126966
0.952000 2.111040
0.952200 2.095181
0.952400 2.079389
0.952600 2.063668
0.952800 2.048017
0.953000 2.032440
0.953200 2.016938
0.953400 2.001512
0.953600 1.986165
0.953800 1.970896
0.954000 1.955709
0.954200 1.940605
0.954400 1.925585
0.954600 1.910650
0.954800 1.895803
0.955000 1.881044
0.955200 1.866374
0.955400 1.851796
0.955600 1.837310
0.955800 1.822918
0.956000 1.808621
0.956200 1.794420
0.956400 1.780317
0.956600 1.766312
0.956800 1.752406
0.957000 1.738602
0.957200 1.724899
0.957400 1.711299
0.957600 1.697802
0.957800 1.684411
0.958000 1.671125
0.958200 1.657946
0.958400 1.644875
0.958600 1.631911
0.958800 1.619057
0.959000 1.606314
0.959200 1.593680
0.959400 1.581159
0.959600 1.568749
0.959800 1.556453
0.960000 1.544270
0.960200 1.532201
0.960400 1.520247
0.960600 1.508409
0.960800 1.496686
0.961000 1.485079
0.961200 1.473590
0.961400 1.462218
0.961600 1.450963
0.961800 1.439827
0.962000 1.428809
0.962200 1.417910
0.962400 1.407130
0.962600 1.396470
0.962800 1.385929
0.963000 1.375509
0.963200 1.365208
0.963400 1.355028
0.963600 1.344969
0.963800 1.335030
0.964000 1.325212
0.964200 1.315515
0.964400 1.305939
0.964600 1.296484
0.964800 1.287150
0.965000 1.277938
0.965200 1.268846
0.965400 1.259875
0.965600 1.251025
0.965800 1.242296
0.966000 1.233688
0.966200 1.225200
0.966400 1.216833
0.966600 1.208586
0.966800 1.200459
0.967000 1.192452
0.967200 1.184565
0.967400 1.176797
0.967600 1.169148
0.967800 1.161618
0.968000 1.154207
0.968200 1.146913
0.968400 1.139738
0.968600 1.132680
0.968800 1.125739
0.969000 1.118915
0.969200 1.112207
0.969400 1.105615
0.969600 1.099139
0.969800 1.092777
0.970000 1.086530
0.970200 1.080397
0.970400 1.074378
0.970600 1.068471
0.970800 1.062677
0.971000 1.056995
0.971200 1.051424
0.971400 1.045964
0.971600 1.040614
0.971800 1.035374
0.972000 1.030243
0.972200 1.025220
0.972400 1.020305
0.972600 1.015497
0.972800 1.010795
0.973000 1.006199
0.973200 1.001709
0.973400 0.997322
0.973600 0.993040
0.973800 0.988860
0.974000 0.984783
0.974200 0.980807
0.974400 0.976932
0.974600 0.973157
0.974800 0.969482
0.975000 0.965905
0.975200 0.962426
0.975400 0.959044
0.975600 0.955759
0.975800 0.952569
0.976000 0.949474
0.976200 0.946472
0.976400 0.943564
0.976600 0.940748
0.976800 0.938024
0.977000 0.935390
0.977200 0.932847
0.977400 0.930392
0.977600 0.928026
0.977800 0.925747
0.978000 0.923554
0.978200 0.921448
0.978400 0.919426
0.978600 0.917488
0.978800 0.915634
0.979000 0.913862
0.979200 0.912171
0.979400 0.910561
0.979600 0.909031
0.979800 0.907580
0.980000 0.906207
0.980200 0.904911
0.980400 0.903691
0.980600 0.902547
0.980800 0.901478
0.981000 0.900482
0.981200 0.899559
0.981400 0.898709
0.981600 0.897929
0.981800 0.897220
0.982000 0.896580
0.982200 0.896009
0.982400 0.895506
0.982600 0.895069
0.982800 0.894699
0.983000 0.894393
0.983200 0.894152
0.983400 0.893974
0.983600 0.893859
0.983800 0.893806
0.984000 0.893814
0.984200 0.893881
0.984400 0.894008
0.984600 0.894193
0.984800 0.894436
0.985000 0.894735
0.985200 0.895090
0.985400 0.895501
0.985600 0.895965
0.985800 0.896483
0.986000 0.897053
0.986200 0.897675
0.986400 0.898348
0.986600 0.899071
0.986800 0.899843
0.987000 0.900663
0.987200 0.901532
0.987400 0.902447
0.987600 0.903408
0.987800 0.904415
0.988000 0.905466
0.988200 0.906560
0.988400 0.907698
0.988600 0.908878
0.988800 0.910099
0.989000 0.911361
0.989200 0.912663
0.989400 0.914004
0.989600 0.915383
0.989800 0.916799
0.990000 0.918253
0.990200 0.919743
0.990400 0.921268
0.990600 0.922828
0.990800 0.924422
0.991000 0.926049
0.991200 0.927709
0.991400 0.929400
0.991600 0.931123
0.991800 0.932876
0.992000 0.934658
0.992200 0.936470
0.992400 0.938310
0.992600 0.940178
0.992800 0.942072
0.993000 0.943994
0.993200 0.945940
0.993400 0.947912
0.993600 0.949908
0.993800 0.951928
0.994000 0.953971
0.994200 0.956037
0.994400 0.958124
0.994600 0.960232
0.994800 0.962361
0.995000 0.964510
0.995200 0.966678
0.995400 0.968865
0.995600 0.971071
0.995800 0.973293
0.996000 0.975533
0.996200 0.977789
0.996400 0.980061
0.996600 0.982348
0.996800 0.984650
0.997000 0.986966
0.997200 0.989295
0.997400 0.991637
0.997600 0.993992
0.997800 0.996359
0.998000 0.998737
0.998200 1.001126
0.998400 1.003525
0.998600 1.005934
0.998800 1.008353
0.999000 1.010780
0.999200 1.013215
0.999400 1.015658
0.999600 1.018108
0.999800 1.020565
