0.000000 2.900286
0.000200 2.923676
0.000400 2.947160
0.000600 2.970738
0.000800 2.994407
0.001000 3.018167
0.001200 3.042016
0.001400 3.065951
0.001600 3.089972
0.001800 3.114077
0.002000 3.138263
0.002200 3.162530
0.002400 3.186874
0.002600 3.211296
0.002800 3.235792
0.003000 3.260360
0.003200 3.285000
0.003400 3.309708
0.003600 3.334483
0.003800 3.359324
0.004000 3.384226
0.004200 3.409190
0.004400 3.434213
0.004600 3.459291
0.004800 3.484425
0.005000 3.509611
0.005200 3.534846
0.005400 3.560130
0.005600 3.585459
0.005800 3.610831
0.006000 3.636245
0.006200 3.661697
0.006400 3.687185
0.006600 3.712708
0.006800 3.738262
0.007000 3.763845
0.007200 3.789454
0.007400 3.815088
0.007600 3.840744
0.007800 3.866418
0.008000 3.892110
0.008200 3.917815
0.008400 3.943532
0.008600 3.969257
0.008800 3.994989
0.009000 4.020724
0.009200 4.046461
0.009400 4.072195
0.009600 4.097925
0.009800 4.123648
0.010000 4.149360
0.010200 4.175060
0.010400 4.200744
0.010600 4.226410
0.010800 4.252055
0.011000 4.277676
0.011200 4.303269
0.011400 4.328833
0.011600 4.354365
0.011800 4.379861
0.012000 4.405318
0.012200 4.430734
0.012400 4.456106
0.012600 4.481431
0.012800 4.506705
0.013000 4.531927
0.013200 4.557092
0.013400 4.582198
0.013600 4.607241
0.013800 4.632220
0.014000 4.657131
0.014200 4.681970
0.014400 4.706735
0.014600 4.731423
0.014800 4.756030
0.015000 4.780555
0.015200 4.804992
0.015400 4.829341
0.015600 4.853597
0.015800 4.877757
0.016000 4.901819
0.016200 4.925779
0.016400 4.949634
0.016600 4.973382
0.016800 4.997018
0.017000 5.020541
0.017200 5.043946
0.017400 5.067232
0.017600 5.090395
0.017800 5.113431
0.018000 5.136338
0.018200 5.159113
0.018400 5.181753
0.018600 5.204254
0.018800 5.226614
0.019000 5.248830
0.019200 5.270898
0.019400 5.292817
0.019600 5.314581
0.019800 5.336190
0.020000 5.357639
0.020200 5.378927
0.020400 5.400049
0.020600 5.421003
0.020800 5.441786
0.021000 5.462396
0.021200 5.482829
0.021400 5.503082
0.021600 5.523153
0.021800 5.543039
0.022000 5.562736
0.022200 5.582243
0.022400 5.601557
0.022600 5.620674
0.022800 5.639592
0.023000 5.658309
0.023200 5.676821
0.023400 5.695126
0.023600 5.713222
0.023800 5.731105
0.024000 5.748773
0.024200 5.766224
0.024400 5.783456
0.024600 5.800464
0.024800 5.817248
0.025000 5.833805
0.025200 5.850131
0.025400 5.866226
0.025600 5.882086
0.025800 5.897709
0.026000 5.913094
0.026200 5.928236
0.026400 5.943136
0.026600 5.957789
0.026800 5.972194
0.027000 5.986350
0.027200 6.000253
0.027400 6.013902
0.027600 6.027294
0.027800 6.040429
0.028000 6.053303
0.028200 6.065915
0.028400 6.078263
0.028600 6.090345
0.028800 6.102160
0.029000 6.113705
0.029200 6.124980
0.029400 6.135981
0.029600 6.146708
0.029800 6.157159
0.030000 6.167332
0.030200 6.177226
0.030400 6.186840
0.030600 6.196172
0.030800 6.205220
0.031000 6.213984
0.031200 6.222461
0.031400 6.230652
0.031600 6.238554
0.031800 6.246166
0.032000 6.253487
0.032200 6.260517
0.032400 6.267253
0.032600 6.273696
0.032800 6.279844
0.033000 6.285697
0.033200 6.291253
0.033400 6.296511
0.033600 6.301472
0.033800 6.306133
0.034000 6.310495
0.034200 6.314557
0.034400 6.318319
0.034600 6.321779
0.034800 6.324938
0.035000 6.327795
0.035200 6.330349
0.035400 6.332601
0.035600 6.334550
0.035800 6.336195
0.036000 6.337538
0.036200 6.338576
0.036400 6.339312
0.036600 6.339743
0.036800 6.339871
0.037000 6.339695
0.037200 6.339217
0.037400 6.338434
0.037600 6.337349
0.037800 6.335961
0.038000 6.334271
0.038200 6.332278
0.038400 6.329984
0.038600 6.327389
0.038800 6.324493
0.039000 6.321297
0.039200 6.317801
0.039400 6.314007
0.039600 6.309914
0.039800 6.305523
0.040000 6.300836
0.040200 6.295854
0.040400 6.290576
0.040600 6.285004
0.040800 6.279139
0.041000 6.272982
0.041200 6.266535
0.041400 6.259797
0.041600 6.252771
0.041800 6.245457
0.042000 6.237857
0.042200 6.229972
0.042400 6.221803
0.042600 6.213352
0.042800 6.204620
0.043000 6.195609
0.043200 6.186320
0.043400 6.176755
0.043600 6.166915
0.043800 6.156802
0.044000 6.146418
0.044200 6.135764
0.044400 6.124842
0.044600 6.113654
0.044800 6.102201
0.045000 6.090486
0.045200 6.078511
0.045400 6.066276
0.045600 6.053786
0.045800 6.041040
0.046000 6.028042
0.046200 6.014794
0.046400 6.001297
0.046600 5.987554
0.046800 5.973567
0.047000 5.959338
0.047200 5.944870
0.047400 5.930164
0.047600 5.915223
0.047800 5.900050
0.048000 5.884647
0.048200 5.869016
0.048400 5.853159
0.048600 5.837080
0.048800 5.820780
0.049000 5.804262
0.049200 5.787529
0.049400 5.770583
0.049600 5.753427
0.049800 5.736064
0.050000 5.718495
0.050200 5.700725
0.050400 5.682755
0.050600 5.664587
0.050800 5.646226
0.051000 5.627674
0.051200 5.608933
0.051400 5.590006
0.051600 5.570896
0.051800 5.551606
0.052000 5.532139
0.052200 5.512498
0.052400 5.492685
0.052600 5.472703
0.052800 5.452556
0.053000 5.432245
0.053200 5.411775
0.053400 5.391148
0.053600 5.370368
0.053800 5.349436
0.054000 5.328356
0.054200 5.307131
0.054400 5.285764
0.054600 5.264258
0.054800 5.242616
0.055000 5.220842
0.055200 5.198937
0.055400 5.176906
0.055600 5.154750
0.055800 5.132474
0.056000 5.110080
0.056200 5.087572
0.056400 5.064951
0.056600 5.042223
0.056800 5.019388
0.057000 4.996452
0.057200 4.973416
0.057400 4.950283
0.057600 4.927057
0.057800 4.903741
0.058000 4.880338
0.058200 4.856851
0.058400 4.833282
0.058600 4.809636
0.058800 4.785914
0.059000 4.762120
0.059200 4.738258
0.059400 4.714329
0.059600 4.690337
0.059800 4.666286
0.060000 4.642177
0.060200 4.618014
0.060400 4.593801
0.060600 4.569539
0.060800 4.545232
0.061000 4.520882
0.061200 4.496494
0.061400 4.472069
0.061600 4.447610
0.061800 4.423121
0.062000 4.398604
0.062200 4.374062
0.062400 4.349497
0.062600 4.324914
0.062800 4.300314
0.063000 4.275700
0.063200 4.251075
0.063400 4.226442
0.063600 4.201804
0.063800 4.177163
0.064000 4.152521
0.064200 4.127883
0.064400 4.103249
0.064600 4.078623
0.064800 4.054008
0.065000 4.029406
0.065200 4.004819
0.065400 3.980251
0.065600 3.955703
0.065800 3.931178
0.066000 3.906679
0.066200 3.882208
0.066400 3.857767
0.066600 3.833360
0.066800 3.808987
0.067000 3.784653
0.067200 3.760358
0.067400 3.736105
0.067600 3.711897
0.067800 3.687736
0.068000 3.663623
0.068200 3.639562
0.068400 3.615554
0.068600 3.591601
0.068800 3.567707
0.069000 3.543871
0.069200 3.520098
0.069400 3.496388
0.069600 3.472744
0.069800 3.449168
0.070000 3.425661
0.070200 3.402226
0.070400 3.378865
0.070600 3.355579
0.070800 3.332369
0.071000 3.309239
0.071200 3.286190
0.071400 3.263223
0.071600 3.240340
0.071800 3.217543
0.072000 3.194834
0.072200 3.172213
0.072400 3.149684
0.072600 3.127246
0.072800 3.104903
0.073000 3.082654
0.073200 3.060503
0.073400 3.038449
0.073600 3.016496
0.073800 2.994643
0.074000 2.972892
0.074200 2.951246
0.074400 2.929704
0.074600 2.908268
0.074800 2.886940
0.075000 2.865721
0.075200 2.844611
0.075400 2.823612
0.075600 2.802726
0.075800 2.781952
0.076000 2.761293
0.076200 2.740749
0.076400 2.720321
0.076600 2.700010
0.076800 2.679818
0.077000 2.659744
0.077200 2.639790
0.077400 2.619957
0.077600 2.600246
0.077800 2.580657
0.078000 2.561191
0.078200 2.541848
0.078400 2.522631
0.078600 2.503538
0.078800 2.484572
0.079000 2.465731
0.079200 2.447018
0.079400 2.428433
0.079600 2.409976
0.079800 2.391647
0.080000 2.373448
0.080200 2.355378
0.080400 2.337438
0.080600 2.319629
0.080800 2.301950
0.081000 2.284403
0.081200 2.266987
0.081400 2.249703
0.081600 2.232551
0.081800 2.215532
0.082000 2.198645
0.082200 2.181891
0.082400 2.165270
0.082600 2.148782
0.082800 2.132427
0.083000 2.116206
0.083200 2.100118
0.083400 2.084164
0.083600 2.068343
0.083800 2.052656
0.084000 2.037102
0.084200 2.021682
0.084400 2.006395
0.084600 1.991242
0.084800 1.976223
0.085000 1.961336
0.085200 1.946583
0.085400 1.931963
0.085600 1.917475
0.085800 1.903120
0.086000 1.888898
0.086200 1.874808
0.086400 1.860850
0.086600 1.847023
0.086800 1.833328
0.087000 1.819764
0.087200 1.806331
0.087400 1.793028
0.087600 1.779856
0.087800 1.766813
0.088000 1.753900
0.088200 1.741115
0.088400 1.728460
0.088600 1.715932
0.088800 1.703533
0.089000 1.691260
0.089200 1.679114
0.089400 1.667095
0.089600 1.655202
0.089800 1.643433
0.090000 1.631790
0.090200 1.620271
0.090400 1.608876
0.090600 1.597603
0.090800 1.586454
0.091000 1.575426
0.091200 1.564520
0.091400 1.553735
0.091600 1.543069
0.091800 1.532524
0.092000 1.522097
0.092200 1.511789
0.092400 1.501598
0.092600 1.491524
0.092800 1.481566
0.093000 1.471724
0.093200 1.461997
0.093400 1.452384
0.093600 1.442885
0.093800 1.433498
0.094000 1.424224
0.094200 1.415061
0.094400 1.406008
0.094600 1.397065
0.094800 1.388232
0.095000 1.379506
0.095200 1.370888
0.095400 1.362378
0.095600 1.353973
0.095800 1.345673
0.096000 1.337478
0.096200 1.329386
0.096400 1.321398
0.096600 1.313511
0.096800 1.305726
0.097000 1.298041
0.097200 1.290456
0.097400 1.282970
0.097600 1.275582
0.097800 1.268291
0.098000 1.261097
0.098200 1.253998
0.098400 1.246994
0.098600 1.240084
0.098800 1.233268
0.099000 1.226543
0.099200 1.219910
0.099400 1.213368
0.099600 1.206915
0.099800 1.200552
0.100000 1.194276
0.100200 1.188088
0.100400 1.181987
0.100600 1.175971
0.100800 1.170040
0.101000 1.164193
0.101200 1.158429
0.101400 1.152748
0.101600 1.147148
0.101800 1.141628
0.102000 1.136189
0.102200 1.130829
0.102400 1.125546
0.102600 1.120342
0.102800 1.115213
0.103000 1.110161
0.103200 1.105183
0.103400 1.100280
0.103600 1.095450
0.103800 1.090692
0.104000 1.086006
0.104200 1.081391
0.104400 1.076847
0.104600 1.072371
0.104800 1.067964
0.105000 1.063624
0.105200 1.059352
0.105400 1.055145
0.105600 1.051004
0.105800 1.046928
0.106000 1.042915
0.106200 1.038966
0.106400 1.035078
0.106600 1.031252
0.106800 1.027487
0.107000 1.023782
0.107200 1.020136
0.107400 1.016548
0.107600 1.013019
0.107800 1.009546
0.108000 1.006130
0.108200 1.002769
0.108400 0.999463
0.108600 0.996211
0.108800 0.993012
0.109000 0.989866
0.109200 0.986773
0.109400 0.983730
0.109600 0.980738
0.109800 0.977796
0.110000 0.974903
0.110200 0.972059
0.110400 0.969262
0.110600 0.966513
0.110800 0.963811
0.111000 0.961154
0.111200 0.958542
0.111400 0.955975
0.111600 0.953453
0.111800 0.950973
0.112000 0.948536
0.112200 0.946141
0.112400 0.943788
0.112600 0.941475
0.112800 0.939203
0.113000 0.936970
0.113200 0.934776
0.113400 0.932621
0.113600 0.930504
0.113800 0.928424
0.114000 0.926380
0.114200 0.924373
0.114400 0.922401
0.114600 0.920465
0.114800 0.918563
0.115000 0.916694
0.115200 0.914859
0.115400 0.913058
0.115600 0.911288
0.115800 0.909550
0.116000 0.907843
0.116200 0.906168
0.116400 0.904522
0.116600 0.902906
0.116800 0.901320
0.117000 0.899762
0.117200 0.898233
0.117400 0.896732
0.117600 0.895257
0.117800 0.893810
0.118000 0.892389
0.118200 0.890995
0.118400 0.889625
0.118600 0.888281
0.118800 0.886962
0.119000 0.885666
0.119200 0.884395
0.119400 0.883146
0.119600 0.881921
0.119800 0.880719
0.120000 0.879538
0.120200 0.878379
0.120400 0.877242
0.120600 0.876125
0.120800 0.875029
0.121000 0.873953
0.121200 0.872897
0.121400 0.871860
0.121600 0.870843
0.121800 0.869844
0.122000 0.868863
0.122200 0.867901
0.122400 0.866956
0.122600 0.866028
0.122800 0.865118
0.123000 0.864224
0.123200 0.863346
0.123400 0.862484
0.123600 0.861638
0.123800 0.860808
0.124000 0.859992
0.124200 0.859191
0.124400 0.858405
0.124600 0.857632
0.124800 0.856874
0.125000 0.856129
0.125200 0.855397
0.125400 0.854679
0.125600 0.853973
0.125800 0.853279
0.126000 0.852598
0.126200 0.851929
0.126400 0.851271
0.126600 0.850625
0.126800 0.849990
0.127000 0.849366
0.127200 0.848753
0.127400 0.848150
0.127600 0.847557
0.127800 0.846974
0.128000 0.846402
0.128200 0.845838
0.128400 0.845284
0.128600 0.844739
0.128800 0.844203
0.129000 0.843675
0.129200 0.843157
0.129400 0.842646
0.129600 0.842143
0.129800 0.841649
0.130000 0.841162
0.130200 0.840682
0.130400 0.840210
0.130600 0.839745
0.130800 0.839287
0.131000 0.838836
0.131200 0.838391
0.131400 0.837953
0.131600 0.837521
0.131800 0.837095
0.132000 0.836675
0.132200 0.836261
0.132400 0.835853
0.132600 0.835450
0.132800 0.835052
0.133000 0.834660
0.133200 0.834272
0.133400 0.833890
0.133600 0.833512
0.133800 0.833139
0.134000 0.832770
0.134200 0.832406
0.134400 0.832046
0.134600 0.831690
0.134800 0.831339
0.135000 0.830991
0.135200 0.830646
0.135400 0.830306
0.135600 0.829969
0.135800 0.829635
0.136000 0.829305
0.136200 0.828978
0.136400 0.828653
0.136600 0.828332
0.136800 0.828014
0.137000 0.827699
0.137200 0.827386
0.137400 0.827076
0.137600 0.826768
0.137800 0.826463
0.138000 0.826160
0.138200 0.825859
0.138400 0.825560
0.138600 0.825264
0.138800 0.824969
0.139000 0.824676
0.139200 0.824385
0.139400 0.824096
0.139600 0.823809
0.139800 0.823523
0.140000 0.823238
0.140200 0.822955
0.140400 0.822673
0.140600 0.822393
0.140800 0.822114
0.141000 0.821836
0.141200 0.821559
0.141400 0.821283
0.141600 0.821008
0.141800 0.820734
0.142000 0.820461
0.142200 0.820189
0.142400 0.819917
0.142600 0.819646
0.142800 0.819376
0.143000 0.819106
0.143200 0.818837
0.143400 0.818568
0.143600 0.818300
0.143800 0.818032
0.144000 0.817764
0.144200 0.817497
0.144400 0.817230
0.144600 0.816963
0.144800 0.816697
0.145000 0.816430
0.145200 0.816163
0.145400 0.815897
0.145600 0.815630
0.145800 0.815364
0.146000 0.815097
0.146200 0.814830
0.146400 0.814563
0.146600 0.814296
0.146800 0.814029
0.147000 0.813761
0.147200 0.813494
0.147400 0.813225
0.147600 0.812957
0.147800 0.812688
0.148000 0.812419
0.148200 0.812149
0.148400 0.811879
0.148600 0.811608
0.148800 0.811337
0.149000 0.811065
0.149200 0.810792
0.149400 0.810519
0.149600 0.810246
0.149800 0.809972
0.150000 0.809697
0.150200 0.809421
0.150400 0.809145
0.150600 0.808868
0.150800 0.808590
0.151000 0.808312
0.151200 0.808032
0.151400 0.807752
0.151600 0.807471
0.151800 0.807190
0.152000 0.806907
0.152200 0.806624
0.152400 0.806339
0.152600 0.806054
0.152800 0.805768
0.153000 0.805481
0.153200 0.805192
0.153400 0.804903
0.153600 0.804613
0.153800 0.804322
0.154000 0.804030
0.154200 0.803737
0.154400 0.803443
0.154600 0.803148
0.154800 0.802852
0.155000 0.802555
0.155200 0.802256
0.155400 0.801957
0.155600 0.801656
0.155800 0.801355
0.156000 0.801052
0.156200 0.800748
0.156400 0.800443
0.156600 0.800137
0.156800 0.799830
0.157000 0.799522
0.157200 0.799212
0.157400 0.798901
0.157600 0.798589
0.157800 0.798276
0.158000 0.797962
0.158200 0.797646
0.158400 0.797330
0.158600 0.797012
0.158800 0.796693
0.159000 0.796372
0.159200 0.796051
0.159400 0.795728
0.159600 0.795404
0.159800 0.795078
0.160000 0.794752
0.160200 0.794424
0.160400 0.794095
0.160600 0.793765
0.160800 0.793433
0.161000 0.793100
0.161200 0.792766
0.161400 0.792431
0.161600 0.792094
0.161800 0.791756
0.162000 0.791417
0.162200 0.791076
0.162400 0.790734
0.162600 0.790391
0.162800 0.790047
0.163000 0.789701
0.163200 0.789354
0.163400 0.789005
0.163600 0.788656
0.163800 0.788305
0.164000 0.787952
0.164200 0.787599
0.164400 0.787244
0.164600 0.786888
0.164800 0.786530
0.165000 0.786171
0.165200 0.785811
0.165400 0.785450
0.165600 0.785087
0.165800 0.784723
0.166000 0.784357
0.166200 0.783991
0.166400 0.783623
0.166600 0.783253
0.166800 0.782882
0.167000 0.782510
0.167200 0.782137
0.167400 0.781762
0.167600 0.781386
0.167800 0.781009
0.168000 0.780630
0.168200 0.780250
0.168400 0.779869
0.168600 0.779487
0.168800 0.779103
0.169000 0.778717
0.169200 0.778331
0.169400 0.777943
0.169600 0.777554
0.169800 0.777163
0.170000 0.776771
0.170200 0.776378
0.170400 0.775984
0.170600 0.775588
0.170800 0.775191
0.171000 0.774792
0.171200 0.774393
0.171400 0.773992
0.171600 0.773589
0.171800 0.773186
0.172000 0.772781
0.172200 0.772374
0.172400 0.771967
0.172600 0.771558
0.172800 0.771148
0.173000 0.770736
0.173200 0.770323
0.173400 0.769909
0.173600 0.769494
0.173800 0.769077
0.174000 0.768659
0.174200 0.768240
0.174400 0.767820
0.174600 0.767398
0.174800 0.766975
0.175000 0.766550
0.175200 0.766124
0.175400 0.765698
0.175600 0.765269
0.175800 0.764840
0.176000 0.764409
0.176200 0.763977
0.176400 0.763544
0.176600 0.763109
0.176800 0.762673
0.177000 0.762236
0.177200 0.761797
0.177400 0.761358
0.177600 0.760917
0.177800 0.760475
0.178000 0.760031
0.178200 0.759587
0.178400 0.759141
0.178600 0.758693
0.178800 0.758245
0.179000 0.757795
0.179200 0.757344
0.179400 0.756892
0.179600 0.756439
0.179800 0.755984
0.180000 0.755528
0.180200 0.755071
0.180400 0.754613
0.180600 0.754153
0.180800 0.753692
0.181000 0.753230
0.181200 0.752767
0.181400 0.752303
0.181600 0.751837
0.181800 0.751370
0.182000 0.750902
0.182200 0.750433
0.182400 0.749962
0.182600 0.749490
0.182800 0.749018
0.183000 0.748543
0.183200 0.748068
0.183400 0.747592
0.183600 0.747114
0.183800 0.746635
0.184000 0.746155
0.184200 0.745674
0.184400 0.745191
0.184600 0.744708
0.184800 0.744223
0.185000 0.743737
0.185200 0.743250
0.185400 0.742762
0.185600 0.742272
0.185800 0.741782
0.186000 0.741290
0.186200 0.740797
0.186400 0.740303
0.186600 0.739808
0.186800 0.739311
0.187000 0.738814
0.187200 0.738315
0.187400 0.737815
0.187600 0.737314
0.187800 0.736812
0.188000 0.736309
0.188200 0.735804
0.188400 0.735299
0.188600 0.734792
0.188800 0.734285
0.189000 0.733776
0.189200 0.733266
0.189400 0.732755
0.189600 0.732243
0.189800 0.731729
0.190000 0.731215
0.190200 0.730699
0.190400 0.730183
0.190600 0.729665
0.190800 0.729146
0.191000 0.728626
0.191200 0.728105
0.191400 0.727583
0.191600 0.727060
0.191800 0.726536
0.192000 0.726011
0.192200 0.725484
0.192400 0.724957
0.192600 0.724428
0.192800 0.723899
0.193000 0.723368
0.193200 0.722837
0.193400 0.722304
0.193600 0.721770
0.193800 0.721235
0.194000 0.720699
0.194200 0.720162
0.194400 0.719624
0.194600 0.719085
0.194800 0.718545
0.195000 0.718004
0.195200 0.717462
0.195400 0.716919
0.195600 0.716375
0.195800 0.715829
0.196000 0.715283
0.196200 0.714736
0.196400 0.714188
0.196600 0.713638
0.196800 0.713088
0.197000 0.712537
0.197200 0.711985
0.197400 0.711431
0.197600 0.710877
0.197800 0.710322
0.198000 0.709766
0.198200 0.709208
0.198400 0.708650
0.198600 0.708091
0.198800 0.707531
0.199000 0.706970
0.199200 0.706407
0.199400 0.705844
0.199600 0.705280
0.199800 0.704715
0.200000 0.704149
0.200200 0.703582
0.200400 0.703014
0.200600 0.702446
0.200800 0.701876
0.201000 0.701305
0.201200 0.700733
0.201400 0.700161
0.201600 0.699587
0.201800 0.699013
0.202000 0.698437
0.202200 0.697861
0.202400 0.697284
0.202600 0.696706
0.202800 0.696127
0.203000 0.695547
0.203200 0.694966
0.203400 0.694384
0.203600 0.693801
0.203800 0.693218
0.204000 0.692633
0.204200 0.692048
0.204400 0.691461
0.204600 0.690874
0.204800 0.690286
0.205000 0.689697
0.205200 0.689107
0.205400 0.688517
0.205600 0.687925
0.205800 0.687332
0.206000 0.686739
0.206200 0.686145
0.206400 0.685550
0.206600 0.684954
0.206800 0.684357
0.207000 0.683760
0.207200 0.683161
0.207400 0.682562
0.207600 0.681962
0.207800 0.681361
0.208000 0.680759
0.208200 0.680156
0.208400 0.679553
0.208600 0.678949
0.208800 0.678343
0.209000 0.677737
0.209200 0.677131
0.209400 0.676523
0.209600 0.675915
0.209800 0.675306
0.210000 0.674696
0.210200 0.674085
0.210400 0.673473
0.210600 0.672861
0.210800 0.672248
0.211000 0.671634
0.211200 0.671019
0.211400 0.670403
0.211600 0.669787
0.211800 0.669170
0.212000 0.668552
0.212200 0.667933
0.212400 0.667314
0.212600 0.666694
0.212800 0.666073
0.213000 0.665451
0.213200 0.664829
0.213400 0.664206
0.213600 0.663582
0.213800 0.662957
0.214000 0.662332
0.214200 0.661706
0.214400 0.661079
0.214600 0.660451
0.214800 0.659823
0.215000 0.659194
0.215200 0.658564
0.215400 0.657934
0.215600 0.657302
0.215800 0.656670
0.216000 0.656038
0.216200 0.655405
0.216400 0.654771
0.216600 0.654136
0.216800 0.653500
0.217000 0.652864
0.217200 0.652228
0.217400 0.651590
0.217600 0.650952
0.217800 0.650313
0.218000 0.649674
0.218200 0.649033
0.218400 0.648392
0.218600 0.647751
0.218800 0.647109
0.219000 0.646466
0.219200 0.645822
0.219400 0.645178
0.219600 0.644533
0.219800 0.643888
0.220000 0.643242
0.220200 0.642595
0.220400 0.641948
0.220600 0.641300
0.220800 0.640651
0.221000 0.640002
0.221200 0.639352
0.221400 0.638702
0.221600 0.638050
0.221800 0.637399
0.222000 0.636746
0.222200 0.636093
0.222400 0.635440
0.222600 0.634786
0.222800 0.634131
0.223000 0.633476
0.223200 0.632820
0.223400 0.632163
0.223600 0.631506
0.223800 0.630848
0.224000 0.630190
0.224200 0.629531
0.224400 0.628872
0.224600 0.628212
0.224800 0.627551
0.225000 0.626890
0.225200 0.626229
0.225400 0.625566
0.225600 0.624904
0.225800 0.624240
0.226000 0.623576
0.226200 0.622912
0.226400 0.622247
0.226600 0.621582
0.226800 0.620916
0.227000 0.620249
0.227200 0.619582
0.227400 0.618914
0.227600 0.618246
0.227800 0.617578
0.228000 0.616909
0.228200 0.616239
0.228400 0.615569
0.228600 0.614898
0.228800 0.614227
0.229000 0.613555
0.229200 0.612883
0.229400 0.612210
0.229600 0.611537
0.229800 0.610864
0.230000 0.610190
0.230200 0.609515
0.230400 0.608840
0.230600 0.608164
0.230800 0.607488
0.231000 0.606812
0.231200 0.606135
0.231400 0.605458
0.231600 0.604780
0.231800 0.604102
0.232000 0.603423
0.232200 0.602744
0.232400 0.602064
0.232600 0.601384
0.232800 0.600704
0.233000 0.600023
0.233200 0.599341
0.233400 0.598660
0.233600 0.597977
0.233800 0.597295
0.234000 0.596612
0.234200 0.595928
0.234400 0.595245
0.234600 0.594560
0.234800 0.593876
0.235000 0.593191
0.235200 0.592505
0.235400 0.591819
0.235600 0.591133
0.235800 0.590446
0.236000 0.589759
0.236200 0.589072
0.236400 0.588384
0.236600 0.587696
0.236800 0.587008
0.237000 0.586319
0.237200 0.585630
0.237400 0.584940
0.237600 0.584250
0.237800 0.583560
0.238000 0.582869
0.238200 0.582178
0.238400 0.581487
0.238600 0.580795
0.238800 0.580103
0.239000 0.579411
0.239200 0.578718
0.239400 0.578025
0.239600 0.577331
0.239800 0.576638
0.240000 0.575944
0.240200 0.575249
0.240400 0.574555
0.240600 0.573860
0.240800 0.573165
0.241000 0.572469
0.241200 0.571773
0.241400 0.571077
0.241600 0.570381
0.241800 0.569684
0.242000 0.568987
0.242200 0.568290
0.242400 0.567592
0.242600 0.566894
0.242800 0.566196
0.243000 0.565498
0.243200 0.564799
0.243400 0.564100
0.243600 0.563401
0.243800 0.562701
0.244000 0.562002
0.244200 0.561302
0.244400 0.560601
0.244600 0.559901
0.244800 0.559200
0.245000 0.558499
0.245200 0.557798
0.245400 0.557096
0.245600 0.556395
0.245800 0.555693
0.246000 0.554991
0.246200 0.554288
0.246400 0.553586
0.246600 0.552883
0.246800 0.552180
0.247000 0.551477
0.247200 0.550774
0.247400 0.550070
0.247600 0.549366
0.247800 0.548662
0.248000 0.547958
0.248200 0.547254
0.248400 0.546549
0.248600 0.545844
0.248800 0.545139
0.249000 0.544434
0.249200 0.543729
0.249400 0.543023
0.249600 0.542318
0.249800 0.541612
0.250000 0.540906
0.250200 0.540200
0.250400 0.539494
0.250600 0.538787
0.250800 0.538081
0.251000 0.537374
0.251200 0.536667
0.251400 0.535960
0.251600 0.535253
0.251800 0.534545
0.252000 0.533838
0.252200 0.533130
0.252400 0.532423
0.252600 0.531715
0.252800 0.531007
0.253000 0.530299
0.253200 0.529591
0.253400 0.528883
0.253600 0.528174
0.253800 0.527466
0.254000 0.526757
0.254200 0.526048
0.254400 0.525340
0.254600 0.524631
0.254800 0.523922
0.255000 0.523213
0.255200 0.522504
0.255400 0.521794
0.255600 0.521085
0.255800 0.520376
0.256000 0.519666
0.256200 0.518957
0.256400 0.518247
0.256600 0.517538
0.256800 0.516828
0.257000 0.516118
0.257200 0.515408
0.257400 0.514698
0.257600 0.513989
0.257800 0.513279
0.258000 0.512569
0.258200 0.511859
0.258400 0.511148
0.258600 0.510438
0.258800 0.509728
0.259000 0.509018
0.259200 0.508308
0.259400 0.507598
0.259600 0.506887
0.259800 0.506177
0.260000 0.505467
0.260200 0.504757
0.260400 0.504046
0.260600 0.503336
0.260800 0.502626
0.261000 0.501915
0.261200 0.501205
0.261400 0.500495
0.261600 0.499785
0.261800 0.499074
0.262000 0.498364
0.262200 0.497654
0.262400 0.496944
0.262600 0.496234
0.262800 0.495523
0.263000 0.494813
0.263200 0.494103
0.263400 0.493393
0.263600 0.492683
0.263800 0.491973
0.264000 0.491263
0.264200 0.490553
0.264400 0.489843
0.264600 0.489134
0.264800 0.488424
0.265000 0.487714
0.265200 0.487005
0.265400 0.486295
0.265600 0.485586
0.265800 0.484876
0.266000 0.484167
0.266200 0.483458
0.266400 0.482748
0.266600 0.482039
0.266800 0.481330
0.267000 0.480621
0.267200 0.479913
0.267400 0.479204
0.267600 0.478495
0.267800 0.477787
0.268000 0.477078
0.268200 0.476370
0.268400 0.475662
0.268600 0.474953
0.268800 0.474245
0.269000 0.473537
0.269200 0.472830
0.269400 0.472122
0.269600 0.471414
0.269800 0.470707
0.270000 0.470000
0.270200 0.469292
0.270400 0.468585
0.270600 0.467878
0.270800 0.467172
0.271000 0.466465
0.271200 0.465759
0.271400 0.465052
0.271600 0.464346
0.271800 0.463640
0.272000 0.462934
0.272200 0.462228
0.272400 0.461523
0.272600 0.460817
0.272800 0.460112
0.273000 0.459407
0.273200 0.458702
0.273400 0.457997
0.273600 0.457293
0.273800 0.456588
0.274000 0.455884
0.274200 0.455180
0.274400 0.454476
0.274600 0.453773
0.274800 0.453069
0.275000 0.452366
0.275200 0.451663
0.275400 0.450960
0.275600 0.450257
0.275800 0.449555
0.276000 0.448853
0.276200 0.448151
0.276400 0.447449
0.276600 0.446747
0.276800 0.446046
0.277000 0.445345
0.277200 0.444644
0.277400 0.443943
0.277600 0.443242
0.277800 0.442542
0.278000 0.441842
0.278200 0.441142
0.278400 0.440443
0.278600 0.439743
0.278800 0.439044
0.279000 0.438345
0.279200 0.437647
0.279400 0.436948
0.279600 0.436250
0.279800 0.435552
0.280000 0.434855
0.280200 0.434157
0.280400 0.433460
0.280600 0.432763
0.280800 0.432067
0.281000 0.431371
0.281200 0.430675
0.281400 0.429979
0.281600 0.429283
0.281800 0.428588
0.282000 0.427893
0.282200 0.427199
0.282400 0.426504
0.282600 0.425810
0.282800 0.425117
0.283000 0.424423
0.283200 0.423730
0.283400 0.423037
0.283600 0.422345
0.283800 0.421652
0.284000 0.420960
0.284200 0.420269
0.284400 0.419577
0.284600 0.418886
0.284800 0.418196
0.285000 0.417505
0.285200 0.416815
0.285400 0.416126
0.285600 0.415436
0.285800 0.414747
0.286000 0.414058
0.286200 0.413370
0.286400 0.412682
0.286600 0.411994
0.286800 0.411307
0.287000 0.410619
0.287200 0.409933
0.287400 0.409246
0.287600 0.408560
0.287800 0.407875
0.288000 0.407189
0.288200 0.406504
0.288400 0.405820
0.288600 0.405135
0.288800 0.404451
0.289000 0.403768
0.289200 0.403085
0.289400 0.402402
0.289600 0.401719
0.289800 0.401037
0.290000 0.400356
0.290200 0.399674
0.290400 0.398993
0.290600 0.398313
0.290800 0.397633
0.291000 0.396953
0.291200 0.396273
0.291400 0.395594
0.291600 0.394916
0.291800 0.394238
0.292000 0.393560
0.292200 0.392882
0.292400 0.392205
0.292600 0.391529
0.292800 0.390852
0.293000 0.390177
0.293200 0.389501
0.293400 0.388826
0.293600 0.388152
0.293800 0.387478
0.294000 0.386804
0.294200 0.386130
0.294400 0.385458
0.294600 0.384785
0.294800 0.384113
0.295000 0.383441
0.295200 0.382770
0.295400 0.382099
0.295600 0.381429
0.295800 0.380759
0.296000 0.380090
0.296200 0.379421
0.296400 0.378752
0.296600 0.378084
0.296800 0.377416
0.297000 0.376749
0.297200 0.376083
0.297400 0.375416
0.297600 0.374750
0.297800 0.374085
0.298000 0.373420
0.298200 0.372756
0.298400 0.372092
0.298600 0.371428
0.298800 0.370765
0.299000 0.370102
0.299200 0.369440
0.299400 0.368779
0.299600 0.368117
0.299800 0.367457
0.300000 0.366796
0.300200 0.366137
0.300400 0.365477
0.300600 0.364819
0.300800 0.364160
0.301000 0.363503
0.301200 0.362845
0.301400 0.362189
0.301600 0.361532
0.301800 0.360876
0.302000 0.360221
0.302200 0.359566
0.302400 0.358912
0.302600 0.358258
0.302800 0.357605
0.303000 0.356952
0.303200 0.356300
0.303400 0.355648
0.303600 0.354997
0.303800 0.354346
0.304000 0.353696
0.304200 0.353046
0.304400 0.352397
0.304600 0.351748
0.304800 0.351100
0.305000 0.350453
0.305200 0.349806
0.305400 0.349159
0.305600 0.348513
0.305800 0.347868
0.306000 0.347223
0.306200 0.346578
0.306400 0.345935
0.306600 0.345291
0.306800 0.344649
0.307000 0.344006
0.307200 0.343365
0.307400 0.342724
0.307600 0.342083
0.307800 0.341443
0.308000 0.340804
0.308200 0.340165
0.308400 0.339526
0.308600 0.338889
0.308800 0.338251
0.309000 0.337615
0.309200 0.336979
0.309400 0.336343
0.309600 0.335708
0.309800 0.335074
0.310000 0.334440
0.310200 0.333807
0.310400 0.333174
0.310600 0.332542
0.310800 0.331911
0.311000 0.331280
0.311200 0.330650
0.311400 0.330020
0.311600 0.329391
0.311800 0.328762
0.312000 0.328134
0.312200 0.327507
0.312400 0.326880
0.312600 0.326254
0.312800 0.325628
0.313000 0.325003
0.313200 0.324379
0.313400 0.323755
0.313600 0.323132
0.313800 0.322509
0.314000 0.321887
0.314200 0.321266
0.314400 0.320645
0.314600 0.320025
0.314800 0.319406
0.315000 0.318787
0.315200 0.318169
0.315400 0.317551
0.315600 0.316934
0.315800 0.316317
0.316000 0.315702
0.316200 0.315086
0.316400 0.314472
0.316600 0.313858
0.316800 0.313245
0.317000 0.312632
0.317200 0.312020
0.317400 0.311409
0.317600 0.310798
0.317800 0.310188
0.318000 0.309578
0.318200 0.308969
0.318400 0.308361
0.318600 0.307754
0.318800 0.307147
0.319000 0.306541
0.319200 0.305935
0.319400 0.305330
0.319600 0.304726
0.319800 0.304122
0.320000 0.303519
0.320200 0.302917
0.320400 0.302315
0.320600 0.301714
0.320800 0.301114
0.321000 0.300514
0.321200 0.299915
0.321400 0.299316
0.321600 0.298719
0.321800 0.298122
0.322000 0.297525
0.322200 0.296930
0.322400 0.296335
0.322600 0.295740
0.322800 0.295147
0.323000 0.294554
0.323200 0.293961
0.323400 0.293370
0.323600 0.292779
0.323800 0.292188
0.324000 0.291599
0.324200 0.291010
0.324400 0.290422
0.324600 0.289834
0.324800 0.289247
0.325000 0.288661
0.325200 0.288076
0.325400 0.287491
0.325600 0.286907
0.325800 0.286324
0.326000 0.285741
0.326200 0.285159
0.326400 0.284578
0.326600 0.283997
0.326800 0.283417
0.327000 0.282838
0.327200 0.282260
0.327400 0.281682
0.327600 0.281105
0.327800 0.280529
0.328000 0.279953
0.328200 0.279378
0.328400 0.278804
0.328600 0.278231
0.328800 0.277658
0.329000 0.277086
0.329200 0.276514
0.329400 0.275944
0.329600 0.275374
0.329800 0.274805
0.330000 0.274236
0.330200 0.273669
0.330400 0.273102
0.330600 0.272536
0.330800 0.271970
0.331000 0.271405
0.331200 0.270841
0.331400 0.270278
0.331600 0.269716
0.331800 0.269154
0.332000 0.268593
0.332200 0.268032
0.332400 0.267473
0.332600 0.266914
0.332800 0.266356
0.333000 0.265798
0.333200 0.265242
0.333400 0.264686
0.333600 0.264131
0.333800 0.263577
0.334000 0.263023
0.334200 0.262470
0.334400 0.261918
0.334600 0.261367
0.334800 0.260816
0.335000 0.260266
0.335200 0.259717
0.335400 0.259169
0.335600 0.258621
0.335800 0.258075
0.336000 0.257528
0.336200 0.256983
0.336400 0.256439
0.336600 0.255895
0.336800 0.255352
0.337000 0.254810
0.337200 0.254269
0.337400 0.253728
0.337600 0.253188
0.337800 0.252649
0.338000 0.252111
0.338200 0.251573
0.338400 0.251036
0.338600 0.250500
0.338800 0.249965
0.339000 0.249431
0.339200 0.248897
0.339400 0.248364
0.339600 0.247832
0.339800 0.247301
0.340000 0.246771
0.340200 0.246241
0.340400 0.245712
0.340600 0.245184
0.340800 0.244657
0.341000 0.244130
0.341200 0.243604
0.341400 0.243080
0.341600 0.242555
0.341800 0.242032
0.342000 0.241510
0.342200 0.240988
0.342400 0.240467
0.342600 0.239947
0.342800 0.239428
0.343000 0.238909
0.343200 0.238391
0.343400 0.237875
0.343600 0.237358
0.343800 0.236843
0.344000 0.236329
0.344200 0.235815
0.344400 0.235302
0.344600 0.234790
0.344800 0.234279
0.345000 0.233769
0.345200 0.233259
0.345400 0.232751
0.345600 0.232243
0.345800 0.231736
0.346000 0.231229
0.346200 0.230724
0.346400 0.230219
0.346600 0.229716
0.346800 0.229213
0.347000 0.228710
0.347200 0.228209
0.347400 0.227709
0.347600 0.227209
0.347800 0.226710
0.348000 0.226212
0.348200 0.225715
0.348400 0.225219
0.348600 0.224724
0.348800 0.224229
0.349000 0.223735
0.349200 0.223242
0.349400 0.222750
0.349600 0.222259
0.349800 0.221769
0.350000 0.221279
0.350200 0.220790
0.350400 0.220303
0.350600 0.219816
0.350800 0.219329
0.351000 0.218844
0.351200 0.218360
0.351400 0.217876
0.351600 0.217393
0.351800 0.216911
0.352000 0.216430
0.352200 0.215950
0.352400 0.215471
0.352600 0.214993
0.352800 0.214515
0.353000 0.214038
0.353200 0.213562
0.353400 0.213087
0.353600 0.212613
0.353800 0.212140
0.354000 0.211668
0.354200 0.211196
0.354400 0.210726
0.354600 0.210256
0.354800 0.209787
0.355000 0.209319
0.355200 0.208852
0.355400 0.208385
0.355600 0.207920
0.355800 0.207456
0.356000 0.206992
0.356200 0.206529
0.356400 0.206067
0.356600 0.205606
0.356800 0.205146
0.357000 0.204687
0.357200 0.204229
0.357400 0.203771
0.357600 0.203315
0.357800 0.202859
0.358000 0.202404
0.358200 0.201950
0.358400 0.201497
0.358600 0.201045
0.358800 0.200594
0.359000 0.200144
0.359200 0.199694
0.359400 0.199246
0.359600 0.198798
0.359800 0.198351
0.360000 0.197906
0.360200 0.197461
0.360400 0.197017
0.360600 0.196574
0.360800 0.196131
0.361000 0.195690
0.361200 0.195250
0.361400 0.194810
0.361600 0.194372
0.361800 0.193934
0.362000 0.193497
0.362200 0.193061
0.362400 0.192626
0.362600 0.192192
0.362800 0.191759
0.363000 0.191327
0.363200 0.190896
0.363400 0.190466
0.363600 0.190036
0.363800 0.189608
0.364000 0.189180
0.364200 0.188753
0.364400 0.188328
0.364600 0.187903
0.364800 0.187479
0.365000 0.187056
0.365200 0.186634
0.365400 0.186213
0.365600 0.185793
0.365800 0.185374
0.366000 0.184955
0.366200 0.184538
0.366400 0.184122
0.366600 0.183706
0.366800 0.183292
0.367000 0.182878
0.367200 0.182465
0.367400 0.182054
0.367600 0.181643
0.367800 0.181233
0.368000 0.180824
0.368200 0.180416
0.368400 0.180009
0.368600 0.179603
0.368800 0.179198
0.369000 0.178794
0.369200 0.178391
0.369400 0.177989
0.369600 0.177587
0.369800 0.177187
0.370000 0.176788
0.370200 0.176389
0.370400 0.175992
0.370600 0.175595
0.370800 0.175200
0.371000 0.174805
0.371200 0.174412
0.371400 0.174019
0.371600 0.173628
0.371800 0.173237
0.372000 0.172847
0.372200 0.172458
0.372400 0.172071
0.372600 0.171684
0.372800 0.171298
0.373000 0.170913
0.373200 0.170529
0.373400 0.170146
0.373600 0.169764
0.373800 0.169383
0.374000 0.169003
0.374200 0.168624
0.374400 0.168246
0.374600 0.167869
0.374800 0.167493
0.375000 0.167118
0.375200 0.166744
0.375400 0.166371
0.375600 0.165999
0.375800 0.165628
0.376000 0.165258
0.376200 0.164889
0.376400 0.164521
0.376600 0.164153
0.376800 0.163787
0.377000 0.163422
0.377200 0.163058
0.377400 0.162695
0.377600 0.162333
0.377800 0.161972
0.378000 0.161612
0.378200 0.161253
0.378400 0.160894
0.378600 0.160537
0.378800 0.160181
0.379000 0.159826
0.379200 0.159472
0.379400 0.159119
0.379600 0.158767
0.379800 0.158416
0.380000 0.158066
0.380200 0.157717
0.380400 0.157369
0.380600 0.157022
0.380800 0.156676
0.381000 0.156331
0.381200 0.155987
0.381400 0.155645
0.381600 0.155303
0.381800 0.154962
0.382000 0.154622
0.382200 0.154284
0.382400 0.153946
0.382600 0.153609
0.382800 0.153274
0.383000 0.152939
0.383200 0.152605
0.383400 0.152273
0.383600 0.151941
0.383800 0.151611
0.384000 0.151282
0.384200 0.150953
0.384400 0.150626
0.384600 0.150300
0.384800 0.149975
0.385000 0.149650
0.385200 0.149327
0.385400 0.149005
0.385600 0.148684
0.385800 0.148364
0.386000 0.148046
0.386200 0.147728
0.386400 0.147411
0.386600 0.147095
0.386800 0.146781
0.387000 0.146467
0.387200 0.146155
0.387400 0.145843
0.387600 0.145533
0.387800 0.145224
0.388000 0.144915
0.388200 0.144608
0.388400 0.144302
0.388600 0.143997
0.388800 0.143693
0.389000 0.143390
0.389200 0.143089
0.389400 0.142788
0.389600 0.142488
0.389800 0.142190
0.390000 0.141893
0.390200 0.141596
0.390400 0.141301
0.390600 0.141007
0.390800 0.140714
0.391000 0.140422
0.391200 0.140131
0.391400 0.139841
0.391600 0.139553
0.391800 0.139265
0.392000 0.138979
0.392200 0.138693
0.392400 0.138409
0.392600 0.138126
0.392800 0.137844
0.393000 0.137563
0.393200 0.137283
0.393400 0.137004
0.393600 0.136727
0.393800 0.136450
0.394000 0.136175
0.394200 0.135901
0.394400 0.135627
0.394600 0.135355
0.394800 0.135085
0.395000 0.134815
0.395200 0.134546
0.395400 0.134279
0.395600 0.134012
0.395800 0.133747
0.396000 0.133483
0.396200 0.133220
0.396400 0.132958
0.396600 0.132697
0.396800 0.132438
0.397000 0.132179
0.397200 0.131922
0.397400 0.131666
0.397600 0.131411
0.397800 0.131157
0.398000 0.130905
0.398200 0.130653
0.398400 0.130403
0.398600 0.130153
0.398800 0.129905
0.399000 0.129659
0.399200 0.129413
0.399400 0.129168
0.399600 0.128925
0.399800 0.128683
0.400000 0.128441
0.400200 0.128202
0.400400 0.127963
0.400600 0.127725
0.400800 0.127489
0.401000 0.127254
0.401200 0.127020
0.401400 0.126787
0.401600 0.126555
0.401800 0.126325
0.402000 0.126095
0.402200 0.125867
0.402400 0.125640
0.402600 0.125415
0.402800 0.125190
0.403000 0.124967
0.403200 0.124744
0.403400 0.124524
0.403600 0.124304
0.403800 0.124085
0.404000 0.123868
0.404200 0.123652
0.404400 0.123437
0.404600 0.123223
0.404800 0.123011
0.405000 0.122799
0.405200 0.122589
0.405400 0.122380
0.405600 0.122173
0.405800 0.121966
0.406000 0.121761
0.406200 0.121557
0.406400 0.121354
0.406600 0.121153
0.406800 0.120953
0.407000 0.120754
0.407200 0.120556
0.407400 0.120359
0.407600 0.120164
0.407800 0.119970
0.408000 0.119777
0.408200 0.119585
0.408400 0.119395
0.408600 0.119206
0.408800 0.119018
0.409000 0.118831
0.409200 0.118646
0.409400 0.118462
0.409600 0.118279
0.409800 0.118098
0.410000 0.117917
0.410200 0.117738
0.410400 0.117560
0.410600 0.117384
0.410800 0.117209
0.411000 0.117035
0.411200 0.116862
0.411400 0.116691
0.411600 0.116521
0.411800 0.116352
0.412000 0.116184
0.412200 0.116018
0.412400 0.115853
0.412600 0.115689
0.412800 0.115527
0.413000 0.115366
0.413200 0.115206
0.413400 0.115048
0.413600 0.114891
0.413800 0.114735
0.414000 0.114580
0.414200 0.114427
0.414400 0.114275
0.414600 0.114124
0.414800 0.113975
0.415000 0.113827
0.415200 0.113680
0.415400 0.113535
0.415600 0.113391
0.415800 0.113248
0.416000 0.113107
0.416200 0.112967
0.416400 0.112828
0.416600 0.112691
0.416800 0.112555
0.417000 0.112420
0.417200 0.112287
0.417400 0.112155
0.417600 0.112024
0.417800 0.111895
0.418000 0.111767
0.418200 0.111640
0.418400 0.111515
0.418600 0.111391
0.418800 0.111269
0.419000 0.111148
0.419200 0.111028
0.419400 0.110910
0.419600 0.110793
0.419800 0.110677
0.420000 0.110563
0.420200 0.110450
0.420400 0.110338
0.420600 0.110228
0.420800 0.110120
0.421000 0.110012
0.421200 0.109906
0.421400 0.109802
0.421600 0.109699
0.421800 0.109597
0.422000 0.109497
0.422200 0.109398
0.422400 0.109300
0.422600 0.109204
0.422800 0.109109
0.423000 0.109016
0.423200 0.108924
0.423400 0.108834
0.423600 0.108745
0.423800 0.108657
0.424000 0.108571
0.424200 0.108486
0.424400 0.108403
0.424600 0.108321
0.424800 0.108241
0.425000 0.108162
0.425200 0.108084
0.425400 0.108008
0.425600 0.107933
0.425800 0.107860
0.426000 0.107788
0.426200 0.107718
0.426400 0.107649
0.426600 0.107582
0.426800 0.107516
0.427000 0.107452
0.427200 0.107389
0.427400 0.107327
0.427600 0.107267
0.427800 0.107209
0.428000 0.107152
0.428200 0.107096
0.428400 0.107042
0.428600 0.106990
0.428800 0.106939
0.429000 0.106889
0.429200 0.106841
0.429400 0.106794
0.429600 0.106749
0.429800 0.106706
0.430000 0.106664
0.430200 0.106623
0.430400 0.106584
0.430600 0.106547
0.430800 0.106511
0.431000 0.106476
0.431200 0.106443
0.431400 0.106412
0.431600 0.106382
0.431800 0.106354
0.432000 0.106327
0.432200 0.106302
0.432400 0.106278
0.432600 0.106256
0.432800 0.106235
0.433000 0.106216
0.433200 0.106199
0.433400 0.106183
0.433600 0.106169
0.433800 0.106156
0.434000 0.106145
0.434200 0.106135
0.434400 0.106127
0.434600 0.106120
0.434800 0.106115
0.435000 0.106112
0.435200 0.106110
0.435400 0.106110
0.435600 0.106111
0.435800 0.106114
0.436000 0.106119
0.436200 0.106125
0.436400 0.106133
0.436600 0.106143
0.436800 0.106154
0.437000 0.106166
0.437200 0.106181
0.437400 0.106196
0.437600 0.106214
0.437800 0.106233
0.438000 0.106254
0.438200 0.106276
0.438400 0.106300
0.438600 0.106326
0.438800 0.106353
0.439000 0.106382
0.439200 0.106413
0.439400 0.106445
0.439600 0.106479
0.439800 0.106515
0.440000 0.106552
0.440200 0.106591
0.440400 0.106631
0.440600 0.106673
0.440800 0.106717
0.441000 0.106763
0.441200 0.106810
0.441400 0.106859
0.441600 0.106910
0.441800 0.106962
0.442000 0.107016
0.442200 0.107072
0.442400 0.107129
0.442600 0.107188
0.442800 0.107249
0.443000 0.107311
0.443200 0.107376
0.443400 0.107442
0.443600 0.107509
0.443800 0.107579
0.444000 0.107650
0.444200 0.107722
0.444400 0.107797
0.444600 0.107873
0.444800 0.107951
0.445000 0.108031
0.445200 0.108113
0.445400 0.108196
0.445600 0.108281
0.445800 0.108368
0.446000 0.108456
0.446200 0.108546
0.446400 0.108638
0.446600 0.108732
0.446800 0.108828
0.447000 0.108925
0.447200 0.109024
0.447400 0.109125
0.447600 0.109228
0.447800 0.109332
0.448000 0.109438
0.448200 0.109547
0.448400 0.109656
0.448600 0.109768
0.448800 0.109881
0.449000 0.109997
0.449200 0.110114
0.449400 0.110233
0.449600 0.110353
0.449800 0.110476
0.450000 0.110600
0.450200 0.110726
0.450400 0.110854
0.450600 0.110984
0.450800 0.111116
0.451000 0.111249
0.451200 0.111385
0.451400 0.111522
0.451600 0.111661
0.451800 0.111802
0.452000 0.111945
0.452200 0.112089
0.452400 0.112236
0.452600 0.112384
0.452800 0.112534
0.453000 0.112686
0.453200 0.112840
0.453400 0.112996
0.453600 0.113154
0.453800 0.113313
0.454000 0.113475
0.454200 0.113638
0.454400 0.113804
0.454600 0.113971
0.454800 0.114140
0.455000 0.114311
0.455200 0.114484
0.455400 0.114659
0.455600 0.114836
0.455800 0.115014
0.456000 0.115195
0.456200 0.115377
0.456400 0.115562
0.456600 0.115748
0.456800 0.115937
0.457000 0.116127
0.457200 0.116319
0.457400 0.116513
0.457600 0.116710
0.457800 0.116908
0.458000 0.117108
0.458200 0.117310
0.458400 0.117514
0.458600 0.117720
0.458800 0.117928
0.459000 0.118138
0.459200 0.118349
0.459400 0.118563
0.459600 0.118779
0.459800 0.118997
0.460000 0.119217
0.460200 0.119439
0.460400 0.119663
0.460600 0.119888
0.460800 0.120116
0.461000 0.120346
0.461200 0.120578
0.461400 0.120812
0.461600 0.121048
0.461800 0.121286
0.462000 0.121526
0.462200 0.121768
0.462400 0.122012
0.462600 0.122258
0.462800 0.122506
0.463000 0.122756
0.463200 0.123009
0.463400 0.123263
0.463600 0.123519
0.463800 0.123778
0.464000 0.124038
0.464200 0.124301
0.464400 0.124565
0.464600 0.124832
0.464800 0.125101
0.465000 0.125372
0.465200 0.125645
0.465400 0.125920
0.465600 0.126197
0.465800 0.126476
0.466000 0.126757
0.466200 0.127041
0.466400 0.127326
0.466600 0.127614
0.466800 0.127904
0.467000 0.128195
0.467200 0.128489
0.467400 0.128786
0.467600 0.129084
0.467800 0.129384
0.468000 0.129687
0.468200 0.129991
0.468400 0.130298
0.468600 0.130607
0.468800 0.130918
0.469000 0.131231
0.469200 0.131546
0.469400 0.131864
0.469600 0.132184
0.469800 0.132505
0.470000 0.132829
0.470200 0.133156
0.470400 0.133484
0.470600 0.133814
0.470800 0.134147
0.471000 0.134482
0.471200 0.134819
0.471400 0.135158
0.471600 0.135500
0.471800 0.135843
0.472000 0.136189
0.472200 0.136537
0.472400 0.136887
0.472600 0.137240
0.472800 0.137595
0.473000 0.137951
0.473200 0.138311
0.473400 0.138672
0.473600 0.139035
0.473800 0.139401
0.474000 0.139769
0.474200 0.140139
0.474400 0.140512
0.474600 0.140887
0.474800 0.141264
0.475000 0.141643
0.475200 0.142024
0.475400 0.142408
0.475600 0.142794
0.475800 0.143182
0.476000 0.143573
0.476200 0.143966
0.476400 0.144361
0.476600 0.144758
0.476800 0.145158
0.477000 0.145559
0.477200 0.145964
0.477400 0.146370
0.477600 0.146779
0.477800 0.147190
0.478000 0.147603
0.478200 0.148019
0.478400 0.148437
0.478600 0.148857
0.478800 0.149279
0.479000 0.149704
0.479200 0.150131
0.479400 0.150561
0.479600 0.150993
0.479800 0.151427
0.480000 0.151863
0.480200 0.152302
0.480400 0.152743
0.480600 0.153187
0.480800 0.153632
0.481000 0.154080
0.481200 0.154531
0.481400 0.154984
0.481600 0.155439
0.481800 0.155896
0.482000 0.156356
0.482200 0.156819
0.482400 0.157283
0.482600 0.157750
0.482800 0.158219
0.483000 0.158691
0.483200 0.159165
0.483400 0.159642
0.483600 0.160120
0.483800 0.160602
0.484000 0.161085
0.484200 0.161571
0.484400 0.162059
0.484600 0.162550
0.484800 0.163043
0.485000 0.163539
0.485200 0.164037
0.485400 0.164537
0.485600 0.165040
0.485800 0.165545
0.486000 0.166053
0.486200 0.166563
0.486400 0.167075
0.486600 0.167590
0.486800 0.168107
0.487000 0.168627
0.487200 0.169149
0.487400 0.169673
0.487600 0.170200
0.487800 0.170730
0.488000 0.171261
0.488200 0.171796
0.488400 0.172332
0.488600 0.172871
0.488800 0.173413
0.489000 0.173957
0.489200 0.174504
0.489400 0.175052
0.489600 0.175604
0.489800 0.176158
0.490000 0.176714
0.490200 0.177273
0.490400 0.177834
0.490600 0.178398
0.490800 0.178964
0.491000 0.179532
0.491200 0.180104
0.491400 0.180677
0.491600 0.181253
0.491800 0.181832
0.492000 0.182413
0.492200 0.182996
0.492400 0.183582
0.492600 0.184171
0.492800 0.184762
0.493000 0.185355
0.493200 0.185951
0.493400 0.186550
0.493600 0.187151
0.493800 0.187754
0.494000 0.188360
0.494200 0.188969
0.494400 0.189580
0.494600 0.190193
0.494800 0.190809
0.495000 0.191428
0.495200 0.192049
0.495400 0.192672
0.495600 0.193298
0.495800 0.193927
0.496000 0.194558
0.496200 0.195192
0.496400 0.195828
0.496600 0.196467
0.496800 0.197108
0.497000 0.197752
0.497200 0.198398
0.497400 0.199047
0.497600 0.199698
0.497800 0.200352
0.498000 0.201008
0.498200 0.201667
0.498400 0.202329
0.498600 0.202993
0.498800 0.203659
0.499000 0.204329
0.499200 0.205000
0.499400 0.205675
0.499600 0.206351
0.499800 0.207031
0.500000 0.207713
0.500200 0.208397
0.500400 0.209084
0.500600 0.209774
0.500800 0.210466
0.501000 0.211160
0.501200 0.211858
0.501400 0.212557
0.501600 0.213260
0.501800 0.213965
0.502000 0.214672
0.502200 0.215382
0.502400 0.216095
0.502600 0.216810
0.502800 0.217528
0.503000 0.218248
0.503200 0.218971
0.503400 0.219697
0.503600 0.220425
0.503800 0.221155
0.504000 0.221889
0.504200 0.222624
0.504400 0.223363
0.504600 0.224104
0.504800 0.224847
0.505000 0.225593
0.505200 0.226342
0.505400 0.227093
0.505600 0.227847
0.505800 0.228604
0.506000 0.229363
0.506200 0.230124
0.506400 0.230888
0.506600 0.231655
0.506800 0.232425
0.507000 0.233196
0.507200 0.233971
0.507400 0.234748
0.507600 0.235528
0.507800 0.236310
0.508000 0.237095
0.508200 0.237882
0.508400 0.238672
0.508600 0.239465
0.508800 0.240260
0.509000 0.241058
0.509200 0.241858
0.509400 0.242661
0.509600 0.243467
0.509800 0.244275
0.510000 0.245086
0.510200 0.245899
0.510400 0.246715
0.510600 0.247534
0.510800 0.248355
0.511000 0.249178
0.511200 0.250005
0.511400 0.250834
0.511600 0.251665
0.511800 0.252499
0.512000 0.253336
0.512200 0.254175
0.512400 0.255017
0.512600 0.255861
0.512800 0.256708
0.513000 0.257558
0.513200 0.258410
0.513400 0.259264
0.513600 0.260122
0.513800 0.260982
0.514000 0.261844
0.514200 0.262709
0.514400 0.263577
0.514600 0.264447
0.514800 0.265320
0.515000 0.266195
0.515200 0.267073
0.515400 0.267954
0.515600 0.268837
0.515800 0.269722
0.516000 0.270611
0.516200 0.271502
0.516400 0.272395
0.516600 0.273291
0.516800 0.274189
0.517000 0.275091
0.517200 0.275994
0.517400 0.276900
0.517600 0.277809
0.517800 0.278721
0.518000 0.279635
0.518200 0.280551
0.518400 0.281470
0.518600 0.282392
0.518800 0.283316
0.519000 0.284243
0.519200 0.285172
0.519400 0.286104
0.519600 0.287038
0.519800 0.287975
0.520000 0.288915
0.520200 0.289857
0.520400 0.290801
0.520600 0.291748
0.520800 0.292698
0.521000 0.293650
0.521200 0.294605
0.521400 0.295562
0.521600 0.296522
0.521800 0.297484
0.522000 0.298449
0.522200 0.299417
0.522400 0.300387
0.522600 0.301359
0.522800 0.302334
0.523000 0.303312
0.523200 0.304292
0.523400 0.305274
0.523600 0.306259
0.523800 0.307247
0.524000 0.308237
0.524200 0.309229
0.524400 0.310224
0.524600 0.311222
0.524800 0.312222
0.525000 0.313225
0.525200 0.314230
0.525400 0.315237
0.525600 0.316247
0.525800 0.317260
0.526000 0.318275
0.526200 0.319292
0.526400 0.320312
0.526600 0.321335
0.526800 0.322359
0.527000 0.323387
0.527200 0.324417
0.527400 0.325449
0.527600 0.326484
0.527800 0.327521
0.528000 0.328561
0.528200 0.329603
0.528400 0.330647
0.528600 0.331694
0.528800 0.332744
0.529000 0.333795
0.529200 0.334850
0.529400 0.335906
0.529600 0.336966
0.529800 0.338027
0.530000 0.339091
0.530200 0.340158
0.530400 0.341226
0.530600 0.342298
0.530800 0.343371
0.531000 0.344447
0.531200 0.345526
0.531400 0.346606
0.531600 0.347690
0.531800 0.348775
0.532000 0.349863
0.532200 0.350954
0.532400 0.352046
0.532600 0.353141
0.532800 0.354239
0.533000 0.355339
0.533200 0.356441
0.533400 0.357545
0.533600 0.358652
0.533800 0.359761
0.534000 0.360873
0.534200 0.361987
0.534400 0.363103
0.534600 0.364221
0.534800 0.365342
0.535000 0.366465
0.535200 0.367591
0.535400 0.368718
0.535600 0.369849
0.535800 0.370981
0.536000 0.372116
0.536200 0.373252
0.536400 0.374392
0.536600 0.375533
0.536800 0.376677
0.537000 0.377823
0.537200 0.378971
0.537400 0.380122
0.537600 0.381275
0.537800 0.382430
0.538000 0.383587
0.538200 0.384747
0.538400 0.385908
0.538600 0.387073
0.538800 0.388239
0.539000 0.389407
0.539200 0.390578
0.539400 0.391751
0.539600 0.392926
0.539800 0.394103
0.540000 0.395283
0.540200 0.396465
0.540400 0.397649
0.540600 0.398835
0.540800 0.400023
0.541000 0.401214
0.541200 0.402406
0.541400 0.403601
0.541600 0.404798
0.541800 0.405997
0.542000 0.407199
0.542200 0.408402
0.542400 0.409608
0.542600 0.410816
0.542800 0.412026
0.543000 0.413239
0.543200 0.414453
0.543400 0.415670
0.543600 0.416889
0.543800 0.418110
0.544000 0.419333
0.544200 0.420558
0.544400 0.421786
0.544600 0.423016
0.544800 0.424248
0.545000 0.425483
0.545200 0.426719
0.545400 0.427958
0.545600 0.429200
0.545800 0.430443
0.546000 0.431689
0.546200 0.432937
0.546400 0.434188
0.546600 0.435441
0.546800 0.436697
0.547000 0.437955
0.547200 0.439215
0.547400 0.440479
0.547600 0.441745
0.547800 0.443013
0.548000 0.444285
0.548200 0.445559
0.548400 0.446836
0.548600 0.448116
0.548800 0.449399
0.549000 0.450685
0.549200 0.451974
0.549400 0.453267
0.549600 0.454564
0.549800 0.455864
0.550000 0.457167
0.550200 0.458475
0.550400 0.459786
0.550600 0.461102
0.550800 0.462422
0.551000 0.463747
0.551200 0.465077
0.551400 0.466411
0.551600 0.467751
0.551800 0.469097
0.552000 0.470448
0.552200 0.471806
0.552400 0.473170
0.552600 0.474540
0.552800 0.475918
0.553000 0.477304
0.553200 0.478698
0.553400 0.480100
0.553600 0.481511
0.553800 0.482932
0.554000 0.484362
0.554200 0.485804
0.554400 0.487256
0.554600 0.488721
0.554800 0.490198
0.555000 0.491689
0.555200 0.493194
0.555400 0.494714
0.555600 0.496250
0.555800 0.497802
0.556000 0.499373
0.556200 0.500963
0.556400 0.502573
0.556600 0.504205
0.556800 0.505859
0.557000 0.507537
0.557200 0.509240
0.557400 0.510971
0.557600 0.512729
0.557800 0.514519
0.558000 0.516339
0.558200 0.518194
0.558400 0.520084
0.558600 0.522013
0.558800 0.523980
0.559000 0.525990
0.559200 0.528045
0.559400 0.530146
0.559600 0.532297
0.559800 0.534500
0.560000 0.536758
0.560200 0.539074
0.560400 0.541452
0.560600 0.543893
0.560800 0.546402
0.561000 0.548983
0.561200 0.551638
0.561400 0.554372
0.561600 0.557188
0.561800 0.560092
0.562000 0.563086
0.562200 0.566176
0.562400 0.569366
0.562600 0.572660
0.562800 0.576065
0.563000 0.579585
0.563200 0.583225
0.563400 0.586990
0.563600 0.590887
0.563800 0.594922
0.564000 0.599099
0.564200 0.603426
0.564400 0.607910
0.564600 0.612555
0.564800 0.617370
0.565000 0.622361
0.565200 0.627536
0.565400 0.632901
0.565600 0.638464
0.565800 0.644233
0.566000 0.650216
0.566200 0.656420
0.566400 0.662854
0.566600 0.669526
0.566800 0.676445
0.567000 0.683618
0.567200 0.691056
0.567400 0.698766
0.567600 0.706758
0.567800 0.715041
0.568000 0.723623
0.568200 0.732515
0.568400 0.741726
0.568600 0.751265
0.568800 0.761141
0.569000 0.771365
0.569200 0.781945
0.569400 0.792891
0.569600 0.804213
0.569800 0.815920
0.570000 0.828022
0.570200 0.840528
0.570400 0.853448
0.570600 0.866790
0.570800 0.880564
0.571000 0.894779
0.571200 0.909444
0.571400 0.924567
0.571600 0.940157
0.571800 0.956221
0.572000 0.972769
0.572200 0.989807
0.572400 1.007343
0.572600 1.025383
0.572800 1.043935
0.573000 1.063005
0.573200 1.082598
0.573400 1.102720
0.573600 1.123376
0.573800 1.144570
0.574000 1.166306
0.574200 1.188588
0.574400 1.211418
0.574600 1.234798
0.574800 1.258731
0.575000 1.283216
0.575200 1.308254
0.575400 1.333845
0.575600 1.359986
0.575800 1.386677
0.576000 1.413915
0.576200 1.441695
0.576400 1.470014
0.576600 1.498865
0.576800 1.528244
0.577000 1.558142
0.577200 1.588553
0.577400 1.619467
0.577600 1.650874
0.577800 1.682764
0.578000 1.715125
0.578200 1.747944
0.578400 1.781208
0.578600 1.814903
0.578800 1.849012
0.579000 1.883520
0.579200 1.918408
0.579400 1.953659
0.579600 1.989253
0.579800 2.025169
0.580000 2.061386
0.580200 2.097883
0.580400 2.134635
0.580600 2.171619
0.580800 2.208810
0.581000 2.246181
0.581200 2.283707
0.581400 2.321359
0.581600 2.359110
0.581800 2.396930
0.582000 2.434790
0.582200 2.472659
0.582400 2.510506
0.582600 2.548299
0.582800 2.586006
0.583000 2.623595
0.583200 2.661031
0.583400 2.698282
0.583600 2.735312
0.583800 2.772089
0.584000 2.808576
0.584200 2.844740
0.584400 2.880544
0.584600 2.915955
0.584800 2.950936
0.585000 2.985452
0.585200 3.019468
0.585400 3.052950
0.585600 3.085862
0.585800 3.118170
0.586000 3.149839
0.586200 3.180836
0.586400 3.211127
0.586600 3.240680
0.586800 3.269462
0.587000 3.297440
0.587200 3.324585
0.587400 3.350867
0.587600 3.376254
0.587800 3.400720
0.588000 3.424236
0.588200 3.446775
0.588400 3.468312
0.588600 3.488823
0.588800 3.508284
0.589000 3.526672
0.589200 3.543968
0.589400 3.560150
0.589600 3.575201
0.589800 3.589103
0.590000 3.601841
0.590200 3.613401
0.590400 3.623770
0.590600 3.632936
0.590800 3.640889
0.591000 3.647622
0.591200 3.653128
0.591400 3.657400
0.591600 3.660437
0.591800 3.662235
0.592000 3.662794
0.592200 3.662116
0.592400 3.660202
0.592600 3.657058
0.592800 3.652688
0.593000 3.647101
0.593200 3.640305
0.593400 3.632310
0.593600 3.623128
0.593800 3.612774
0.594000 3.601261
0.594200 3.588605
0.594400 3.574825
0.594600 3.559939
0.594800 3.543967
0.595000 3.526932
0.595200 3.508854
0.595400 3.489760
0.595600 3.469672
0.595800 3.448618
0.596000 3.426624
0.596200 3.403719
0.596400 3.379931
0.596600 3.355290
0.596800 3.329827
0.597000 3.303572
0.597200 3.276558
0.597400 3.248818
0.597600 3.220384
0.597800 3.191290
0.598000 3.161570
0.598200 3.131259
0.598400 3.100390
0.598600 3.069000
0.598800 3.037122
0.599000 3.004793
0.599200 2.972046
0.599400 2.938918
0.599600 2.905444
0.599800 2.871659
0.600000 2.837597
0.600200 2.803292
0.600400 2.768781
0.600600 2.734095
0.600800 2.699269
0.601000 2.664335
0.601200 2.629328
0.601400 2.594277
0.601600 2.559215
0.601800 2.524173
0.602000 2.489181
0.602200 2.454268
0.602400 2.419463
0.602600 2.384794
0.602800 2.350288
0.603000 2.315971
0.603200 2.281869
0.603400 2.248007
0.603600 2.214408
0.603800 2.181095
0.604000 2.148090
0.604200 2.115414
0.604400 2.083086
0.604600 2.051127
0.604800 2.019553
0.605000 1.988382
0.605200 1.957629
0.605400 1.927311
0.605600 1.897442
0.605800 1.868033
0.606000 1.839098
0.606200 1.810648
0.606400 1.782693
0.606600 1.755243
0.606800 1.728306
0.607000 1.701889
0.607200 1.675999
0.607400 1.650642
0.607600 1.625823
0.607800 1.601546
0.608000 1.577814
0.608200 1.554630
0.608400 1.531995
0.608600 1.509910
0.608800 1.488376
0.609000 1.467391
0.609200 1.446956
0.609400 1.427067
0.609600 1.407723
0.609800 1.388920
0.610000 1.370656
0.610200 1.352925
0.610400 1.335723
0.610600 1.319045
0.610800 1.302886
0.611000 1.287239
0.611200 1.272098
0.611400 1.257456
0.611600 1.243306
0.611800 1.229641
0.612000 1.216452
0.612200 1.203732
0.612400 1.191473
0.612600 1.179665
0.612800 1.168300
0.613000 1.157370
0.613200 1.146864
0.613400 1.136775
0.613600 1.127092
0.613800 1.117806
0.614000 1.108908
0.614200 1.100388
0.614400 1.092237
0.614600 1.084445
0.614800 1.077002
0.615000 1.069900
0.615200 1.063127
0.615400 1.056676
0.615600 1.050535
0.615800 1.044697
0.616000 1.039152
0.616200 1.033890
0.616400 1.028903
0.616600 1.024181
0.616800 1.019716
0.617000 1.015500
0.617200 1.011522
0.617400 1.007775
0.617600 1.004252
0.617800 1.000943
0.618000 0.997840
0.618200 0.994936
0.618400 0.992224
0.618600 0.989695
0.618800 0.987343
0.619000 0.985161
0.619200 0.983141
0.619400 0.981277
0.619600 0.979562
0.619800 0.977990
0.620000 0.976555
0.620200 0.975251
0.620400 0.974072
0.620600 0.973012
0.620800 0.972066
0.621000 0.971229
0.621200 0.970496
0.621400 0.969861
0.621600 0.969320
0.621800 0.968868
0.622000 0.968502
0.622200 0.968216
0.622400 0.968006
0.622600 0.967870
0.622800 0.967802
0.623000 0.967800
0.623200 0.967859
0.623400 0.967977
0.623600 0.968150
0.623800 0.968376
0.624000 0.968650
0.624200 0.968971
0.624400 0.969336
0.624600 0.969742
0.624800 0.970187
0.625000 0.970669
0.625200 0.971184
0.625400 0.971732
0.625600 0.972310
0.625800 0.972916
0.626000 0.973548
0.626200 0.974205
0.626400 0.974885
0.626600 0.975586
0.626800 0.976307
0.627000 0.977047
0.627200 0.977803
0.627400 0.978576
0.627600 0.979363
0.627800 0.980164
0.628000 0.980977
0.628200 0.981801
0.628400 0.982636
0.628600 0.983481
0.628800 0.984334
0.629000 0.985195
0.629200 0.986064
0.629400 0.986938
0.629600 0.987819
0.629800 0.988704
0.630000 0.989594
0.630200 0.990488
0.630400 0.991386
0.630600 0.992286
0.630800 0.993189
0.631000 0.994094
0.631200 0.995000
0.631400 0.995907
0.631600 0.996816
0.631800 0.997725
0.632000 0.998634
0.632200 0.999543
0.632400 1.000451
0.632600 1.001359
0.632800 1.002266
0.633000 1.003172
0.633200 1.004076
0.633400 1.004979
0.633600 1.005881
0.633800 1.006780
0.634000 1.007677
0.634200 1.008572
0.634400 1.009465
0.634600 1.010355
0.634800 1.011242
0.635000 1.012127
0.635200 1.013009
0.635400 1.013888
0.635600 1.014763
0.635800 1.015636
0.636000 1.016506
0.636200 1.017372
0.636400 1.018235
0.636600 1.019094
0.636800 1.019950
0.637000 1.020802
0.637200 1.021651
0.637400 1.022495
0.637600 1.023337
0.637800 1.024174
0.638000 1.025008
0.638200 1.025838
0.638400 1.026663
0.638600 1.027485
0.638800 1.028303
0.639000 1.029117
0.639200 1.029927
0.639400 1.030733
0.639600 1.031535
0.639800 1.032333
0.640000 1.033126
0.640200 1.033916
0.640400 1.034701
0.640600 1.035482
0.640800 1.036259
0.641000 1.037032
0.641200 1.037800
0.641400 1.038564
0.641600 1.039324
0.641800 1.040079
0.642000 1.040831
0.642200 1.041578
0.642400 1.042320
0.642600 1.043058
0.642800 1.043792
0.643000 1.044521
0.643200 1.045246
0.643400 1.045967
0.643600 1.046683
0.643800 1.047394
0.644000 1.048102
0.644200 1.048804
0.644400 1.049503
0.644600 1.050196
0.644800 1.050886
0.645000 1.051570
0.645200 1.052251
0.645400 1.052926
0.645600 1.053598
0.645800 1.054264
0.646000 1.054926
0.646200 1.055584
0.646400 1.056237
0.646600 1.056885
0.646800 1.057529
0.647000 1.058168
0.647200 1.058802
0.647400 1.059432
0.647600 1.060057
0.647800 1.060678
0.648000 1.061294
0.648200 1.061905
0.648400 1.062512
0.648600 1.063114
0.648800 1.063711
0.649000 1.064303
0.649200 1.064891
0.649400 1.065474
0.649600 1.066053
0.649800 1.066626
0.650000 1.067195
0.650200 1.067759
0.650400 1.068319
0.650600 1.068874
0.650800 1.069424
0.651000 1.069969
0.651200 1.070509
0.651400 1.071045
0.651600 1.071575
0.651800 1.072101
0.652000 1.072623
0.652200 1.073139
0.652400 1.073650
0.652600 1.074157
0.652800 1.074659
0.653000 1.075156
0.653200 1.075648
0.653400 1.076135
0.653600 1.076618
0.653800 1.077095
0.654000 1.077568
0.654200 1.078036
0.654400 1.078499
0.654600 1.078957
0.654800 1.079410
0.655000 1.079858
0.655200 1.080301
0.655400 1.080740
0.655600 1.081173
0.655800 1.081602
0.656000 1.082025
0.656200 1.082444
0.656400 1.082858
0.656600 1.083266
0.656800 1.083670
0.657000 1.084069
0.657200 1.084463
0.657400 1.084852
0.657600 1.085235
0.657800 1.085614
0.658000 1.085988
0.658200 1.086357
0.658400 1.086721
0.658600 1.087080
0.658800 1.087434
0.659000 1.087783
0.659200 1.088126
0.659400 1.088465
0.659600 1.088799
0.659800 1.089128
0.660000 1.089451
0.660200 1.089770
0.660400 1.090084
0.660600 1.090392
0.660800 1.090696
0.661000 1.090994
0.661200 1.091288
0.661400 1.091576
0.661600 1.091859
0.661800 1.092137
0.662000 1.092411
0.662200 1.092679
0.662400 1.092942
0.662600 1.093199
0.662800 1.093452
0.663000 1.093700
0.663200 1.093943
0.663400 1.094180
0.663600 1.094412
0.663800 1.094640
0.664000 1.094862
0.664200 1.095079
0.664400 1.095291
0.664600 1.095498
0.664800 1.095699
0.665000 1.095896
0.665200 1.096087
0.665400 1.096274
0.665600 1.096455
0.665800 1.096631
0.666000 1.096802
0.666200 1.096968
0.666400 1.097129
0.666600 1.097284
0.666800 1.097435
0.667000 1.097580
0.667200 1.097720
0.667400 1.097855
0.667600 1.097985
0.667800 1.098110
0.668000 1.098229
0.668200 1.098343
0.668400 1.098453
0.668600 1.098557
0.668800 1.098656
0.669000 1.098750
0.669200 1.098838
0.669400 1.098922
0.669600 1.099000
0.669800 1.099073
0.670000 1.099141
0.670200 1.099204
0.670400 1.099262
0.670600 1.099315
0.670800 1.099362
0.671000 1.099404
0.671200 1.099441
0.671400 1.099473
0.671600 1.099500
0.671800 1.099522
0.672000 1.099538
0.672200 1.099549
0.672400 1.099556
0.672600 1.099557
0.672800 1.099552
0.673000 1.099543
0.673200 1.099529
0.673400 1.099509
0.673600 1.099484
0.673800 1.099454
0.674000 1.099419
0.674200 1.099379
0.674400 1.099334
0.674600 1.099283
0.674800 1.099228
0.675000 1.099167
0.675200 1.099101
0.675400 1.099030
0.675600 1.098954
0.675800 1.098872
0.676000 1.098786
0.676200 1.098694
0.676400 1.098598
0.676600 1.098496
0.676800 1.098389
0.677000 1.098277
0.677200 1.098159
0.677400 1.098037
0.677600 1.097910
0.677800 1.097777
0.678000 1.097639
0.678200 1.097497
0.678400 1.097349
0.678600 1.097196
0.678800 1.097038
0.679000 1.096874
0.679200 1.096706
0.679400 1.096533
0.679600 1.096354
0.679800 1.096171
0.680000 1.095982
0.680200 1.095788
0.680400 1.095590
0.680600 1.095386
0.680800 1.095177
0.681000 1.094963
0.681200 1.094744
0.681400 1.094520
0.681600 1.094291
0.681800 1.094056
0.682000 1.093817
0.682200 1.093573
0.682400 1.093324
0.682600 1.093069
0.682800 1.092810
0.683000 1.092545
0.683200 1.092276
0.683400 1.092002
0.683600 1.091722
0.683800 1.091438
0.684000 1.091148
0.684200 1.090854
0.684400 1.090555
0.684600 1.090250
0.684800 1.089941
0.685000 1.089626
0.685200 1.089307
0.685400 1.088983
0.685600 1.088654
0.685800 1.088319
0.686000 1.087980
0.686200 1.087636
0.686400 1.087287
0.686600 1.086933
0.686800 1.086575
0.687000 1.086211
0.687200 1.085842
0.687400 1.085469
0.687600 1.085090
0.687800 1.084707
0.688000 1.084318
0.688200 1.083925
0.688400 1.083527
0.688600 1.083124
0.688800 1.082717
0.689000 1.082304
0.689200 1.081887
0.689400 1.081464
0.689600 1.081037
0.689800 1.080605
0.690000 1.080169
0.690200 1.079727
0.690400 1.079281
0.690600 1.078830
0.690800 1.078374
0.691000 1.077913
0.691200 1.077448
0.691400 1.076977
0.691600 1.076502
0.691800 1.076023
0.692000 1.075538
0.692200 1.075049
0.692400 1.074555
0.692600 1.074056
0.692800 1.073553
0.693000 1.073045
0.693200 1.072532
0.693400 1.072014
0.693600 1.071492
0.693800 1.070965
0.694000 1.070434
0.694200 1.069898
0.694400 1.069357
0.694600 1.068811
0.694800 1.068261
0.695000 1.067707
0.695200 1.067147
0.695400 1.066583
0.695600 1.066015
0.695800 1.065442
0.696000 1.064864
0.696200 1.064282
0.696400 1.063695
0.696600 1.063104
0.696800 1.062508
0.697000 1.061907
0.697200 1.061302
0.697400 1.060693
0.697600 1.060079
0.697800 1.059461
0.698000 1.058838
0.698200 1.058210
0.698400 1.057579
0.698600 1.056942
0.698800 1.056302
0.699000 1.055656
0.699200 1.055007
0.699400 1.054353
0.699600 1.053694
0.699800 1.053032
0.700000 1.052364
0.700200 1.051693
0.700400 1.051017
0.700600 1.050337
0.700800 1.049652
0.701000 1.048963
0.701200 1.048270
0.701400 1.047572
0.701600 1.046871
0.701800 1.046164
0.702000 1.045454
0.702200 1.044739
0.702400 1.044020
0.702600 1.043297
0.702800 1.042570
0.703000 1.041838
0.703200 1.041103
0.703400 1.040362
0.703600 1.039618
0.703800 1.038870
0.704000 1.038117
0.704200 1.037361
0.704400 1.036600
0.704600 1.035835
0.704800 1.035066
0.705000 1.034293
0.705200 1.033515
0.705400 1.032734
0.705600 1.031949
0.705800 1.031159
0.706000 1.030366
0.706200 1.029568
0.706400 1.028766
0.706600 1.027961
0.706800 1.027151
0.707000 1.026338
0.707200 1.025520
0.707400 1.024699
0.707600 1.023873
0.707800 1.023044
0.708000 1.022211
0.708200 1.021373
0.708400 1.020532
0.708600 1.019687
0.708800 1.018838
0.709000 1.017986
0.709200 1.017129
0.709400 1.016269
0.709600 1.015404
0.709800 1.014536
0.710000 1.013665
0.710200 1.012789
0.710400 1.011910
0.710600 1.011027
0.710800 1.010140
0.711000 1.009249
0.711200 1.008355
0.711400 1.007457
0.711600 1.006555
0.711800 1.005650
0.712000 1.004741
0.712200 1.003828
0.712400 1.002912
0.712600 1.001992
0.712800 1.001068
0.713000 1.000141
0.713200 0.999210
0.713400 0.998276
0.713600 0.997338
0.713800 0.996397
0.714000 0.995452
0.714200 0.994503
0.714400 0.993551
0.714600 0.992596
0.714800 0.991637
0.715000 0.990675
0.715200 0.989709
0.715400 0.988740
0.715600 0.987767
0.715800 0.986791
0.716000 0.985812
0.716200 0.984829
0.716400 0.983843
0.716600 0.982854
0.716800 0.981861
0.717000 0.980865
0.717200 0.979865
0.717400 0.978863
0.717600 0.977857
0.717800 0.976848
0.718000 0.975835
0.718200 0.974820
0.718400 0.973801
0.718600 0.972779
0.718800 0.971754
0.719000 0.970725
0.719200 0.969694
0.719400 0.968659
0.719600 0.967621
0.719800 0.966580
0.720000 0.965536
0.720200 0.964489
0.720400 0.963439
0.720600 0.962386
0.720800 0.961330
0.721000 0.960270
0.721200 0.959208
0.721400 0.958143
0.721600 0.957075
0.721800 0.956004
0.722000 0.954930
0.722200 0.953853
0.722400 0.952773
0.722600 0.951690
0.722800 0.950604
0.723000 0.949516
0.723200 0.948425
0.723400 0.947330
0.723600 0.946233
0.723800 0.945134
0.724000 0.944031
0.724200 0.942926
0.724400 0.941818
0.724600 0.940707
0.724800 0.939593
0.725000 0.938477
0.725200 0.937358
0.725400 0.936236
0.725600 0.935112
0.725800 0.933985
0.726000 0.932856
0.726200 0.931723
0.726400 0.930589
0.726600 0.929451
0.726800 0.928311
0.727000 0.927169
0.727200 0.926024
0.727400 0.924877
0.727600 0.923727
0.727800 0.922574
0.728000 0.921419
0.728200 0.920262
0.728400 0.919102
0.728600 0.917940
0.728800 0.916775
0.729000 0.915608
0.729200 0.914439
0.729400 0.913267
0.729600 0.912093
0.729800 0.910916
0.730000 0.909738
0.730200 0.908557
0.730400 0.907373
0.730600 0.906188
0.730800 0.905000
0.731000 0.903810
0.731200 0.902618
0.731400 0.901424
0.731600 0.900227
0.731800 0.899028
0.732000 0.897827
0.732200 0.896624
0.732400 0.895419
0.732600 0.894212
0.732800 0.893003
0.733000 0.891792
0.733200 0.890578
0.733400 0.889363
0.733600 0.888145
0.733800 0.886926
0.734000 0.885705
0.734200 0.884481
0.734400 0.883256
0.734600 0.882029
0.734800 0.880800
0.735000 0.879569
0.735200 0.878336
0.735400 0.877101
0.735600 0.875864
0.735800 0.874626
0.736000 0.873386
0.736200 0.872144
0.736400 0.870900
0.736600 0.869654
0.736800 0.868407
0.737000 0.867158
0.737200 0.865907
0.737400 0.864655
0.737600 0.863401
0.737800 0.862145
0.738000 0.860887
0.738200 0.859628
0.738400 0.858368
0.738600 0.857105
0.738800 0.855842
0.739000 0.854576
0.739200 0.853309
0.739400 0.852041
0.739600 0.850771
0.739800 0.849499
0.740000 0.848226
0.740200 0.846952
0.740400 0.845676
0.740600 0.844399
0.740800 0.843120
0.741000 0.841840
0.741200 0.840558
0.741400 0.839275
0.741600 0.837991
0.741800 0.836706
0.742000 0.835419
0.742200 0.834131
0.742400 0.832841
0.742600 0.831550
0.742800 0.830259
0.743000 0.828965
0.743200 0.827671
0.743400 0.826375
0.743600 0.825079
0.743800 0.823781
0.744000 0.822482
0.744200 0.821181
0.744400 0.819880
0.744600 0.818578
0.744800 0.817274
0.745000 0.815970
0.745200 0.814664
0.745400 0.813357
0.745600 0.812050
0.745800 0.810741
0.746000 0.809432
0.746200 0.808121
0.746400 0.806809
0.746600 0.805497
0.746800 0.804184
0.747000 0.802869
0.747200 0.801554
0.747400 0.800238
0.747600 0.798921
0.747800 0.797603
0.748000 0.796285
0.748200 0.794966
0.748400 0.793646
0.748600 0.792325
0.748800 0.791003
0.749000 0.789681
0.749200 0.788358
0.749400 0.787034
0.749600 0.785709
0.749800 0.784384
0.750000 0.783058
0.750200 0.781732
0.750400 0.780405
0.750600 0.779077
0.750800 0.777749
0.751000 0.776420
0.751200 0.775091
0.751400 0.773761
0.751600 0.772431
0.751800 0.771100
0.752000 0.769768
0.752200 0.768436
0.752400 0.767104
0.752600 0.765771
0.752800 0.764438
0.753000 0.763104
0.753200 0.761770
0.753400 0.760436
0.753600 0.759101
0.753800 0.757766
0.754000 0.756431
0.754200 0.755095
0.754400 0.753759
0.754600 0.752423
0.754800 0.751086
0.755000 0.749749
0.755200 0.748412
0.755400 0.747075
0.755600 0.745737
0.755800 0.744400
0.756000 0.743062
0.756200 0.741724
0.756400 0.740386
0.756600 0.739047
0.756800 0.737709
0.757000 0.736370
0.757200 0.735032
0.757400 0.733693
0.757600 0.732355
0.757800 0.731016
0.758000 0.729677
0.758200 0.728339
0.758400 0.727000
0.758600 0.725661
0.758800 0.724323
0.759000 0.722984
0.759200 0.721646
0.759400 0.720307
0.759600 0.718969
0.759800 0.717631
0.760000 0.716293
0.760200 0.714955
0.760400 0.713617
0.760600 0.712280
0.760800 0.710942
0.761000 0.709605
0.761200 0.708269
0.761400 0.706932
0.761600 0.705596
0.761800 0.704260
0.762000 0.702924
0.762200 0.701588
0.762400 0.700253
0.762600 0.698918
0.762800 0.697584
0.763000 0.696250
0.763200 0.694916
0.763400 0.693583
0.763600 0.692250
0.763800 0.690917
0.764000 0.689585
0.764200 0.688254
0.764400 0.686923
0.764600 0.685592
0.764800 0.684262
0.765000 0.682932
0.765200 0.681603
0.765400 0.680274
0.765600 0.678946
0.765800 0.677619
0.766000 0.676292
0.766200 0.674966
0.766400 0.673640
0.766600 0.672315
0.766800 0.670991
0.767000 0.669667
0.767200 0.668344
0.767400 0.667022
0.767600 0.665700
0.767800 0.664379
0.768000 0.663059
0.768200 0.661739
0.768400 0.660421
0.768600 0.659103
0.768800 0.657785
0.769000 0.656469
0.769200 0.655153
0.769400 0.653839
0.769600 0.652525
0.769800 0.651212
0.770000 0.649899
0.770200 0.648588
0.770400 0.647278
0.770600 0.645968
0.770800 0.644660
0.771000 0.643352
0.771200 0.642045
0.771400 0.640739
0.771600 0.639435
0.771800 0.638131
0.772000 0.636828
0.772200 0.635526
0.772400 0.634225
0.772600 0.632926
0.772800 0.631627
0.773000 0.630329
0.773200 0.629033
0.773400 0.627737
0.773600 0.626443
0.773800 0.625150
0.774000 0.623858
0.774200 0.622567
0.774400 0.621277
0.774600 0.619988
0.774800 0.618701
0.775000 0.617415
0.775200 0.616130
0.775400 0.614846
0.775600 0.613563
0.775800 0.612282
0.776000 0.611002
0.776200 0.609723
0.776400 0.608445
0.776600 0.607169
0.776800 0.605894
0.777000 0.604621
0.777200 0.603348
0.777400 0.602077
0.777600 0.600808
0.777800 0.599540
0.778000 0.598273
0.778200 0.597007
0.778400 0.595743
0.778600 0.594481
0.778800 0.593219
0.779000 0.591960
0.779200 0.590701
0.779400 0.589445
0.779600 0.588189
0.779800 0.586935
0.780000 0.585683
0.780200 0.584432
0.780400 0.583183
0.780600 0.581935
0.780800 0.580689
0.781000 0.579444
0.781200 0.578201
0.781400 0.576959
0.781600 0.575720
0.781800 0.574481
0.782000 0.573244
0.782200 0.572009
0.782400 0.570776
0.782600 0.569544
0.782800 0.568314
0.783000 0.567085
0.783200 0.565859
0.783400 0.564634
0.783600 0.563410
0.783800 0.562188
0.784000 0.560968
0.784200 0.559750
0.784400 0.558534
0.784600 0.557319
0.784800 0.556106
0.785000 0.554895
0.785200 0.553685
0.785400 0.552478
0.785600 0.551272
0.785800 0.550068
0.786000 0.548866
0.786200 0.547666
0.786400 0.546467
0.786600 0.545270
0.786800 0.544076
0.787000 0.542883
0.787200 0.541692
0.787400 0.540503
0.787600 0.539316
0.787800 0.538131
0.788000 0.536947
0.788200 0.535766
0.788400 0.534587
0.788600 0.533409
0.788800 0.532234
0.789000 0.531060
0.789200 0.529889
0.789400 0.528719
0.789600 0.527552
0.789800 0.526386
0.790000 0.525223
0.790200 0.524061
0.790400 0.522902
0.790600 0.521745
0.790800 0.520590
0.791000 0.519436
0.791200 0.518285
0.791400 0.517136
0.791600 0.515989
0.791800 0.514845
0.792000 0.513702
0.792200 0.512561
0.792400 0.511423
0.792600 0.510287
0.792800 0.509153
0.793000 0.508021
0.793200 0.506891
0.793400 0.505764
0.793600 0.504638
0.793800 0.503515
0.794000 0.502394
0.794200 0.501275
0.794400 0.500159
0.794600 0.499044
0.794800 0.497932
0.795000 0.496823
0.795200 0.495715
0.795400 0.494610
0.795600 0.493507
0.795800 0.492406
0.796000 0.491307
0.796200 0.490211
0.796400 0.489117
0.796600 0.488026
0.796800 0.486937
0.797000 0.485850
0.797200 0.484765
0.797400 0.483683
0.797600 0.482603
0.797800 0.481526
0.798000 0.480451
0.798200 0.479378
0.798400 0.478308
0.798600 0.477240
0.798800 0.476174
0.799000 0.475111
0.799200 0.474050
0.799400 0.472992
0.799600 0.471936
0.799800 0.470882
0.800000 0.469831
0.800200 0.468783
0.800400 0.467737
0.800600 0.466693
0.800800 0.465652
0.801000 0.464613
0.801200 0.463577
0.801400 0.462543
0.801600 0.461512
0.801800 0.460483
0.802000 0.459456
0.802200 0.458433
0.802400 0.457412
0.802600 0.456393
0.802800 0.455377
0.803000 0.454363
0.803200 0.453352
0.803400 0.452343
0.803600 0.451337
0.803800 0.450334
0.804000 0.449333
0.804200 0.448335
0.804400 0.447339
0.804600 0.446346
0.804800 0.445356
0.805000 0.444368
0.805200 0.443383
0.805400 0.442400
0.805600 0.441420
0.805800 0.440442
0.806000 0.439468
0.806200 0.438496
0.806400 0.437526
0.806600 0.436559
0.806800 0.435595
0.807000 0.434633
0.807200 0.433675
0.807400 0.432718
0.807600 0.431765
0.807800 0.430814
0.808000 0.429866
0.808200 0.428920
0.808400 0.427977
0.808600 0.427037
0.808800 0.426100
0.809000 0.425165
0.809200 0.424233
0.809400 0.423304
0.809600 0.422378
0.809800 0.421454
0.810000 0.420533
0.810200 0.419615
0.810400 0.418699
0.810600 0.417786
0.810800 0.416876
0.811000 0.415969
0.811200 0.415064
0.811400 0.414162
0.811600 0.413263
0.811800 0.412367
0.812000 0.411474
0.812200 0.410583
0.812400 0.409695
0.812600 0.408810
0.812800 0.407928
0.813000 0.407048
0.813200 0.406172
0.813400 0.405298
0.813600 0.404427
0.813800 0.403559
0.814000 0.402693
0.814200 0.401831
0.814400 0.400971
0.814600 0.400114
0.814800 0.399260
0.815000 0.398409
0.815200 0.397560
0.815400 0.396715
0.815600 0.395872
0.815800 0.395032
0.816000 0.394195
0.816200 0.393361
0.816400 0.392530
0.816600 0.391701
0.816800 0.390876
0.817000 0.390053
0.817200 0.389233
0.817400 0.388417
0.817600 0.387602
0.817800 0.386791
0.818000 0.385983
0.818200 0.385178
0.818400 0.384375
0.818600 0.383576
0.818800 0.382779
0.819000 0.381985
0.819200 0.381195
0.819400 0.380407
0.819600 0.379622
0.819800 0.378840
0.820000 0.378060
0.820200 0.377284
0.820400 0.376511
0.820600 0.375740
0.820800 0.374973
0.821000 0.374208
0.821200 0.373447
0.821400 0.372688
0.821600 0.371932
0.821800 0.371179
0.822000 0.370430
0.822200 0.369683
0.822400 0.368939
0.822600 0.368198
0.822800 0.367460
0.823000 0.366724
0.823200 0.365992
0.823400 0.365263
0.823600 0.364537
0.823800 0.363813
0.824000 0.363093
0.824200 0.362376
0.824400 0.361661
0.824600 0.360950
0.824800 0.360241
0.825000 0.359536
0.825200 0.358833
0.825400 0.358134
0.825600 0.357437
0.825800 0.356744
0.826000 0.356053
0.826200 0.355365
0.826400 0.354681
0.826600 0.353999
0.826800 0.353320
0.827000 0.352644
0.827200 0.351972
0.827400 0.351302
0.827600 0.350635
0.827800 0.349971
0.828000 0.349311
0.828200 0.348653
0.828400 0.347998
0.828600 0.347346
0.828800 0.346697
0.829000 0.346052
0.829200 0.345409
0.829400 0.344769
0.829600 0.344132
0.829800 0.343498
0.830000 0.342867
0.830200 0.342240
0.830400 0.341615
0.830600 0.340993
0.830800 0.340374
0.831000 0.339758
0.831200 0.339145
0.831400 0.338536
0.831600 0.337929
0.831800 0.337325
0.832000 0.336724
0.832200 0.336126
0.832400 0.335531
0.832600 0.334940
0.832800 0.334351
0.833000 0.333765
0.833200 0.333182
0.833400 0.332602
0.833600 0.332026
0.833800 0.331452
0.834000 0.330881
0.834200 0.330313
0.834400 0.329748
0.834600 0.329187
0.834800 0.328628
0.835000 0.328072
0.835200 0.327519
0.835400 0.326970
0.835600 0.326423
0.835800 0.325879
0.836000 0.325338
0.836200 0.324801
0.836400 0.324266
0.836600 0.323734
0.836800 0.323205
0.837000 0.322680
0.837200 0.322157
0.837400 0.321637
0.837600 0.321120
0.837800 0.320607
0.838000 0.320096
0.838200 0.319588
0.838400 0.319083
0.838600 0.318582
0.838800 0.318083
0.839000 0.317587
0.839200 0.317094
0.839400 0.316605
0.839600 0.316118
0.839800 0.315634
0.840000 0.315153
0.840200 0.314675
0.840400 0.314201
0.840600 0.313729
0.840800 0.313260
0.841000 0.312794
0.841200 0.312331
0.841400 0.311871
0.841600 0.311414
0.841800 0.310960
0.842000 0.310509
0.842200 0.310061
0.842400 0.309616
0.842600 0.309174
0.842800 0.308735
0.843000 0.308299
0.843200 0.307866
0.843400 0.307436
0.843600 0.307009
0.843800 0.306585
0.844000 0.306163
0.844200 0.305745
0.844400 0.305330
0.844600 0.304917
0.844800 0.304508
0.845000 0.304101
0.845200 0.303698
0.845400 0.303297
0.845600 0.302900
0.845800 0.302505
0.846000 0.302114
0.846200 0.301725
0.846400 0.301339
0.846600 0.300956
0.846800 0.300576
0.847000 0.300199
0.847200 0.299825
0.847400 0.299454
0.847600 0.299086
0.847800 0.298721
0.848000 0.298358
0.848200 0.297999
0.848400 0.297643
0.848600 0.297289
0.848800 0.296938
0.849000 0.296591
0.849200 0.296246
0.849400 0.295904
0.849600 0.295565
0.849800 0.295229
0.850000 0.294896
0.850200 0.294566
0.850400 0.294238
0.850600 0.293914
0.850800 0.293593
0.851000 0.293274
0.851200 0.292958
0.851400 0.292645
0.851600 0.292335
0.851800 0.292028
0.852000 0.291724
0.852200 0.291423
0.852400 0.291124
0.852600 0.290829
0.852800 0.290536
0.853000 0.290246
0.853200 0.289960
0.853400 0.289675
0.853600 0.289394
0.853800 0.289116
0.854000 0.288840
0.854200 0.288568
0.854400 0.288298
0.854600 0.288031
0.854800 0.287767
0.855000 0.287506
0.855200 0.287247
0.855400 0.286992
0.855600 0.286739
0.855800 0.286489
0.856000 0.286242
0.856200 0.285998
0.856400 0.285757
0.856600 0.285518
0.856800 0.285282
0.857000 0.285049
0.857200 0.284819
0.857400 0.284592
0.857600 0.284367
0.857800 0.284146
0.858000 0.283927
0.858200 0.283711
0.858400 0.283497
0.858600 0.283287
0.858800 0.283079
0.859000 0.282874
0.859200 0.282672
0.859400 0.282473
0.859600 0.282276
0.859800 0.282082
0.860000 0.281891
0.860200 0.281703
0.860400 0.281517
0.860600 0.281334
0.860800 0.281154
0.861000 0.280977
0.861200 0.280803
0.861400 0.280631
0.861600 0.280462
0.861800 0.280295
0.862000 0.280132
0.862200 0.279971
0.862400 0.279813
0.862600 0.279658
0.862800 0.279505
0.863000 0.279355
0.863200 0.279208
0.863400 0.279063
0.863600 0.278921
0.863800 0.278782
0.864000 0.278646
0.864200 0.278512
0.864400 0.278381
0.864600 0.278253
0.864800 0.278127
0.865000 0.278004
0.865200 0.277884
0.865400 0.277766
0.865600 0.277651
0.865800 0.277539
0.866000 0.277429
0.866200 0.277322
0.866400 0.277218
0.866600 0.277116
0.866800 0.277017
0.867000 0.276921
0.867200 0.276827
0.867400 0.276736
0.867600 0.276648
0.867800 0.276562
0.868000 0.276479
0.868200 0.276398
0.868400 0.276320
0.868600 0.276245
0.868800 0.276172
0.869000 0.276102
0.869200 0.276035
0.869400 0.275970
0.869600 0.275907
0.869800 0.275848
0.870000 0.275791
0.870200 0.275736
0.870400 0.275684
0.870600 0.275635
0.870800 0.275588
0.871000 0.275544
0.871200 0.275502
0.871400 0.275463
0.871600 0.275426
0.871800 0.275392
0.872000 0.275361
0.872200 0.275332
0.872400 0.275305
0.872600 0.275281
0.872800 0.275260
0.873000 0.275241
0.873200 0.275225
0.873400 0.275211
0.873600 0.275200
0.873800 0.275191
0.874000 0.275185
0.874200 0.275181
0.874400 0.275180
0.874600 0.275181
0.874800 0.275185
0.875000 0.275191
0.875200 0.275200
0.875400 0.275211
0.875600 0.275225
0.875800 0.275241
0.876000 0.275259
0.876200 0.275280
0.876400 0.275304
0.876600 0.275330
0.876800 0.275358
0.877000 0.275389
0.877200 0.275422
0.877400 0.275458
0.877600 0.275496
0.877800 0.275537
0.878000 0.275579
0.878200 0.275625
0.878400 0.275673
0.878600 0.275723
0.878800 0.275776
0.879000 0.275831
0.879200 0.275888
0.879400 0.275948
0.879600 0.276010
0.879800 0.276074
0.880000 0.276141
0.880200 0.276211
0.880400 0.276282
0.880600 0.276356
0.880800 0.276433
0.881000 0.276512
0.881200 0.276593
0.881400 0.276676
0.881600 0.276762
0.881800 0.276850
0.882000 0.276941
0.882200 0.277033
0.882400 0.277128
0.882600 0.277226
0.882800 0.277326
0.883000 0.277428
0.883200 0.277532
0.883400 0.277639
0.883600 0.277748
0.883800 0.277859
0.884000 0.277973
0.884200 0.278088
0.884400 0.278207
0.884600 0.278327
0.884800 0.278450
0.885000 0.278574
0.885200 0.278702
0.885400 0.278831
0.885600 0.278963
0.885800 0.279097
0.886000 0.279233
0.886200 0.279371
0.886400 0.279512
0.886600 0.279655
0.886800 0.279800
0.887000 0.279947
0.887200 0.280097
0.887400 0.280249
0.887600 0.280403
0.887800 0.280559
0.888000 0.280717
0.888200 0.280878
0.888400 0.281041
0.888600 0.281205
0.888800 0.281373
0.889000 0.281542
0.889200 0.281713
0.889400 0.281887
0.889600 0.282063
0.889800 0.282241
0.890000 0.282421
0.890200 0.282603
0.890400 0.282788
0.890600 0.282974
0.890800 0.283163
0.891000 0.283354
0.891200 0.283546
0.891400 0.283742
0.891600 0.283939
0.891800 0.284138
0.892000 0.284339
0.892200 0.284543
0.892400 0.284749
0.892600 0.284956
0.892800 0.285166
0.893000 0.285378
0.893200 0.285592
0.893400 0.285808
0.893600 0.286026
0.893800 0.286246
0.894000 0.286468
0.894200 0.286693
0.894400 0.286919
0.894600 0.287147
0.894800 0.287378
0.895000 0.287610
0.895200 0.287845
0.895400 0.288082
0.895600 0.288320
0.895800 0.288561
0.896000 0.288803
0.896200 0.289048
0.896400 0.289295
0.896600 0.289543
0.896800 0.289794
0.897000 0.290047
0.897200 0.290302
0.897400 0.290558
0.897600 0.290817
0.897800 0.291078
0.898000 0.291340
0.898200 0.291605
0.898400 0.291871
0.898600 0.292140
0.898800 0.292410
0.899000 0.292683
0.899200 0.292957
0.899400 0.293234
0.899600 0.293512
0.899800 0.293792
0.900000 0.294074
0.900200 0.294359
0.900400 0.294645
0.900600 0.294933
0.900800 0.295223
0.901000 0.295514
0.901200 0.295808
0.901400 0.296104
0.901600 0.296402
0.901800 0.296701
0.902000 0.297002
0.902200 0.297306
0.902400 0.297611
0.902600 0.297918
0.902800 0.298227
0.903000 0.298538
0.903200 0.298851
0.903400 0.299165
0.903600 0.299482
0.903800 0.299800
0.904000 0.300120
0.904200 0.300442
0.904400 0.300766
0.904600 0.301092
0.904800 0.301420
0.905000 0.301750
0.905200 0.302081
0.905400 0.302414
0.905600 0.302749
0.905800 0.303086
0.906000 0.303425
0.906200 0.303766
0.906400 0.304108
0.906600 0.304452
0.906800 0.304799
0.907000 0.305147
0.907200 0.305496
0.907400 0.305848
0.907600 0.306201
0.907800 0.306557
0.908000 0.306914
0.908200 0.307273
0.908400 0.307633
0.908600 0.307996
0.908800 0.308360
0.909000 0.308727
0.909200 0.309095
0.909400 0.309464
0.909600 0.309836
0.909800 0.310209
0.910000 0.310585
0.910200 0.310962
0.910400 0.311341
0.910600 0.311721
0.910800 0.312104
0.911000 0.312488
0.911200 0.312874
0.911400 0.313262
0.911600 0.313652
0.911800 0.314043
0.912000 0.314436
0.912200 0.314832
0.912400 0.315229
0.912600 0.315627
0.912800 0.316028
0.913000 0.316430
0.913200 0.316834
0.913400 0.317240
0.913600 0.317648
0.913800 0.318058
0.914000 0.318470
0.914200 0.318883
0.914400 0.319298
0.914600 0.319715
0.914800 0.320134
0.915000 0.320554
0.915200 0.320977
0.915400 0.321401
0.915600 0.321828
0.915800 0.322256
0.916000 0.322686
0.916200 0.323117
0.916400 0.323551
0.916600 0.323987
0.916800 0.324424
0.917000 0.324863
0.917200 0.325304
0.917400 0.325748
0.917600 0.326193
0.917800 0.326640
0.918000 0.327088
0.918200 0.327539
0.918400 0.327992
0.918600 0.328447
0.918800 0.328903
0.919000 0.329362
0.919200 0.329822
0.919400 0.330285
0.919600 0.330749
0.919800 0.331216
0.920000 0.331685
0.920200 0.332155
0.920400 0.332628
0.920600 0.333102
0.920800 0.333579
0.921000 0.334058
0.921200 0.334539
0.921400 0.335022
0.921600 0.335507
0.921800 0.335994
0.922000 0.336484
0.922200 0.336975
0.922400 0.337469
0.922600 0.337965
0.922800 0.338463
0.923000 0.338964
0.923200 0.339466
0.923400 0.339971
0.923600 0.340478
0.923800 0.340988
0.924000 0.341500
0.924200 0.342014
0.924400 0.342531
0.924600 0.343050
0.924800 0.343571
0.925000 0.344095
0.925200 0.344621
0.925400 0.345150
0.925600 0.345682
0.925800 0.346216
0.926000 0.346752
0.926200 0.347291
0.926400 0.347833
0.926600 0.348378
0.926800 0.348925
0.927000 0.349475
0.927200 0.350027
0.927400 0.350583
0.927600 0.351141
0.927800 0.351702
0.928000 0.352266
0.928200 0.352833
0.928400 0.353403
0.928600 0.353977
0.928800 0.354553
0.929000 0.355132
0.929200 0.355714
0.929400 0.356300
0.929600 0.356889
0.929800 0.357481
0.930000 0.358076
0.930200 0.358675
0.930400 0.359277
0.930600 0.359883
0.930800 0.360492
0.931000 0.361105
0.931200 0.361721
0.931400 0.362341
0.931600 0.362965
0.931800 0.363593
0.932000 0.364224
0.932200 0.364860
0.932400 0.365499
0.932600 0.366143
0.932800 0.366790
0.933000 0.367442
0.933200 0.368098
0.933400 0.368759
0.933600 0.369424
0.933800 0.370093
0.934000 0.370767
0.934200 0.371445
0.934400 0.372128
0.934600 0.372816
0.934800 0.373509
0.935000 0.374206
0.935200 0.374909
0.935400 0.375617
0.935600 0.376330
0.935800 0.377048
0.936000 0.377772
0.936200 0.378501
0.936400 0.379236
0.936600 0.379976
0.936800 0.380722
0.937000 0.381474
0.937200 0.382232
0.937400 0.382996
0.937600 0.383766
0.937800 0.384543
0.938000 0.385326
0.938200 0.386115
0.938400 0.386912
0.938600 0.387714
0.938800 0.388524
0.939000 0.389341
0.939200 0.390165
0.939400 0.390996
0.939600 0.391835
0.939800 0.392681
0.940000 0.393535
0.940200 0.394396
0.940400 0.395266
0.940600 0.396144
0.940800 0.397030
0.941000 0.397924
0.941200 0.398827
0.941400 0.399738
0.941600 0.400659
0.941800 0.401589
0.942000 0.402527
0.942200 0.403475
0.942400 0.404433
0.942600 0.405400
0.942800 0.406378
0.943000 0.407365
0.943200 0.408362
0.943400 0.409370
0.943600 0.410389
0.943800 0.411418
0.944000 0.412459
0.944200 0.413511
0.944400 0.414574
0.944600 0.415649
0.944800 0.416735
0.945000 0.417834
0.945200 0.418945
0.945400 0.420068
0.945600 0.421205
0.945800 0.422354
0.946000 0.423516
0.946200 0.424692
0.946400 0.425882
0.946600 0.427085
0.946800 0.428303
0.947000 0.429535
0.947200 0.430781
0.947400 0.432043
0.947600 0.433320
0.947800 0.434612
0.948000 0.435920
0.948200 0.437244
0.948400 0.438584
0.948600 0.439941
0.948800 0.441315
0.949000 0.442706
0.949200 0.444115
0.949400 0.445541
0.949600 0.446986
0.949800 0.448449
0.950000 0.449930
0.950200 0.451431
0.950400 0.452951
0.950600 0.454490
0.950800 0.456050
0.951000 0.457630
0.951200 0.459231
0.951400 0.460853
0.951600 0.462497
0.951800 0.464162
0.952000 0.465849
0.952200 0.467559
0.952400 0.469292
0.952600 0.471048
0.952800 0.472828
0.953000 0.474632
0.953200 0.476461
0.953400 0.478314
0.953600 0.480193
0.953800 0.482097
0.954000 0.484027
0.954200 0.485984
0.954400 0.487968
0.954600 0.489980
0.954800 0.492019
0.955000 0.494087
0.955200 0.496183
0.955400 0.498308
0.955600 0.500464
0.955800 0.502649
0.956000 0.504865
0.956200 0.507112
0.956400 0.509390
0.956600 0.511701
0.956800 0.514044
0.957000 0.516420
0.957200 0.518830
0.957400 0.521274
0.957600 0.523752
0.957800 0.526265
0.958000 0.528815
0.958200 0.531400
0.958400 0.534022
0.958600 0.536681
0.958800 0.539378
0.959000 0.542114
0.959200 0.544888
0.959400 0.547702
0.959600 0.550556
0.959800 0.553450
0.960000 0.556386
0.960200 0.559364
0.960400 0.562384
0.960600 0.565447
0.960800 0.568554
0.961000 0.571705
0.961200 0.574900
0.961400 0.578142
0.961600 0.581429
0.961800 0.584763
0.962000 0.588145
0.962200 0.591574
0.962400 0.595053
0.962600 0.598580
0.962800 0.602158
0.963000 0.605786
0.963200 0.609466
0.963400 0.613198
0.963600 0.616982
0.963800 0.620820
0.964000 0.624712
0.964200 0.628659
0.964400 0.632661
0.964600 0.636719
0.964800 0.640835
0.965000 0.645008
0.965200 0.649239
0.965400 0.653529
0.965600 0.657879
0.965800 0.662290
0.966000 0.666762
0.966200 0.671296
0.966400 0.675893
0.966600 0.680554
0.966800 0.685278
0.967000 0.690068
0.967200 0.694924
0.967400 0.699846
0.967600 0.704835
0.967800 0.709893
0.968000 0.715019
0.968200 0.720216
0.968400 0.725483
0.968600 0.730821
0.968800 0.736231
0.969000 0.741714
0.969200 0.747270
0.969400 0.752902
0.969600 0.758608
0.969800 0.764390
0.970000 0.770250
0.970200 0.776187
0.970400 0.782202
0.970600 0.788297
0.970800 0.794472
0.971000 0.800729
0.971200 0.807066
0.971400 0.813487
0.971600 0.819991
0.971800 0.826579
0.972000 0.833252
0.972200 0.840011
0.972400 0.846857
0.972600 0.853790
0.972800 0.860812
0.973000 0.867923
0.973200 0.875124
0.973400 0.882416
0.973600 0.889800
0.973800 0.897276
0.974000 0.904846
0.974200 0.912509
0.974400 0.920268
0.974600 0.928123
0.974800 0.936074
0.975000 0.944122
0.975200 0.952269
0.975400 0.960515
0.975600 0.968861
0.975800 0.977307
0.976000 0.985855
0.976200 0.994506
0.976400 1.003259
0.976600 1.012116
0.976800 1.021078
0.977000 1.030146
0.977200 1.039320
0.977400 1.048600
0.977600 1.057989
0.977800 1.067486
0.978000 1.077092
0.978200 1.086809
0.978400 1.096636
0.978600 1.106575
0.978800 1.116627
0.979000 1.126791
0.979200 1.137069
0.979400 1.147462
0.979600 1.157970
0.979800 1.168593
0.980000 1.179334
0.980200 1.190192
0.980400 1.201167
0.980600 1.212262
0.980800 1.223475
0.981000 1.234809
0.981200 1.246263
0.981400 1.257838
0.981600 1.269536
0.981800 1.281355
0.982000 1.293298
0.982200 1.305365
0.982400 1.317555
0.982600 1.329871
0.982800 1.342312
0.983000 1.354878
0.983200 1.367572
0.983400 1.380392
0.983600 1.393339
0.983800 1.406415
0.984000 1.419619
0.984200 1.432952
0.984400 1.446414
0.984600 1.460006
0.984800 1.473728
0.985000 1.487581
0.985200 1.501565
0.985400 1.515680
0.985600 1.529927
0.985800 1.544305
0.986000 1.558817
0.986200 1.573461
0.986400 1.588237
0.986600 1.603148
0.986800 1.618191
0.987000 1.633369
0.987200 1.648680
0.987400 1.664126
0.987600 1.679706
0.987800 1.695420
0.988000 1.711269
0.988200 1.727253
0.988400 1.743372
0.988600 1.759625
0.988800 1.776014
0.989000 1.792538
0.989200 1.809196
0.989400 1.825990
0.989600 1.842919
0.989800 1.859983
0.990000 1.877182
0.990200 1.894515
0.990400 1.911984
0.990600 1.929587
0.990800 1.947324
0.991000 1.965196
0.991200 1.983201
0.991400 2.001341
0.991600 2.019613
0.991800 2.038020
0.992000 2.056559
0.992200 2.075230
0.992400 2.094034
0.992600 2.112970
0.992800 2.132037
0.993000 2.151236
0.993200 2.170564
0.993400 2.190023
0.993600 2.209612
0.993800 2.229329
0.994000 2.249175
0.994200 2.269148
0.994400 2.289249
0.994600 2.309477
0.994800 2.329830
0.995000 2.350308
0.995200 2.370911
0.995400 2.391638
0.995600 2.412487
0.995800 2.433459
0.996000 2.454551
0.996200 2.475764
0.996400 2.497097
0.996600 2.518548
0.996800 2.540116
0.997000 2.561801
0.997200 2.583601
0.997400 2.605516
0.997600 2.627544
0.997800 2.649684
0.998000 2.671936
0.998200 2.694297
0.998400 2.716767
0.998600 2.739345
0.998800 2.762028
0.999000 2.784817
0.999200 2.807709
0.999400 2.830704
0.999600 2.853799
0.999800 2.876994
