0.000000 0.534370
0.000200 0.536083
0.000400 0.537800
0.000600 0.539524
0.000800 0.541252
0.001000 0.542985
0.001200 0.544724
0.001400 0.546467
0.001600 0.548216
0.001800 0.549969
0.002000 0.551728
0.002200 0.553491
0.002400 0.555260
0.002600 0.557033
0.002800 0.558812
0.003000 0.560595
0.003200 0.562383
0.003400 0.564176
0.003600 0.565974
0.003800 0.567776
0.004000 0.569584
0.004200 0.571396
0.004400 0.573213
0.004600 0.575034
0.004800 0.576860
0.005000 0.578691
0.005200 0.580527
0.005400 0.582367
0.005600 0.584212
0.005800 0.586061
0.006000 0.587915
0.006200 0.589773
0.006400 0.591636
0.006600 0.593504
0.006800 0.595376
0.007000 0.597252
0.007200 0.599133
0.007400 0.601018
0.007600 0.602907
0.007800 0.604801
0.008000 0.606699
0.008200 0.608602
0.008400 0.610509
0.008600 0.612420
0.008800 0.614335
0.009000 0.616255
0.009200 0.618179
0.009400 0.620106
0.009600 0.622039
0.009800 0.623975
0.010000 0.625915
0.010200 0.627859
0.010400 0.629808
0.010600 0.631760
0.010800 0.633717
0.011000 0.635678
0.011200 0.637642
0.011400 0.639610
0.011600 0.641583
0.011800 0.643559
0.012000 0.645539
0.012200 0.647523
0.012400 0.649511
0.012600 0.651503
0.012800 0.653499
0.013000 0.655498
0.013200 0.657501
0.013400 0.659508
0.013600 0.661518
0.013800 0.663532
0.014000 0.665550
0.014200 0.667571
0.014400 0.669597
0.014600 0.671625
0.014800 0.673657
0.015000 0.675693
0.015200 0.677732
0.015400 0.679775
0.015600 0.681821
0.015800 0.683871
0.016000 0.685924
0.016200 0.687981
0.016400 0.690041
0.016600 0.692104
0.016800 0.694171
0.017000 0.696241
0.017200 0.698314
0.017400 0.700391
0.017600 0.702470
0.017800 0.704553
0.018000 0.706639
0.018200 0.708729
0.018400 0.710821
0.018600 0.712917
0.018800 0.715016
0.019000 0.717118
0.019200 0.719222
0.019400 0.721330
0.019600 0.723441
0.019800 0.725555
0.020000 0.727672
0.020200 0.729792
0.020400 0.731915
0.020600 0.734040
0.020800 0.736169
0.021000 0.738300
0.021200 0.740434
0.021400 0.742571
0.021600 0.744711
0.021800 0.746854
0.022000 0.748999
0.022200 0.751147
0.022400 0.753298
0.022600 0.755451
0.022800 0.757607
0.023000 0.759765
0.023200 0.761926
0.023400 0.764090
0.023600 0.766256
0.023800 0.768425
0.024000 0.770596
0.024200 0.772770
0.024400 0.774946
0.024600 0.777124
0.024800 0.779305
0.025000 0.781488
0.025200 0.783674
0.025400 0.785862
0.025600 0.788052
0.025800 0.790245
0.026000 0.792439
0.026200 0.794636
0.026400 0.796835
0.026600 0.799037
0.026800 0.801240
0.027000 0.803445
0.027200 0.805653
0.027400 0.807863
0.027600 0.810074
0.027800 0.812288
0.028000 0.814504
0.028200 0.816722
0.028400 0.818941
0.028600 0.821163
0.028800 0.823386
0.029000 0.825611
0.029200 0.827838
0.029400 0.830067
0.029600 0.832298
0.029800 0.834531
0.030000 0.836765
0.030200 0.839001
0.030400 0.841238
0.030600 0.843478
0.030800 0.845718
0.031000 0.847961
0.031200 0.850205
0.031400 0.852451
0.031600 0.854698
0.031800 0.856946
0.032000 0.859197
0.032200 0.861448
0.032400 0.863701
0.032600 0.865956
0.032800 0.868211
0.033000 0.870469
0.033200 0.872727
0.033400 0.874987
0.033600 0.877248
0.033800 0.879510
0.034000 0.881773
0.034200 0.884038
0.034400 0.886304
0.034600 0.888571
0.034800 0.890839
0.035000 0.893108
0.035200 0.895378
0.035400 0.897649
0.035600 0.899922
0.035800 0.902195
0.036000 0.904469
0.036200 0.906744
0.036400 0.909020
0.036600 0.911297
0.036800 0.913574
0.037000 0.915853
0.037200 0.918132
0.037400 0.920412
0.037600 0.922693
0.037800 0.924974
0.038000 0.927256
0.038200 0.929539
0.038400 0.931822
0.038600 0.934106
0.038800 0.936390
0.039000 0.938676
0.039200 0.940961
0.039400 0.943247
0.039600 0.945534
0.039800 0.947820
0.040000 0.950108
0.040200 0.952395
0.040400 0.954683
0.040600 0.956972
0.040800 0.959260
0.041000 0.961549
0.041200 0.963838
0.041400 0.966128
0.041600 0.968417
0.041800 0.970707
0.042000 0.972996
0.042200 0.975286
0.042400 0.977576
0.042600 0.979866
0.042800 0.982156
0.043000 0.984446
0.043200 0.986736
0.043400 0.989025
0.043600 0.991315
0.043800 0.993605
0.044000 0.995894
0.044200 0.998183
0.044400 1.000472
0.044600 1.002761
0.044800 1.005049
0.045000 1.007337
0.045200 1.009625
0.045400 1.011912
0.045600 1.014199
0.045800 1.016486
0.046000 1.018772
0.046200 1.021057
0.046400 1.023343
0.046600 1.025627
0.046800 1.027911
0.047000 1.030195
0.047200 1.032477
0.047400 1.034760
0.047600 1.037041
0.047800 1.039322
0.048000 1.041602
0.048200 1.043881
0.048400 1.046159
0.048600 1.048437
0.048800 1.050714
0.049000 1.052990
0.049200 1.055265
0.049400 1.057539
0.049600 1.059812
0.049800 1.062084
0.050000 1.064355
0.050200 1.066625
0.050400 1.068894
0.050600 1.071162
0.050800 1.073428
0.051000 1.075694
0.051200 1.077958
0.051400 1.080221
0.051600 1.082483
0.051800 1.084743
0.052000 1.087002
0.052200 1.089260
0.052400 1.091517
0.052600 1.093772
0.052800 1.096026
0.053000 1.098278
0.053200 1.100529
0.053400 1.102778
0.053600 1.105026
0.053800 1.107272
0.054000 1.109516
0.054200 1.111759
0.054400 1.114001
0.054600 1.116240
0.054800 1.118478
0.055000 1.120715
0.055200 1.122949
0.055400 1.125182
0.055600 1.127413
0.055800 1.129642
0.056000 1.131869
0.056200 1.134095
0.056400 1.136318
0.056600 1.138540
0.056800 1.140760
0.057000 1.142978
0.057200 1.145193
0.057400 1.147407
0.057600 1.149619
0.057800 1.151829
0.058000 1.154036
0.058200 1.156242
0.058400 1.158446
0.058600 1.160647
0.058800 1.162846
0.059000 1.165043
0.059200 1.167238
0.059400 1.169431
0.059600 1.171622
0.059800 1.173810
0.060000 1.175996
0.060200 1.178180
0.060400 1.180362
0.060600 1.182541
0.060800 1.184718
0.061000 1.186893
0.061200 1.189065
0.061400 1.191236
0.061600 1.193404
0.061800 1.195569
0.062000 1.197733
0.062200 1.199894
0.062400 1.202053
0.062600 1.204209
0.062800 1.206364
0.063000 1.208516
0.063200 1.210666
0.063400 1.212813
0.063600 1.214958
0.063800 1.217101
0.064000 1.219242
0.064200 1.221381
0.064400 1.223517
0.064600 1.225652
0.064800 1.227784
0.065000 1.229914
0.065200 1.232043
0.065400 1.234169
0.065600 1.236293
0.065800 1.238415
0.066000 1.240536
0.066200 1.242654
0.066400 1.244771
0.066600 1.246886
0.066800 1.249000
0.067000 1.251112
0.067200 1.253222
0.067400 1.255331
0.067600 1.257439
0.067800 1.259545
0.068000 1.261651
0.068200 1.263755
0.068400 1.265858
0.068600 1.267960
0.068800 1.270062
0.069000 1.272163
0.069200 1.274263
0.069400 1.276363
0.069600 1.278463
0.069800 1.280563
0.070000 1.282663
0.070200 1.284763
0.070400 1.286864
0.070600 1.288965
0.070800 1.291067
0.071000 1.293170
0.071200 1.295274
0.071400 1.297379
0.071600 1.299486
0.071800 1.301595
0.072000 1.303706
0.072200 1.305820
0.072400 1.307936
0.072600 1.310055
0.072800 1.312177
0.073000 1.314303
0.073200 1.316432
0.073400 1.318566
0.073600 1.320704
0.073800 1.322847
0.074000 1.324995
0.074200 1.327149
0.074400 1.329309
0.074600 1.331475
0.074800 1.333649
0.075000 1.335829
0.075200 1.338017
0.075400 1.340214
0.075600 1.342419
0.075800 1.344634
0.076000 1.346858
0.076200 1.349093
0.076400 1.351339
0.076600 1.353596
0.076800 1.355865
0.077000 1.358147
0.077200 1.360443
0.077400 1.362753
0.077600 1.365078
0.077800 1.367418
0.078000 1.369774
0.078200 1.372148
0.078400 1.374540
0.078600 1.376950
0.078800 1.379380
0.079000 1.381830
0.079200 1.384302
0.079400 1.386796
0.079600 1.389313
0.079800 1.391854
0.080000 1.394421
0.080200 1.397014
0.080400 1.399634
0.080600 1.402283
0.080800 1.404961
0.081000 1.407670
0.081200 1.410411
0.081400 1.413186
0.081600 1.415994
0.081800 1.418838
0.082000 1.421720
0.082200 1.424640
0.082400 1.427599
0.082600 1.430600
0.082800 1.433643
0.083000 1.436731
0.083200 1.439864
0.083400 1.443045
0.083600 1.446274
0.083800 1.449554
0.084000 1.452886
0.084200 1.456272
0.084400 1.459714
0.084600 1.463213
0.084800 1.466771
0.085000 1.470390
0.085200 1.474072
0.085400 1.477819
0.085600 1.481633
0.085800 1.485516
0.086000 1.489469
0.086200 1.493495
0.086400 1.497597
0.086600 1.501775
0.086800 1.506033
0.087000 1.510372
0.087200 1.514795
0.087400 1.519304
0.087600 1.523902
0.087800 1.528590
0.088000 1.533371
0.088200 1.538247
0.088400 1.543222
0.088600 1.548297
0.088800 1.553474
0.089000 1.558757
0.089200 1.564148
0.089400 1.569649
0.089600 1.575263
0.089800 1.580993
0.090000 1.586842
0.090200 1.592811
0.090400 1.598904
0.090600 1.605123
0.090800 1.611471
0.091000 1.617952
0.091200 1.624566
0.091400 1.631318
0.091600 1.638211
0.091800 1.645246
0.092000 1.652426
0.092200 1.659756
0.092400 1.667236
0.092600 1.674871
0.092800 1.682662
0.093000 1.690613
0.093200 1.698727
0.093400 1.707005
0.093600 1.715452
0.093800 1.724070
0.094000 1.732861
0.094200 1.741828
0.094400 1.750974
0.094600 1.760302
0.094800 1.769814
0.095000 1.779513
0.095200 1.789401
0.095400 1.799482
0.095600 1.809757
0.095800 1.820229
0.096000 1.830900
0.096200 1.841773
0.096400 1.852851
0.096600 1.864135
0.096800 1.875628
0.097000 1.887332
0.097200 1.899248
0.097400 1.911380
0.097600 1.923729
0.097800 1.936296
0.098000 1.949084
0.098200 1.962095
0.098400 1.975330
0.098600 1.988790
0.098800 2.002478
0.099000 2.016394
0.099200 2.030539
0.099400 2.044916
0.099600 2.059525
0.099800 2.074366
0.100000 2.089442
0.100200 2.104752
0.100400 2.120297
0.100600 2.136077
0.100800 2.152094
0.101000 2.168347
0.101200 2.184836
0.101400 2.201561
0.101600 2.218522
0.101800 2.235719
0.102000 2.253151
0.102200 2.270818
0.102400 2.288718
0.102600 2.306852
0.102800 2.325217
0.103000 2.343812
0.103200 2.362637
0.103400 2.381689
0.103600 2.400967
0.103800 2.420469
0.104000 2.440192
0.104200 2.460134
0.104400 2.480294
0.104600 2.500668
0.104800 2.521253
0.105000 2.542047
0.105200 2.563046
0.105400 2.584247
0.105600 2.605646
0.105800 2.627239
0.106000 2.649023
0.106200 2.670994
0.106400 2.693147
0.106600 2.715477
0.106800 2.737980
0.107000 2.760651
0.107200 2.783485
0.107400 2.806476
0.107600 2.829620
0.107800 2.852910
0.108000 2.876340
0.108200 2.899905
0.108400 2.923598
0.108600 2.947414
0.108800 2.971344
0.109000 2.995383
0.109200 3.019523
0.109400 3.043758
0.109600 3.068080
0.109800 3.092481
0.110000 3.116954
0.110200 3.141491
0.110400 3.166085
0.110600 3.190726
0.110800 3.215407
0.111000 3.240120
0.111200 3.264854
0.111400 3.289603
0.111600 3.314357
0.111800 3.339107
0.112000 3.363843
0.112200 3.388558
0.112400 3.413240
0.112600 3.437881
0.112800 3.462472
0.113000 3.487002
0.113200 3.511461
0.113400 3.535841
0.113600 3.560130
0.113800 3.584319
0.114000 3.608398
0.114200 3.632356
0.114400 3.656184
0.114600 3.679870
0.114800 3.703406
0.115000 3.726780
0.115200 3.749982
0.115400 3.773001
0.115600 3.795828
0.115800 3.818452
0.116000 3.840863
0.116200 3.863049
0.116400 3.885002
0.116600 3.906710
0.116800 3.928163
0.117000 3.949351
0.117200 3.970264
0.117400 3.990892
0.117600 4.011224
0.117800 4.031251
0.118000 4.050963
0.118200 4.070350
0.118400 4.089402
0.118600 4.108110
0.118800 4.126464
0.119000 4.144456
0.119200 4.162075
0.119400 4.179313
0.119600 4.196160
0.119800 4.212609
0.120000 4.228651
0.120200 4.244276
0.120400 4.259478
0.120600 4.274248
0.120800 4.288578
0.121000 4.302460
0.121200 4.315888
0.121400 4.328853
0.121600 4.341350
0.121800 4.353370
0.122000 4.364909
0.122200 4.375959
0.122400 4.386514
0.122600 4.396570
0.122800 4.406119
0.123000 4.415157
0.123200 4.423680
0.123400 4.431681
0.123600 4.439158
0.123800 4.446105
0.124000 4.452520
0.124200 4.458397
0.124400 4.463735
0.124600 4.468530
0.124800 4.472779
0.125000 4.476481
0.125200 4.479632
0.125400 4.482232
0.125600 4.484278
0.125800 4.485770
0.126000 4.486707
0.126200 4.487088
0.126400 4.486913
0.126600 4.486182
0.126800 4.484895
0.127000 4.483054
0.127200 4.480659
0.127400 4.477711
0.127600 4.474213
0.127800 4.470166
0.128000 4.465572
0.128200 4.460434
0.128400 4.454755
0.128600 4.448538
0.128800 4.441786
0.129000 4.434503
0.129200 4.426693
0.129400 4.418360
0.129600 4.409509
0.129800 4.400145
0.130000 4.390273
0.130200 4.379899
0.130400 4.369027
0.130600 4.357664
0.130800 4.345815
0.131000 4.333489
0.131200 4.320690
0.131400 4.307426
0.131600 4.293704
0.131800 4.279531
0.132000 4.264915
0.132200 4.249864
0.132400 4.234385
0.132600 4.218487
0.132800 4.202177
0.133000 4.185465
0.133200 4.168359
0.133400 4.150868
0.133600 4.133001
0.133800 4.114766
0.134000 4.096174
0.134200 4.077234
0.134400 4.057954
0.134600 4.038346
0.134800 4.018418
0.135000 3.998180
0.135200 3.977642
0.135400 3.956815
0.135600 3.935709
0.135800 3.914332
0.136000 3.892697
0.136200 3.870813
0.136400 3.848690
0.136600 3.826338
0.136800 3.803769
0.137000 3.780992
0.137200 3.758018
0.137400 3.734858
0.137600 3.711521
0.137800 3.688017
0.138000 3.664359
0.138200 3.640554
0.138400 3.616615
0.138600 3.592551
0.138800 3.568373
0.139000 3.544089
0.139200 3.519712
0.139400 3.495250
0.139600 3.470714
0.139800 3.446112
0.140000 3.421456
0.140200 3.396755
0.140400 3.372018
0.140600 3.347255
0.140800 3.322475
0.141000 3.297686
0.141200 3.272900
0.141400 3.248123
0.141600 3.223366
0.141800 3.198636
0.142000 3.173942
0.142200 3.149293
0.142400 3.124697
0.142600 3.100162
0.142800 3.075695
0.143000 3.051305
0.143200 3.026999
0.143400 3.002784
0.143600 2.978669
0.143800 2.954659
0.144000 2.930761
0.144200 2.906983
0.144400 2.883331
0.144600 2.859811
0.144800 2.836429
0.145000 2.813191
0.145200 2.790104
0.145400 2.767172
0.145600 2.744400
0.145800 2.721796
0.146000 2.699362
0.146200 2.677104
0.146400 2.655027
0.146600 2.633135
0.146800 2.611432
0.147000 2.589922
0.147200 2.568609
0.147400 2.547498
0.147600 2.526590
0.147800 2.505890
0.148000 2.485401
0.148200 2.465125
0.148400 2.445066
0.148600 2.425225
0.148800 2.405606
0.149000 2.386210
0.149200 2.367040
0.149400 2.348097
0.149600 2.329383
0.149800 2.310899
0.150000 2.292648
0.150200 2.274629
0.150400 2.256844
0.150600 2.239295
0.150800 2.221980
0.151000 2.204902
0.151200 2.188061
0.151400 2.171456
0.151600 2.155089
0.151800 2.138958
0.152000 2.123064
0.152200 2.107407
0.152400 2.091985
0.152600 2.076800
0.152800 2.061849
0.153000 2.047132
0.153200 2.032648
0.153400 2.018397
0.153600 2.004376
0.153800 1.990585
0.154000 1.977023
0.154200 1.963688
0.154400 1.950579
0.154600 1.937694
0.154800 1.925031
0.155000 1.912588
0.155200 1.900364
0.155400 1.888357
0.155600 1.876565
0.155800 1.864985
0.156000 1.853616
0.156200 1.842455
0.156400 1.831501
0.156600 1.820750
0.156800 1.810201
0.157000 1.799850
0.157200 1.789697
0.157400 1.779737
0.157600 1.769969
0.157800 1.760390
0.158000 1.750997
0.158200 1.741789
0.158400 1.732761
0.158600 1.723911
0.158800 1.715238
0.159000 1.706737
0.159200 1.698406
0.159400 1.690243
0.159600 1.682245
0.159800 1.674409
0.160000 1.666731
0.160200 1.659211
0.160400 1.651843
0.160600 1.644627
0.160800 1.637558
0.161000 1.630635
0.161200 1.623854
0.161400 1.617212
0.161600 1.610708
0.161800 1.604338
0.162000 1.598099
0.162200 1.591989
0.162400 1.586004
0.162600 1.580144
0.162800 1.574403
0.163000 1.568781
0.163200 1.563274
0.163400 1.557880
0.163600 1.552596
0.163800 1.547420
0.164000 1.542349
0.164200 1.537380
0.164400 1.532512
0.164600 1.527742
0.164800 1.523066
0.165000 1.518484
0.165200 1.513992
0.165400 1.509589
0.165600 1.505272
0.165800 1.501038
0.166000 1.496886
0.166200 1.492813
0.166400 1.488818
0.166600 1.484898
0.166800 1.481050
0.167000 1.477274
0.167200 1.473567
0.167400 1.469927
0.167600 1.466352
0.167800 1.462840
0.168000 1.459390
0.168200 1.455999
0.168400 1.452666
0.168600 1.449389
0.168800 1.446166
0.169000 1.442996
0.169200 1.439877
0.169400 1.436807
0.169600 1.433785
0.169800 1.430809
0.170000 1.427878
0.170200 1.424991
0.170400 1.422145
0.170600 1.419340
0.170800 1.416574
0.171000 1.413846
0.171200 1.411154
0.171400 1.408497
0.171600 1.405875
0.171800 1.403285
0.172000 1.400727
0.172200 1.398199
0.172400 1.395701
0.172600 1.393231
0.172800 1.390789
0.173000 1.388373
0.173200 1.385982
0.173400 1.383615
0.173600 1.381271
0.173800 1.378951
0.174000 1.376651
0.174200 1.374373
0.174400 1.372114
0.174600 1.369875
0.174800 1.367653
0.175000 1.365450
0.175200 1.363263
0.175400 1.361092
0.175600 1.358937
0.175800 1.356797
0.176000 1.354671
0.176200 1.352558
0.176400 1.350459
0.176600 1.348372
0.176800 1.346296
0.177000 1.344232
0.177200 1.342179
0.177400 1.340136
0.177600 1.338103
0.177800 1.336079
0.178000 1.334064
0.178200 1.332058
0.178400 1.330059
0.178600 1.328069
0.178800 1.326085
0.179000 1.324109
0.179200 1.322139
0.179400 1.320175
0.179600 1.318217
0.179800 1.316265
0.180000 1.314318
0.180200 1.312375
0.180400 1.310438
0.180600 1.308505
0.180800 1.306577
0.181000 1.304652
0.181200 1.302731
0.181400 1.300814
0.181600 1.298900
0.181800 1.296989
0.182000 1.295081
0.182200 1.293175
0.182400 1.291272
0.182600 1.289372
0.182800 1.287474
0.183000 1.285578
0.183200 1.283684
0.183400 1.281792
0.183600 1.279901
0.183800 1.278012
0.184000 1.276125
0.184200 1.274239
0.184400 1.272354
0.184600 1.270470
0.184800 1.268588
0.185000 1.266706
0.185200 1.264826
0.185400 1.262946
0.185600 1.261067
0.185800 1.259189
0.186000 1.257311
0.186200 1.255434
0.186400 1.253558
0.186600 1.251682
0.186800 1.249806
0.187000 1.247931
0.187200 1.246057
0.187400 1.244183
0.187600 1.242309
0.187800 1.240436
0.188000 1.238562
0.188200 1.236690
0.188400 1.234817
0.188600 1.232945
0.188800 1.231073
0.189000 1.229201
0.189200 1.227329
0.189400 1.225458
0.189600 1.223587
0.189800 1.221716
0.190000 1.219845
0.190200 1.217975
0.190400 1.216105
0.190600 1.214235
0.190800 1.212365
0.191000 1.210496
0.191200 1.208627
0.191400 1.206759
0.191600 1.204890
0.191800 1.203022
0.192000 1.201155
0.192200 1.199288
0.192400 1.197421
0.192600 1.195554
0.192800 1.193688
0.193000 1.191823
0.193200 1.189958
0.193400 1.188094
0.193600 1.186230
0.193800 1.184367
0.194000 1.182504
0.194200 1.180642
0.194400 1.178781
0.194600 1.176920
0.194800 1.175060
0.195000 1.173201
0.195200 1.171343
0.195400 1.169486
0.195600 1.167629
0.195800 1.165773
0.196000 1.163919
0.196200 1.162065
0.196400 1.160212
0.196600 1.158360
0.196800 1.156510
0.197000 1.154660
0.197200 1.152812
0.197400 1.150965
0.197600 1.149119
0.197800 1.147274
0.198000 1.145431
0.198200 1.143589
0.198400 1.141748
0.198600 1.139909
0.198800 1.138071
0.199000 1.136234
0.199200 1.134400
0.199400 1.132566
0.199600 1.130735
0.199800 1.128905
0.200000 1.127076
0.200200 1.125250
0.200400 1.123425
0.200600 1.121602
0.200800 1.119781
0.201000 1.117961
0.201200 1.116144
0.201400 1.114329
0.201600 1.112515
0.201800 1.110704
0.202000 1.108895
0.202200 1.107087
0.202400 1.105282
0.202600 1.103479
0.202800 1.101679
0.203000 1.099880
0.203200 1.098084
0.203400 1.096291
0.203600 1.094500
0.203800 1.092711
0.204000 1.090924
0.204200 1.089141
0.204400 1.087359
0.204600 1.085581
0.204800 1.083805
0.205000 1.082031
0.205200 1.080261
0.205400 1.078493
0.205600 1.076728
0.205800 1.074965
0.206000 1.073206
0.206200 1.071449
0.206400 1.069696
0.206600 1.067945
0.206800 1.066198
0.207000 1.064453
0.207200 1.062712
0.207400 1.060974
0.207600 1.059239
0.207800 1.057507
0.208000 1.055779
0.208200 1.054054
0.208400 1.052332
0.208600 1.050613
0.208800 1.048898
0.209000 1.047186
0.209200 1.045478
0.209400 1.043774
0.209600 1.042073
0.209800 1.040375
0.210000 1.038682
0.210200 1.036991
0.210400 1.035305
0.210600 1.033622
0.210800 1.031944
0.211000 1.030269
0.211200 1.028598
0.211400 1.026930
0.211600 1.025267
0.211800 1.023608
0.212000 1.021953
0.212200 1.020301
0.212400 1.018654
0.212600 1.017011
0.212800 1.015372
0.213000 1.013738
0.213200 1.012107
0.213400 1.010481
0.213600 1.008859
0.213800 1.007242
0.214000 1.005629
0.214200 1.004020
0.214400 1.002416
0.214600 1.000816
0.214800 0.999221
0.215000 0.997630
0.215200 0.996044
0.215400 0.994462
0.215600 0.992885
0.215800 0.991313
0.216000 0.989746
0.216200 0.988183
0.216400 0.986625
0.216600 0.985072
0.216800 0.983524
0.217000 0.981980
0.217200 0.980442
0.217400 0.978909
0.217600 0.977380
0.217800 0.975857
0.218000 0.974338
0.218200 0.972825
0.218400 0.971317
0.218600 0.969814
0.218800 0.968316
0.219000 0.966823
0.219200 0.965336
0.219400 0.963853
0.219600 0.962377
0.219800 0.960905
0.220000 0.959439
0.220200 0.957978
0.220400 0.956523
0.220600 0.955073
0.220800 0.953628
0.221000 0.952190
0.221200 0.950756
0.221400 0.949328
0.221600 0.947906
0.221800 0.946490
0.222000 0.945079
0.222200 0.943674
0.222400 0.942274
0.222600 0.940881
0.222800 0.939493
0.223000 0.938111
0.223200 0.936734
0.223400 0.935364
0.223600 0.933999
0.223800 0.932641
0.224000 0.931288
0.224200 0.929941
0.224400 0.928600
0.224600 0.927266
0.224800 0.925937
0.225000 0.924614
0.225200 0.923298
0.225400 0.921987
0.225600 0.920683
0.225800 0.919385
0.226000 0.918093
0.226200 0.916807
0.226400 0.915528
0.226600 0.914255
0.226800 0.912988
0.227000 0.911727
0.227200 0.910473
0.227400 0.909225
0.227600 0.907983
0.227800 0.906748
0.228000 0.905520
0.228200 0.904297
0.228400 0.903082
0.228600 0.901872
0.228800 0.900669
0.229000 0.899473
0.229200 0.898284
0.229400 0.897100
0.229600 0.895924
0.229800 0.894754
0.230000 0.893591
0.230200 0.892434
0.230400 0.891284
0.230600 0.890141
0.230800 0.889005
0.231000 0.887875
0.231200 0.886752
0.231400 0.885636
0.231600 0.884526
0.231800 0.883423
0.232000 0.882328
0.232200 0.881239
0.232400 0.880156
0.232600 0.879081
0.232800 0.878013
0.233000 0.876951
0.233200 0.875897
0.233400 0.874849
0.233600 0.873808
0.233800 0.872775
0.234000 0.871748
0.234200 0.870728
0.234400 0.869715
0.234600 0.868710
0.234800 0.867711
0.235000 0.866719
0.235200 0.865735
0.235400 0.864757
0.235600 0.863787
0.235800 0.862824
0.236000 0.861868
0.236200 0.860919
0.236400 0.859977
0.236600 0.859042
0.236800 0.858114
0.237000 0.857194
0.237200 0.856281
0.237400 0.855375
0.237600 0.854476
0.237800 0.853584
0.238000 0.852700
0.238200 0.851823
0.238400 0.850953
0.238600 0.850090
0.238800 0.849234
0.239000 0.848386
0.239200 0.847545
0.239400 0.846712
0.239600 0.845885
0.239800 0.845066
0.240000 0.844254
0.240200 0.843450
0.240400 0.842653
0.240600 0.841863
0.240800 0.841080
0.241000 0.840305
0.241200 0.839537
0.241400 0.838777
0.241600 0.838023
0.241800 0.837277
0.242000 0.836539
0.242200 0.835808
0.242400 0.835084
0.242600 0.834367
0.242800 0.833658
0.243000 0.832956
0.243200 0.832262
0.243400 0.831575
0.243600 0.830895
0.243800 0.830222
0.244000 0.829557
0.244200 0.828900
0.244400 0.828249
0.244600 0.827606
0.244800 0.826971
0.245000 0.826343
0.245200 0.825722
0.245400 0.825108
0.245600 0.824502
0.245800 0.823903
0.246000 0.823312
0.246200 0.822727
0.246400 0.822150
0.246600 0.821581
0.246800 0.821019
0.247000 0.820464
0.247200 0.819916
0.247400 0.819376
0.247600 0.818843
0.247800 0.818318
0.248000 0.817799
0.248200 0.817288
0.248400 0.816784
0.248600 0.816288
0.248800 0.815799
0.249000 0.815317
0.249200 0.814842
0.249400 0.814375
0.249600 0.813914
0.249800 0.813461
0.250000 0.813016
0.250200 0.812577
0.250400 0.812146
0.250600 0.811721
0.250800 0.811304
0.251000 0.810895
0.251200 0.810492
0.251400 0.810096
0.251600 0.809708
0.251800 0.809327
0.252000 0.808952
0.252200 0.808585
0.252400 0.808225
0.252600 0.807872
0.252800 0.807526
0.253000 0.807188
0.253200 0.806856
0.253400 0.806531
0.253600 0.806213
0.253800 0.805902
0.254000 0.805598
0.254200 0.805302
0.254400 0.805012
0.254600 0.804728
0.254800 0.804452
0.255000 0.804183
0.255200 0.803921
0.255400 0.803665
0.255600 0.803416
0.255800 0.803174
0.256000 0.802939
0.256200 0.802711
0.256400 0.802489
0.256600 0.802274
0.256800 0.802066
0.257000 0.801864
0.257200 0.801670
0.257400 0.801481
0.257600 0.801300
0.257800 0.801125
0.258000 0.800957
0.258200 0.800795
0.258400 0.800639
0.258600 0.800491
0.258800 0.800348
0.259000 0.800213
0.259200 0.800083
0.259400 0.799960
0.259600 0.799844
0.259800 0.799734
0.260000 0.799630
0.260200 0.799533
0.260400 0.799441
0.260600 0.799356
0.260800 0.799278
0.261000 0.799205
0.261200 0.799139
0.261400 0.799079
0.261600 0.799025
0.261800 0.798977
0.262000 0.798936
0.262200 0.798900
0.262400 0.798870
0.262600 0.798846
0.262800 0.798829
0.263000 0.798817
0.263200 0.798811
0.263400 0.798811
0.263600 0.798817
0.263800 0.798829
0.264000 0.798846
0.264200 0.798869
0.264400 0.798898
0.264600 0.798933
0.264800 0.798973
0.265000 0.799019
0.265200 0.799070
0.265400 0.799127
0.265600 0.799190
0.265800 0.799258
0.266000 0.799332
0.266200 0.799410
0.266400 0.799495
0.266600 0.799584
0.266800 0.799679
0.267000 0.799780
0.267200 0.799885
0.267400 0.799996
0.267600 0.800112
0.267800 0.800233
0.268000 0.800359
0.268200 0.800490
0.268400 0.800627
0.268600 0.800768
0.268800 0.800914
0.269000 0.801065
0.269200 0.801221
0.269400 0.801382
0.269600 0.801548
0.269800 0.801718
0.270000 0.801894
0.270200 0.802073
0.270400 0.802258
0.270600 0.802447
0.270800 0.802641
0.271000 0.802839
0.271200 0.803042
0.271400 0.803249
0.271600 0.803460
0.271800 0.803676
0.272000 0.803896
0.272200 0.804121
0.272400 0.804350
0.272600 0.804583
0.272800 0.804820
0.273000 0.805061
0.273200 0.805306
0.273400 0.805556
0.273600 0.805809
0.273800 0.806066
0.274000 0.806327
0.274200 0.806592
0.274400 0.806861
0.274600 0.807133
0.274800 0.807410
0.275000 0.807690
0.275200 0.807973
0.275400 0.808260
0.275600 0.808551
0.275800 0.808845
0.276000 0.809143
0.276200 0.809444
0.276400 0.809748
0.276600 0.810056
0.276800 0.810367
0.277000 0.810681
0.277200 0.810999
0.277400 0.811319
0.277600 0.811643
0.277800 0.811969
0.278000 0.812299
0.278200 0.812631
0.278400 0.812967
0.278600 0.813305
0.278800 0.813646
0.279000 0.813990
0.279200 0.814336
0.279400 0.814686
0.279600 0.815037
0.279800 0.815391
0.280000 0.815748
0.280200 0.816107
0.280400 0.816469
0.280600 0.816833
0.280800 0.817199
0.281000 0.817568
0.281200 0.817939
0.281400 0.818311
0.281600 0.818686
0.281800 0.819063
0.282000 0.819442
0.282200 0.819823
0.282400 0.820206
0.282600 0.820591
0.282800 0.820978
0.283000 0.821366
0.283200 0.821756
0.283400 0.822147
0.283600 0.822541
0.283800 0.822935
0.284000 0.823332
0.284200 0.823729
0.284400 0.824128
0.284600 0.824529
0.284800 0.824931
0.285000 0.825333
0.285200 0.825738
0.285400 0.826143
0.285600 0.826549
0.285800 0.826957
0.286000 0.827365
0.286200 0.827774
0.286400 0.828184
0.286600 0.828595
0.286800 0.829007
0.287000 0.829419
0.287200 0.829832
0.287400 0.830246
0.287600 0.830660
0.287800 0.831075
0.288000 0.831490
0.288200 0.831906
0.288400 0.832321
0.288600 0.832738
0.288800 0.833154
0.289000 0.833571
0.289200 0.833987
0.289400 0.834404
0.289600 0.834821
0.289800 0.835238
0.290000 0.835655
0.290200 0.836071
0.290400 0.836488
0.290600 0.836904
0.290800 0.837319
0.291000 0.837735
0.291200 0.838150
0.291400 0.838565
0.291600 0.838979
0.291800 0.839392
0.292000 0.839805
0.292200 0.840218
0.292400 0.840629
0.292600 0.841040
0.292800 0.841450
0.293000 0.841859
0.293200 0.842267
0.293400 0.842674
0.293600 0.843081
0.293800 0.843486
0.294000 0.843890
0.294200 0.844292
0.294400 0.844694
0.294600 0.845094
0.294800 0.845493
0.295000 0.845890
0.295200 0.846286
0.295400 0.846680
0.295600 0.847073
0.295800 0.847464
0.296000 0.847854
0.296200 0.848242
0.296400 0.848628
0.296600 0.849012
0.296800 0.849394
0.297000 0.849775
0.297200 0.850153
0.297400 0.850530
0.297600 0.850904
0.297800 0.851276
0.298000 0.851646
0.298200 0.852014
0.298400 0.852379
0.298600 0.852742
0.298800 0.853103
0.299000 0.853461
0.299200 0.853817
0.299400 0.854170
0.299600 0.854521
0.299800 0.854869
0.300000 0.855214
0.300200 0.855557
0.300400 0.855896
0.300600 0.856233
0.300800 0.856567
0.301000 0.856898
0.301200 0.857226
0.301400 0.857551
0.301600 0.857873
0.301800 0.858192
0.302000 0.858508
0.302200 0.858820
0.302400 0.859129
0.302600 0.859435
0.302800 0.859737
0.303000 0.860036
0.303200 0.860331
0.303400 0.860623
0.303600 0.860912
0.303800 0.861196
0.304000 0.861477
0.304200 0.861754
0.304400 0.862028
0.304600 0.862298
0.304800 0.862563
0.305000 0.862825
0.305200 0.863083
0.305400 0.863337
0.305600 0.863587
0.305800 0.863833
0.306000 0.864075
0.306200 0.864312
0.306400 0.864545
0.306600 0.864774
0.306800 0.864999
0.307000 0.865219
0.307200 0.865435
0.307400 0.865647
0.307600 0.865854
0.307800 0.866056
0.308000 0.866254
0.308200 0.866447
0.308400 0.866636
0.308600 0.866820
0.308800 0.866999
0.309000 0.867173
0.309200 0.867343
0.309400 0.867508
0.309600 0.867667
0.309800 0.867822
0.310000 0.867972
0.310200 0.868117
0.310400 0.868256
0.310600 0.868391
0.310800 0.868520
0.311000 0.868645
0.311200 0.868764
0.311400 0.868877
0.311600 0.868986
0.311800 0.869089
0.312000 0.869186
0.312200 0.869279
0.312400 0.869365
0.312600 0.869447
0.312800 0.869522
0.313000 0.869592
0.313200 0.869657
0.313400 0.869716
0.313600 0.869769
0.313800 0.869817
0.314000 0.869858
0.314200 0.869894
0.314400 0.869925
0.314600 0.869949
0.314800 0.869967
0.315000 0.869980
0.315200 0.869986
0.315400 0.869987
0.315600 0.869981
0.315800 0.869970
0.316000 0.869952
0.316200 0.869928
0.316400 0.869898
0.316600 0.869862
0.316800 0.869820
0.317000 0.869771
0.317200 0.869716
0.317400 0.869655
0.317600 0.869588
0.317800 0.869514
0.318000 0.869434
0.318200 0.869347
0.318400 0.869254
0.318600 0.869154
0.318800 0.869048
0.319000 0.868936
0.319200 0.868817
0.319400 0.868691
0.319600 0.868558
0.319800 0.868419
0.320000 0.868274
0.320200 0.868121
0.320400 0.867962
0.320600 0.867797
0.320800 0.867624
0.321000 0.867445
0.321200 0.867259
0.321400 0.867066
0.321600 0.866866
0.321800 0.866659
0.322000 0.866445
0.322200 0.866225
0.322400 0.865997
0.322600 0.865763
0.322800 0.865521
0.323000 0.865273
0.323200 0.865018
0.323400 0.864755
0.323600 0.864485
0.323800 0.864209
0.324000 0.863925
0.324200 0.863634
0.324400 0.863336
0.324600 0.863031
0.324800 0.862719
0.325000 0.862399
0.325200 0.862073
0.325400 0.861739
0.325600 0.861397
0.325800 0.861049
0.326000 0.860693
0.326200 0.860330
0.326400 0.859960
0.326600 0.859583
0.326800 0.859198
0.327000 0.858806
0.327200 0.858406
0.327400 0.857999
0.327600 0.857585
0.327800 0.857163
0.328000 0.856734
0.328200 0.856298
0.328400 0.855854
0.328600 0.855403
0.328800 0.854944
0.329000 0.854478
0.329200 0.854004
0.329400 0.853523
0.329600 0.853034
0.329800 0.852538
0.330000 0.852035
0.330200 0.851524
0.330400 0.851006
0.330600 0.850480
0.330800 0.849946
0.331000 0.849405
0.331200 0.848857
0.331400 0.848301
0.331600 0.847737
0.331800 0.847166
0.332000 0.846587
0.332200 0.846001
0.332400 0.845408
0.332600 0.844806
0.332800 0.844198
0.333000 0.843581
0.333200 0.842958
0.333400 0.842326
0.333600 0.841687
0.333800 0.841041
0.334000 0.840387
0.334200 0.839725
0.334400 0.839056
0.334600 0.838380
0.334800 0.837695
0.335000 0.837004
0.335200 0.836304
0.335400 0.835598
0.335600 0.834883
0.335800 0.834161
0.336000 0.833432
0.336200 0.832695
0.336400 0.831951
0.336600 0.831199
0.336800 0.830439
0.337000 0.829673
0.337200 0.828898
0.337400 0.828116
0.337600 0.827327
0.337800 0.826530
0.338000 0.825726
0.338200 0.824914
0.338400 0.824095
0.338600 0.823268
0.338800 0.822434
0.339000 0.821593
0.339200 0.820744
0.339400 0.819888
0.339600 0.819024
0.339800 0.818153
0.340000 0.817275
0.340200 0.816389
0.340400 0.815496
0.340600 0.814596
0.340800 0.813688
0.341000 0.812773
0.341200 0.811851
0.341400 0.810921
0.341600 0.809984
0.341800 0.809040
0.342000 0.808089
0.342200 0.807131
0.342400 0.806165
0.342600 0.805192
0.342800 0.804212
0.343000 0.803225
0.343200 0.802230
0.343400 0.801229
0.343600 0.800220
0.343800 0.799205
0.344000 0.798182
0.344200 0.797152
0.344400 0.796116
0.344600 0.795072
0.344800 0.794021
0.345000 0.792963
0.345200 0.791899
0.345400 0.790827
0.345600 0.789749
0.345800 0.788663
0.346000 0.787571
0.346200 0.786472
0.346400 0.785366
0.346600 0.784253
0.346800 0.783134
0.347000 0.782007
0.347200 0.780874
0.347400 0.779735
0.347600 0.778588
0.347800 0.777435
0.348000 0.776276
0.348200 0.775109
0.348400 0.773937
0.348600 0.772757
0.348800 0.771571
0.349000 0.770379
0.349200 0.769180
0.349400 0.767975
0.349600 0.766763
0.349800 0.765545
0.350000 0.764320
0.350200 0.763089
0.350400 0.761852
0.350600 0.760608
0.350800 0.759358
0.351000 0.758102
0.351200 0.756840
0.351400 0.755572
0.351600 0.754297
0.351800 0.753017
0.352000 0.751730
0.352200 0.750437
0.352400 0.749138
0.352600 0.747833
0.352800 0.746523
0.353000 0.745206
0.353200 0.743883
0.353400 0.742555
0.353600 0.741220
0.353800 0.739880
0.354000 0.738534
0.354200 0.737183
0.354400 0.735825
0.354600 0.734462
0.354800 0.733094
0.355000 0.731719
0.355200 0.730340
0.355400 0.728954
0.355600 0.727563
0.355800 0.726167
0.356000 0.724765
0.356200 0.723358
0.356400 0.721945
0.356600 0.720527
0.356800 0.719104
0.357000 0.717676
0.357200 0.716242
0.357400 0.714803
0.357600 0.713359
0.357800 0.711910
0.358000 0.710456
0.358200 0.708996
0.358400 0.707532
0.358600 0.706063
0.358800 0.704589
0.359000 0.703109
0.359200 0.701625
0.359400 0.700137
0.359600 0.698643
0.359800 0.697145
0.360000 0.695642
0.360200 0.694134
0.360400 0.692622
0.360600 0.691105
0.360800 0.689583
0.361000 0.688057
0.361200 0.686527
0.361400 0.684992
0.361600 0.683453
0.361800 0.681909
0.362000 0.680361
0.362200 0.678809
0.362400 0.677253
0.362600 0.675692
0.362800 0.674127
0.363000 0.672558
0.363200 0.670985
0.363400 0.669408
0.363600 0.667827
0.363800 0.666242
0.364000 0.664653
0.364200 0.663061
0.364400 0.661464
0.364600 0.659864
0.364800 0.658259
0.365000 0.656652
0.365200 0.655040
0.365400 0.653425
0.365600 0.651806
0.365800 0.650184
0.366000 0.648558
0.366200 0.646929
0.366400 0.645296
0.366600 0.643660
0.366800 0.642021
0.367000 0.640379
0.367200 0.638733
0.367400 0.637084
0.367600 0.635432
0.367800 0.633776
0.368000 0.632118
0.368200 0.630456
0.368400 0.628792
0.368600 0.627125
0.368800 0.625454
0.369000 0.623781
0.369200 0.622105
0.369400 0.620427
0.369600 0.618745
0.369800 0.617061
0.370000 0.615374
0.370200 0.613685
0.370400 0.611993
0.370600 0.610298
0.370800 0.608602
0.371000 0.606902
0.371200 0.605200
0.371400 0.603496
0.371600 0.601790
0.371800 0.600081
0.372000 0.598371
0.372200 0.596657
0.372400 0.594942
0.372600 0.593225
0.372800 0.591506
0.373000 0.589785
0.373200 0.588061
0.373400 0.586336
0.373600 0.584609
0.373800 0.582880
0.374000 0.581150
0.374200 0.579417
0.374400 0.577683
0.374600 0.575948
0.374800 0.574210
0.375000 0.572472
0.375200 0.570731
0.375400 0.568989
0.375600 0.567246
0.375800 0.565501
0.376000 0.563755
0.376200 0.562008
0.376400 0.560259
0.376600 0.558510
0.376800 0.556759
0.377000 0.555006
0.377200 0.553253
0.377400 0.551499
0.377600 0.549744
0.377800 0.547987
0.378000 0.546230
0.378200 0.544472
0.378400 0.542713
0.378600 0.540954
0.378800 0.539193
0.379000 0.537432
0.379200 0.535670
0.379400 0.533908
0.379600 0.532145
0.379800 0.530381
0.380000 0.528617
0.380200 0.526853
0.380400 0.525088
0.380600 0.523322
0.380800 0.521557
0.381000 0.519791
0.381200 0.518025
0.381400 0.516258
0.381600 0.514492
0.381800 0.512725
0.382000 0.510958
0.382200 0.509191
0.382400 0.507424
0.382600 0.505658
0.382800 0.503891
0.383000 0.502124
0.383200 0.500358
0.383400 0.498591
0.383600 0.496825
0.383800 0.495060
0.384000 0.493294
0.384200 0.491529
0.384400 0.489764
0.384600 0.488000
0.384800 0.486236
0.385000 0.484473
0.385200 0.482710
0.385400 0.480948
0.385600 0.479187
0.385800 0.477426
0.386000 0.475666
0.386200 0.473906
0.386400 0.472148
0.386600 0.470390
0.386800 0.468633
0.387000 0.466877
0.387200 0.465122
0.387400 0.463368
0.387600 0.461615
0.387800 0.459862
0.388000 0.458111
0.388200 0.456362
0.388400 0.454613
0.388600 0.452865
0.388800 0.451119
0.389000 0.449374
0.389200 0.447630
0.389400 0.445888
0.389600 0.444147
0.389800 0.442407
0.390000 0.440669
0.390200 0.438932
0.390400 0.437197
0.390600 0.435463
0.390800 0.433731
0.391000 0.432001
0.391200 0.430272
0.391400 0.428545
0.391600 0.426820
0.391800 0.425096
0.392000 0.423374
0.392200 0.421654
0.392400 0.419936
0.392600 0.418220
0.392800 0.416506
0.393000 0.414793
0.393200 0.413083
0.393400 0.411374
0.393600 0.409668
0.393800 0.407964
0.394000 0.406262
0.394200 0.404562
0.394400 0.402864
0.394600 0.401168
0.394800 0.399475
0.395000 0.397784
0.395200 0.396095
0.395400 0.394409
0.395600 0.392725
0.395800 0.391043
0.396000 0.389364
0.396200 0.387687
0.396400 0.386013
0.396600 0.384341
0.396800 0.382672
0.397000 0.381005
0.397200 0.379341
0.397400 0.377680
0.397600 0.376021
0.397800 0.374365
0.398000 0.372711
0.398200 0.371061
0.398400 0.369413
0.398600 0.367768
0.398800 0.366125
0.399000 0.364486
0.399200 0.362849
0.399400 0.361216
0.399600 0.359585
0.399800 0.357957
0.400000 0.356332
0.400200 0.354711
0.400400 0.353092
0.400600 0.351476
0.400800 0.349864
0.401000 0.348254
0.401200 0.346648
0.401400 0.345045
0.401600 0.343444
0.401800 0.341848
0.402000 0.340254
0.402200 0.338664
0.402400 0.337077
0.402600 0.335493
0.402800 0.333912
0.403000 0.332335
0.403200 0.330761
0.403400 0.329191
0.403600 0.327624
0.403800 0.326061
0.404000 0.324501
0.404200 0.322944
0.404400 0.321391
0.404600 0.319841
0.404800 0.318295
0.405000 0.316753
0.405200 0.315214
0.405400 0.313678
0.405600 0.312147
0.405800 0.310619
0.406000 0.309094
0.406200 0.307574
0.406400 0.306056
0.406600 0.304543
0.406800 0.303034
0.407000 0.301528
0.407200 0.300026
0.407400 0.298527
0.407600 0.297033
0.407800 0.295542
0.408000 0.294055
0.408200 0.292572
0.408400 0.291093
0.408600 0.289618
0.408800 0.288147
0.409000 0.286679
0.409200 0.285216
0.409400 0.283756
0.409600 0.282301
0.409800 0.280849
0.410000 0.279402
0.410200 0.277958
0.410400 0.276518
0.410600 0.275083
0.410800 0.273652
0.411000 0.272224
0.411200 0.270801
0.411400 0.269382
0.411600 0.267967
0.411800 0.266556
0.412000 0.265149
0.412200 0.263746
0.412400 0.262348
0.412600 0.260953
0.412800 0.259563
0.413000 0.258177
0.413200 0.256795
0.413400 0.255418
0.413600 0.254045
0.413800 0.252676
0.414000 0.251311
0.414200 0.249950
0.414400 0.248594
0.414600 0.247242
0.414800 0.245894
0.415000 0.244551
0.415200 0.243212
0.415400 0.241877
0.415600 0.240547
0.415800 0.239221
0.416000 0.237899
0.416200 0.236581
0.416400 0.235268
0.416600 0.233960
0.416800 0.232656
0.417000 0.231356
0.417200 0.230060
0.417400 0.228769
0.417600 0.227483
0.417800 0.226200
0.418000 0.224922
0.418200 0.223649
0.418400 0.222380
0.418600 0.221116
0.418800 0.219856
0.419000 0.218600
0.419200 0.217349
0.419400 0.216102
0.419600 0.214860
0.419800 0.213622
0.420000 0.212389
0.420200 0.211160
0.420400 0.209936
0.420600 0.208716
0.420800 0.207501
0.421000 0.206290
0.421200 0.205084
0.421400 0.203882
0.421600 0.202685
0.421800 0.201492
0.422000 0.200304
0.422200 0.199120
0.422400 0.197941
0.422600 0.196766
0.422800 0.195596
0.423000 0.194431
0.423200 0.193270
0.423400 0.192113
0.423600 0.190961
0.423800 0.189814
0.424000 0.188671
0.424200 0.187532
0.424400 0.186399
0.424600 0.185269
0.424800 0.184144
0.425000 0.183024
0.425200 0.181909
0.425400 0.180797
0.425600 0.179691
0.425800 0.178589
0.426000 0.177491
0.426200 0.176398
0.426400 0.175310
0.426600 0.174226
0.426800 0.173147
0.427000 0.172072
0.427200 0.171001
0.427400 0.169936
0.427600 0.168874
0.427800 0.167818
0.428000 0.166766
0.428200 0.165718
0.428400 0.164675
0.428600 0.163636
0.428800 0.162602
0.429000 0.161572
0.429200 0.160547
0.429400 0.159527
0.429600 0.158511
0.429800 0.157499
0.430000 0.156492
0.430200 0.155489
0.430400 0.154491
0.430600 0.153498
0.430800 0.152509
0.431000 0.151524
0.431200 0.150544
0.431400 0.149568
0.431600 0.148597
0.431800 0.147630
0.432000 0.146668
0.432200 0.145710
0.432400 0.144756
0.432600 0.143807
0.432800 0.142863
0.433000 0.141922
0.433200 0.140987
0.433400 0.140055
0.433600 0.139128
0.433800 0.138206
0.434000 0.137288
0.434200 0.136374
0.434400 0.135465
0.434600 0.134560
0.434800 0.133659
0.435000 0.132763
0.435200 0.131871
0.435400 0.130983
0.435600 0.130100
0.435800 0.129221
0.436000 0.128347
0.436200 0.127477
0.436400 0.126611
0.436600 0.125749
0.436800 0.124892
0.437000 0.124039
0.437200 0.123190
0.437400 0.122346
0.437600 0.121505
0.437800 0.120669
0.438000 0.119838
0.438200 0.119010
0.438400 0.118187
0.438600 0.117368
0.438800 0.116553
0.439000 0.115743
0.439200 0.114936
0.439400 0.114134
0.439600 0.113336
0.439800 0.112542
0.440000 0.111752
0.440200 0.110967
0.440400 0.110185
0.440600 0.109408
0.440800 0.108635
0.441000 0.107866
0.441200 0.107101
0.441400 0.106340
0.441600 0.105583
0.441800 0.104830
0.442000 0.104082
0.442200 0.103337
0.442400 0.102596
0.442600 0.101860
0.442800 0.101127
0.443000 0.100399
0.443200 0.099674
0.443400 0.098954
0.443600 0.098237
0.443800 0.097525
0.444000 0.096816
0.444200 0.096111
0.444400 0.095410
0.444600 0.094713
0.444800 0.094021
0.445000 0.093331
0.445200 0.092646
0.445400 0.091965
0.445600 0.091288
0.445800 0.090614
0.446000 0.089944
0.446200 0.089278
0.446400 0.088616
0.446600 0.087958
0.446800 0.087303
0.447000 0.086653
0.447200 0.086006
0.447400 0.085362
0.447600 0.084723
0.447800 0.084087
0.448000 0.083455
0.448200 0.082827
0.448400 0.082202
0.448600 0.081581
0.448800 0.080964
0.449000 0.080350
0.449200 0.079741
0.449400 0.079134
0.449600 0.078532
0.449800 0.077932
0.450000 0.077337
0.450200 0.076745
0.450400 0.076157
0.450600 0.075572
0.450800 0.074991
0.451000 0.074413
0.451200 0.073839
0.451400 0.073268
0.451600 0.072701
0.451800 0.072137
0.452000 0.071577
0.452200 0.071020
0.452400 0.070467
0.452600 0.069917
0.452800 0.069371
0.453000 0.068828
0.453200 0.068288
0.453400 0.067752
0.453600 0.067219
0.453800 0.066689
0.454000 0.066163
0.454200 0.065640
0.454400 0.065121
0.454600 0.064604
0.454800 0.064091
0.455000 0.063582
0.455200 0.063075
0.455400 0.062572
0.455600 0.062072
0.455800 0.061575
0.456000 0.061082
0.456200 0.060591
0.456400 0.060104
0.456600 0.059620
0.456800 0.059139
0.457000 0.058661
0.457200 0.058187
0.457400 0.057715
0.457600 0.057247
0.457800 0.056781
0.458000 0.056319
0.458200 0.055860
0.458400 0.055404
0.458600 0.054951
0.458800 0.054501
0.459000 0.054054
0.459200 0.053610
0.459400 0.053169
0.459600 0.052730
0.459800 0.052295
0.460000 0.051863
0.460200 0.051434
0.460400 0.051007
0.460600 0.050584
0.460800 0.050163
0.461000 0.049745
0.461200 0.049330
0.461400 0.048918
0.461600 0.048509
0.461800 0.048103
0.462000 0.047699
0.462200 0.047298
0.462400 0.046900
0.462600 0.046505
0.462800 0.046112
0.463000 0.045723
0.463200 0.045336
0.463400 0.044951
0.463600 0.044570
0.463800 0.044191
0.464000 0.043814
0.464200 0.043441
0.464400 0.043070
0.464600 0.042701
0.464800 0.042335
0.465000 0.041972
0.465200 0.041612
0.465400 0.041254
0.465600 0.040898
0.465800 0.040545
0.466000 0.040195
0.466200 0.039847
0.466400 0.039502
0.466600 0.039159
0.466800 0.038819
0.467000 0.038481
0.467200 0.038146
0.467400 0.037813
0.467600 0.037482
0.467800 0.037154
0.468000 0.036828
0.468200 0.036505
0.468400 0.036184
0.468600 0.035866
0.468800 0.035550
0.469000 0.035236
0.469200 0.034924
0.469400 0.034615
0.469600 0.034308
0.469800 0.034004
0.470000 0.033701
0.470200 0.033401
0.470400 0.033103
0.470600 0.032808
0.470800 0.032515
0.471000 0.032223
0.471200 0.031935
0.471400 0.031648
0.471600 0.031363
0.471800 0.031081
0.472000 0.030801
0.472200 0.030523
0.472400 0.030247
0.472600 0.029973
0.472800 0.029701
0.473000 0.029432
0.473200 0.029164
0.473400 0.028899
0.473600 0.028635
0.473800 0.028374
0.474000 0.028114
0.474200 0.027857
0.474400 0.027602
0.474600 0.027348
0.474800 0.027097
0.475000 0.026848
0.475200 0.026600
0.475400 0.026355
0.475600 0.026111
0.475800 0.025870
0.476000 0.025630
0.476200 0.025392
0.476400 0.025156
0.476600 0.024922
0.476800 0.024690
0.477000 0.024460
0.477200 0.024231
0.477400 0.024005
0.477600 0.023780
0.477800 0.023557
0.478000 0.023336
0.478200 0.023116
0.478400 0.022899
0.478600 0.022683
0.478800 0.022469
0.479000 0.022256
0.479200 0.022045
0.479400 0.021837
0.479600 0.021629
0.479800 0.021424
0.480000 0.021220
0.480200 0.021018
0.480400 0.020817
0.480600 0.020618
0.480800 0.020421
0.481000 0.020225
0.481200 0.020032
0.481400 0.019839
0.481600 0.019648
0.481800 0.019459
0.482000 0.019272
0.482200 0.019086
0.482400 0.018901
0.482600 0.018718
0.482800 0.018537
0.483000 0.018357
0.483200 0.018179
0.483400 0.018002
0.483600 0.017826
0.483800 0.017653
0.484000 0.017480
0.484200 0.017309
0.484400 0.017140
0.484600 0.016972
0.484800 0.016805
0.485000 0.016640
0.485200 0.016476
0.485400 0.016314
0.485600 0.016153
0.485800 0.015993
0.486000 0.015835
0.486200 0.015678
0.486400 0.015523
0.486600 0.015369
0.486800 0.015216
0.487000 0.015065
0.487200 0.014914
0.487400 0.014766
0.487600 0.014618
0.487800 0.014472
0.488000 0.014327
0.488200 0.014183
0.488400 0.014041
0.488600 0.013900
0.488800 0.013760
0.489000 0.013621
0.489200 0.013484
0.489400 0.013348
0.489600 0.013213
0.489800 0.013079
0.490000 0.012946
0.490200 0.012815
0.490400 0.012684
0.490600 0.012555
0.490800 0.012427
0.491000 0.012301
0.491200 0.012175
0.491400 0.012050
0.491600 0.011927
0.491800 0.011805
0.492000 0.011683
0.492200 0.011563
0.492400 0.011444
0.492600 0.011327
0.492800 0.011210
0.493000 0.011094
0.493200 0.010979
0.493400 0.010866
0.493600 0.010753
0.493800 0.010641
0.494000 0.010531
0.494200 0.010421
0.494400 0.010313
0.494600 0.010205
0.494800 0.010099
0.495000 0.009993
0.495200 0.009888
0.495400 0.009785
0.495600 0.009682
0.495800 0.009581
0.496000 0.009480
0.496200 0.009380
0.496400 0.009281
0.496600 0.009183
0.496800 0.009086
0.497000 0.008990
0.497200 0.008895
0.497400 0.008801
0.497600 0.008707
0.497800 0.008615
0.498000 0.008523
0.498200 0.008432
0.498400 0.008342
0.498600 0.008253
0.498800 0.008165
0.499000 0.008078
0.499200 0.007991
0.499400 0.007905
0.499600 0.007820
0.499800 0.007736
0.500000 0.007653
0.500200 0.007571
0.500400 0.007489
0.500600 0.007408
0.500800 0.007328
0.501000 0.007248
0.501200 0.007170
0.501400 0.007092
0.501600 0.007015
0.501800 0.006939
0.502000 0.006863
0.502200 0.006788
0.502400 0.006714
0.502600 0.006641
0.502800 0.006568
0.503000 0.006496
0.503200 0.006425
0.503400 0.006355
0.503600 0.006285
0.503800 0.006216
0.504000 0.006147
0.504200 0.006079
0.504400 0.006012
0.504600 0.005946
0.504800 0.005880
0.505000 0.005815
0.505200 0.005750
0.505400 0.005687
0.505600 0.005623
0.505800 0.005561
0.506000 0.005499
0.506200 0.005438
0.506400 0.005377
0.506600 0.005317
0.506800 0.005257
0.507000 0.005198
0.507200 0.005140
0.507400 0.005082
0.507600 0.005025
0.507800 0.004969
0.508000 0.004913
0.508200 0.004857
0.508400 0.004803
0.508600 0.004748
0.508800 0.004695
0.509000 0.004641
0.509200 0.004589
0.509400 0.004537
0.509600 0.004485
0.509800 0.004434
0.510000 0.004384
0.510200 0.004334
0.510400 0.004284
0.510600 0.004235
0.510800 0.004187
0.511000 0.004139
0.511200 0.004091
0.511400 0.004044
0.511600 0.003998
0.511800 0.003952
0.512000 0.003907
0.512200 0.003862
0.512400 0.003817
0.512600 0.003773
0.512800 0.003729
0.513000 0.003686
0.513200 0.003643
0.513400 0.003601
0.513600 0.003559
0.513800 0.003518
0.514000 0.003477
0.514200 0.003437
0.514400 0.003396
0.514600 0.003357
0.514800 0.003318
0.515000 0.003279
0.515200 0.003240
0.515400 0.003202
0.515600 0.003165
0.515800 0.003128
0.516000 0.003091
0.516200 0.003054
0.516400 0.003018
0.516600 0.002983
0.516800 0.002948
0.517000 0.002913
0.517200 0.002878
0.517400 0.002844
0.517600 0.002811
0.517800 0.002777
0.518000 0.002744
0.518200 0.002712
0.518400 0.002679
0.518600 0.002647
0.518800 0.002616
0.519000 0.002584
0.519200 0.002554
0.519400 0.002523
0.519600 0.002493
0.519800 0.002463
0.520000 0.002433
0.520200 0.002404
0.520400 0.002375
0.520600 0.002347
0.520800 0.002318
0.521000 0.002290
0.521200 0.002263
0.521400 0.002235
0.521600 0.002208
0.521800 0.002181
0.522000 0.002155
0.522200 0.002129
0.522400 0.002103
0.522600 0.002077
0.522800 0.002052
0.523000 0.002027
0.523200 0.002002
0.523400 0.001978
0.523600 0.001954
0.523800 0.001930
0.524000 0.001906
0.524200 0.001883
0.524400 0.001860
0.524600 0.001837
0.524800 0.001814
0.525000 0.001792
0.525200 0.001770
0.525400 0.001748
0.525600 0.001727
0.525800 0.001705
0.526000 0.001684
0.526200 0.001663
0.526400 0.001643
0.526600 0.001622
0.526800 0.001602
0.527000 0.001582
0.527200 0.001563
0.527400 0.001543
0.527600 0.001524
0.527800 0.001505
0.528000 0.001486
0.528200 0.001468
0.528400 0.001449
0.528600 0.001431
0.528800 0.001413
0.529000 0.001395
0.529200 0.001378
0.529400 0.001361
0.529600 0.001343
0.529800 0.001327
0.530000 0.001310
0.530200 0.001293
0.530400 0.001277
0.530600 0.001261
0.530800 0.001245
0.531000 0.001229
0.531200 0.001214
0.531400 0.001198
0.531600 0.001183
0.531800 0.001168
0.532000 0.001153
0.532200 0.001138
0.532400 0.001124
0.532600 0.001110
0.532800 0.001096
0.533000 0.001082
0.533200 0.001068
0.533400 0.001054
0.533600 0.001041
0.533800 0.001027
0.534000 0.001014
0.534200 0.001001
0.534400 0.000988
0.534600 0.000976
0.534800 0.000963
0.535000 0.000951
0.535200 0.000938
0.535400 0.000926
0.535600 0.000914
0.535800 0.000903
0.536000 0.000891
0.536200 0.000879
0.536400 0.000868
0.536600 0.000857
0.536800 0.000846
0.537000 0.000835
0.537200 0.000824
0.537400 0.000813
0.537600 0.000803
0.537800 0.000792
0.538000 0.000782
0.538200 0.000772
0.538400 0.000762
0.538600 0.000752
0.538800 0.000742
0.539000 0.000732
0.539200 0.000723
0.539400 0.000713
0.539600 0.000704
0.539800 0.000695
0.540000 0.000686
0.540200 0.000677
0.540400 0.000668
0.540600 0.000659
0.540800 0.000651
0.541000 0.000642
0.541200 0.000634
0.541400 0.000625
0.541600 0.000617
0.541800 0.000609
0.542000 0.000601
0.542200 0.000593
0.542400 0.000585
0.542600 0.000578
0.542800 0.000570
0.543000 0.000563
0.543200 0.000555
0.543400 0.000548
0.543600 0.000541
0.543800 0.000534
0.544000 0.000527
0.544200 0.000520
0.544400 0.000513
0.544600 0.000506
0.544800 0.000499
0.545000 0.000493
0.545200 0.000486
0.545400 0.000480
0.545600 0.000474
0.545800 0.000467
0.546000 0.000461
0.546200 0.000455
0.546400 0.000449
0.546600 0.000443
0.546800 0.000437
0.547000 0.000432
0.547200 0.000426
0.547400 0.000420
0.547600 0.000415
0.547800 0.000410
0.548000 0.000404
0.548200 0.000399
0.548400 0.000394
0.548600 0.000388
0.548800 0.000383
0.549000 0.000378
0.549200 0.000373
0.549400 0.000369
0.549600 0.000364
0.549800 0.000359
0.550000 0.000354
0.550200 0.000350
0.550400 0.000345
0.550600 0.000341
0.550800 0.000336
0.551000 0.000332
0.551200 0.000328
0.551400 0.000324
0.551600 0.000319
0.551800 0.000315
0.552000 0.000311
0.552200 0.000307
0.552400 0.000303
0.552600 0.000300
0.552800 0.000296
0.553000 0.000292
0.553200 0.000288
0.553400 0.000285
0.553600 0.000281
0.553800 0.000278
0.554000 0.000274
0.554200 0.000271
0.554400 0.000267
0.554600 0.000264
0.554800 0.000261
0.555000 0.000258
0.555200 0.000255
0.555400 0.000251
0.555600 0.000248
0.555800 0.000245
0.556000 0.000242
0.556200 0.000240
0.556400 0.000237
0.556600 0.000234
0.556800 0.000231
0.557000 0.000228
0.557200 0.000226
0.557400 0.000223
0.557600 0.000221
0.557800 0.000218
0.558000 0.000216
0.558200 0.000213
0.558400 0.000211
0.558600 0.000208
0.558800 0.000206
0.559000 0.000204
0.559200 0.000202
0.559400 0.000199
0.559600 0.000197
0.559800 0.000195
0.560000 0.000193
0.560200 0.000191
0.560400 0.000189
0.560600 0.000187
0.560800 0.000185
0.561000 0.000183
0.561200 0.000182
0.561400 0.000180
0.561600 0.000178
0.561800 0.000176
0.562000 0.000175
0.562200 0.000173
0.562400 0.000172
0.562600 0.000170
0.562800 0.000169
0.563000 0.000167
0.563200 0.000166
0.563400 0.000164
0.563600 0.000163
0.563800 0.000162
0.564000 0.000160
0.564200 0.000159
0.564400 0.000158
0.564600 0.000157
0.564800 0.000155
0.565000 0.000154
0.565200 0.000153
0.565400 0.000152
0.565600 0.000151
0.565800 0.000150
0.566000 0.000149
0.566200 0.000148
0.566400 0.000148
0.566600 0.000147
0.566800 0.000146
0.567000 0.000145
0.567200 0.000144
0.567400 0.000144
0.567600 0.000143
0.567800 0.000142
0.568000 0.000142
0.568200 0.000141
0.568400 0.000141
0.568600 0.000140
0.568800 0.000140
0.569000 0.000139
0.569200 0.000139
0.569400 0.000138
0.569600 0.000138
0.569800 0.000138
0.570000 0.000138
0.570200 0.000137
0.570400 0.000137
0.570600 0.000137
0.570800 0.000137
0.571000 0.000137
0.571200 0.000137
0.571400 0.000137
0.571600 0.000137
0.571800 0.000137
0.572000 0.000137
0.572200 0.000137
0.572400 0.000137
0.572600 0.000137
0.572800 0.000137
0.573000 0.000137
0.573200 0.000138
0.573400 0.000138
0.573600 0.000138
0.573800 0.000139
0.574000 0.000139
0.574200 0.000139
0.574400 0.000140
0.574600 0.000140
0.574800 0.000141
0.575000 0.000142
0.575200 0.000142
0.575400 0.000143
0.575600 0.000143
0.575800 0.000144
0.576000 0.000145
0.576200 0.000146
0.576400 0.000146
0.576600 0.000147
0.576800 0.000148
0.577000 0.000149
0.577200 0.000150
0.577400 0.000151
0.577600 0.000152
0.577800 0.000153
0.578000 0.000154
0.578200 0.000155
0.578400 0.000157
0.578600 0.000158
0.578800 0.000159
0.579000 0.000160
0.579200 0.000162
0.579400 0.000163
0.579600 0.000164
0.579800 0.000166
0.580000 0.000167
0.580200 0.000169
0.580400 0.000170
0.580600 0.000172
0.580800 0.000174
0.581000 0.000175
0.581200 0.000177
0.581400 0.000179
0.581600 0.000181
0.581800 0.000183
0.582000 0.000184
0.582200 0.000186
0.582400 0.000188
0.582600 0.000190
0.582800 0.000193
0.583000 0.000195
0.583200 0.000197
0.583400 0.000199
0.583600 0.000201
0.583800 0.000204
0.584000 0.000206
0.584200 0.000209
0.584400 0.000211
0.584600 0.000213
0.584800 0.000216
0.585000 0.000219
0.585200 0.000221
0.585400 0.000224
0.585600 0.000227
0.585800 0.000230
0.586000 0.000233
0.586200 0.000236
0.586400 0.000238
0.586600 0.000242
0.586800 0.000245
0.587000 0.000248
0.587200 0.000251
0.587400 0.000254
0.587600 0.000258
0.587800 0.000261
0.588000 0.000264
0.588200 0.000268
0.588400 0.000272
0.588600 0.000275
0.588800 0.000279
0.589000 0.000283
0.589200 0.000286
0.589400 0.000290
0.589600 0.000294
0.589800 0.000298
0.590000 0.000302
0.590200 0.000307
0.590400 0.000311
0.590600 0.000315
0.590800 0.000319
0.591000 0.000324
0.591200 0.000328
0.591400 0.000333
0.591600 0.000338
0.591800 0.000342
0.592000 0.000347
0.592200 0.000352
0.592400 0.000357
0.592600 0.000362
0.592800 0.000367
0.593000 0.000372
0.593200 0.000378
0.593400 0.000383
0.593600 0.000388
0.593800 0.000394
0.594000 0.000400
0.594200 0.000405
0.594400 0.000411
0.594600 0.000417
0.594800 0.000423
0.595000 0.000429
0.595200 0.000435
0.595400 0.000441
0.595600 0.000448
0.595800 0.000454
0.596000 0.000461
0.596200 0.000467
0.596400 0.000474
0.596600 0.000481
0.596800 0.000488
0.597000 0.000495
0.597200 0.000502
0.597400 0.000509
0.597600 0.000517
0.597800 0.000524
0.598000 0.000532
0.598200 0.000539
0.598400 0.000547
0.598600 0.000555
0.598800 0.000563
0.599000 0.000571
0.599200 0.000579
0.599400 0.000588
0.599600 0.000596
0.599800 0.000605
0.600000 0.000613
0.600200 0.000622
0.600400 0.000631
0.600600 0.000640
0.600800 0.000650
0.601000 0.000659
0.601200 0.000669
0.601400 0.000678
0.601600 0.000688
0.601800 0.000698
0.602000 0.000708
0.602200 0.000718
0.602400 0.000728
0.602600 0.000739
0.602800 0.000750
0.603000 0.000760
0.603200 0.000771
0.603400 0.000782
0.603600 0.000794
0.603800 0.000805
0.604000 0.000817
0.604200 0.000828
0.604400 0.000840
0.604600 0.000852
0.604800 0.000864
0.605000 0.000877
0.605200 0.000889
0.605400 0.000902
0.605600 0.000915
0.605800 0.000928
0.606000 0.000941
0.606200 0.000955
0.606400 0.000968
0.606600 0.000982
0.606800 0.000996
0.607000 0.001010
0.607200 0.001024
0.607400 0.001039
0.607600 0.001054
0.607800 0.001069
0.608000 0.001084
0.608200 0.001099
0.608400 0.001115
0.608600 0.001130
0.608800 0.001146
0.609000 0.001163
0.609200 0.001179
0.609400 0.001196
0.609600 0.001212
0.609800 0.001230
0.610000 0.001247
0.610200 0.001264
0.610400 0.001282
0.610600 0.001300
0.610800 0.001318
0.611000 0.001337
0.611200 0.001356
0.611400 0.001374
0.611600 0.001394
0.611800 0.001413
0.612000 0.001433
0.612200 0.001453
0.612400 0.001473
0.612600 0.001494
0.612800 0.001514
0.613000 0.001535
0.613200 0.001557
0.613400 0.001578
0.613600 0.001600
0.613800 0.001622
0.614000 0.001645
0.614200 0.001668
0.614400 0.001691
0.614600 0.001714
0.614800 0.001738
0.615000 0.001761
0.615200 0.001786
0.615400 0.001810
0.615600 0.001835
0.615800 0.001860
0.616000 0.001886
0.616200 0.001912
0.616400 0.001938
0.616600 0.001964
0.616800 0.001991
0.617000 0.002018
0.617200 0.002046
0.617400 0.002074
0.617600 0.002102
0.617800 0.002131
0.618000 0.002160
0.618200 0.002189
0.618400 0.002219
0.618600 0.002249
0.618800 0.002279
0.619000 0.002310
0.619200 0.002341
0.619400 0.002373
0.619600 0.002405
0.619800 0.002437
0.620000 0.002470
0.620200 0.002503
0.620400 0.002537
0.620600 0.002571
0.620800 0.002605
0.621000 0.002640
0.621200 0.002676
0.621400 0.002711
0.621600 0.002748
0.621800 0.002784
0.622000 0.002821
0.622200 0.002859
0.622400 0.002897
0.622600 0.002936
0.622800 0.002975
0.623000 0.003014
0.623200 0.003054
0.623400 0.003095
0.623600 0.003136
0.623800 0.003177
0.624000 0.003219
0.624200 0.003261
0.624400 0.003304
0.624600 0.003348
0.624800 0.003392
0.625000 0.003437
0.625200 0.003482
0.625400 0.003527
0.625600 0.003574
0.625800 0.003620
0.626000 0.003668
0.626200 0.003716
0.626400 0.003764
0.626600 0.003813
0.626800 0.003863
0.627000 0.003913
0.627200 0.003964
0.627400 0.004016
0.627600 0.004068
0.627800 0.004121
0.628000 0.004174
0.628200 0.004228
0.628400 0.004283
0.628600 0.004338
0.628800 0.004394
0.629000 0.004451
0.629200 0.004508
0.629400 0.004566
0.629600 0.004625
0.629800 0.004684
0.630000 0.004744
0.630200 0.004805
0.630400 0.004867
0.630600 0.004929
0.630800 0.004992
0.631000 0.005056
0.631200 0.005120
0.631400 0.005185
0.631600 0.005251
0.631800 0.005318
0.632000 0.005386
0.632200 0.005454
0.632400 0.005524
0.632600 0.005594
0.632800 0.005665
0.633000 0.005736
0.633200 0.005809
0.633400 0.005882
0.633600 0.005956
0.633800 0.006032
0.634000 0.006108
0.634200 0.006185
0.634400 0.006262
0.634600 0.006341
0.634800 0.006421
0.635000 0.006501
0.635200 0.006583
0.635400 0.006665
0.635600 0.006749
0.635800 0.006833
0.636000 0.006919
0.636200 0.007005
0.636400 0.007093
0.636600 0.007181
0.636800 0.007270
0.637000 0.007361
0.637200 0.007453
0.637400 0.007545
0.637600 0.007639
0.637800 0.007734
0.638000 0.007830
0.638200 0.007927
0.638400 0.008025
0.638600 0.008125
0.638800 0.008225
0.639000 0.008327
0.639200 0.008430
0.639400 0.008534
0.639600 0.008640
0.639800 0.008746
0.640000 0.008854
0.640200 0.008964
0.640400 0.009074
0.640600 0.009186
0.640800 0.009299
0.641000 0.009414
0.641200 0.009529
0.641400 0.009647
0.641600 0.009765
0.641800 0.009885
0.642000 0.010007
0.642200 0.010130
0.642400 0.010254
0.642600 0.010380
0.642800 0.010508
0.643000 0.010637
0.643200 0.010767
0.643400 0.010899
0.643600 0.011033
0.643800 0.011169
0.644000 0.011306
0.644200 0.011445
0.644400 0.011585
0.644600 0.011727
0.644800 0.011871
0.645000 0.012017
0.645200 0.012165
0.645400 0.012314
0.645600 0.012465
0.645800 0.012619
0.646000 0.012774
0.646200 0.012931
0.646400 0.013090
0.646600 0.013251
0.646800 0.013415
0.647000 0.013580
0.647200 0.013748
0.647400 0.013917
0.647600 0.014089
0.647800 0.014263
0.648000 0.014440
0.648200 0.014619
0.648400 0.014800
0.648600 0.014983
0.648800 0.015169
0.649000 0.015358
0.649200 0.015549
0.649400 0.015743
0.649600 0.015939
0.649800 0.016138
0.650000 0.016340
0.650200 0.016545
0.650400 0.016753
0.650600 0.016963
0.650800 0.017176
0.651000 0.017393
0.651200 0.017613
0.651400 0.017835
0.651600 0.018061
0.651800 0.018291
0.652000 0.018523
0.652200 0.018759
0.652400 0.018999
0.652600 0.019242
0.652800 0.019489
0.653000 0.019740
0.653200 0.019994
0.653400 0.020252
0.653600 0.020515
0.653800 0.020781
0.654000 0.021051
0.654200 0.021326
0.654400 0.021605
0.654600 0.021889
0.654800 0.022177
0.655000 0.022470
0.655200 0.022767
0.655400 0.023070
0.655600 0.023377
0.655800 0.023690
0.656000 0.024008
0.656200 0.024331
0.656400 0.024659
0.656600 0.024993
0.656800 0.025333
0.657000 0.025679
0.657200 0.026031
0.657400 0.026389
0.657600 0.026753
0.657800 0.027124
0.658000 0.027501
0.658200 0.027885
0.658400 0.028276
0.658600 0.028674
0.658800 0.029079
0.659000 0.029492
0.659200 0.029913
0.659400 0.030341
0.659600 0.030777
0.659800 0.031221
0.660000 0.031674
0.660200 0.032136
0.660400 0.032606
0.660600 0.033086
0.660800 0.033574
0.661000 0.034072
0.661200 0.034580
0.661400 0.035098
0.661600 0.035626
0.661800 0.036165
0.662000 0.036714
0.662200 0.037275
0.662400 0.037847
0.662600 0.038430
0.662800 0.039025
0.663000 0.039632
0.663200 0.040252
0.663400 0.040885
0.663600 0.041530
0.663800 0.042189
0.664000 0.042862
0.664200 0.043549
0.664400 0.044250
0.664600 0.044966
0.664800 0.045698
0.665000 0.046444
0.665200 0.047207
0.665400 0.047986
0.665600 0.048782
0.665800 0.049594
0.666000 0.050424
0.666200 0.051273
0.666400 0.052139
0.666600 0.053025
0.666800 0.053929
0.667000 0.054854
0.667200 0.055798
0.667400 0.056764
0.667600 0.057750
0.667800 0.058758
0.668000 0.059789
0.668200 0.060842
0.668400 0.061918
0.668600 0.063018
0.668800 0.064143
0.669000 0.065292
0.669200 0.066467
0.669400 0.067668
0.669600 0.068896
0.669800 0.070151
0.670000 0.071434
0.670200 0.072746
0.670400 0.074086
0.670600 0.075457
0.670800 0.076858
0.671000 0.078291
0.671200 0.079755
0.671400 0.081252
0.671600 0.082782
0.671800 0.084347
0.672000 0.085946
0.672200 0.087581
0.672400 0.089252
0.672600 0.090960
0.672800 0.092706
0.673000 0.094491
0.673200 0.096315
0.673400 0.098180
0.673600 0.100086
0.673800 0.102034
0.674000 0.104024
0.674200 0.106059
0.674400 0.108138
0.674600 0.110263
0.674800 0.112434
0.675000 0.114653
0.675200 0.116920
0.675400 0.119237
0.675600 0.121603
0.675800 0.124021
0.676000 0.126491
0.676200 0.129015
0.676400 0.131592
0.676600 0.134225
0.676800 0.136914
0.677000 0.139660
0.677200 0.142465
0.677400 0.145329
0.677600 0.148254
0.677800 0.151240
0.678000 0.154289
0.678200 0.157402
0.678400 0.160580
0.678600 0.163824
0.678800 0.167135
0.679000 0.170514
0.679200 0.173963
0.679400 0.177482
0.679600 0.181073
0.679800 0.184737
0.680000 0.188475
0.680200 0.192288
0.680400 0.196178
0.680600 0.200146
0.680800 0.204193
0.681000 0.208320
0.681200 0.212528
0.681400 0.216818
0.681600 0.221193
0.681800 0.225652
0.682000 0.230198
0.682200 0.234831
0.682400 0.239553
0.682600 0.244365
0.682800 0.249268
0.683000 0.254264
0.683200 0.259353
0.683400 0.264537
0.683600 0.269817
0.683800 0.275195
0.684000 0.280671
0.684200 0.286247
0.684400 0.291924
0.684600 0.297704
0.684800 0.303587
0.685000 0.309574
0.685200 0.315668
0.685400 0.321869
0.685600 0.328177
0.685800 0.334596
0.686000 0.341125
0.686200 0.347766
0.686400 0.354519
0.686600 0.361387
0.686800 0.368370
0.687000 0.375469
0.687200 0.382686
0.687400 0.390021
0.687600 0.397475
0.687800 0.405050
0.688000 0.412747
0.688200 0.420566
0.688400 0.428509
0.688600 0.436576
0.688800 0.444769
0.689000 0.453088
0.689200 0.461534
0.689400 0.470109
0.689600 0.478812
0.689800 0.487645
0.690000 0.496609
0.690200 0.505705
0.690400 0.514932
0.690600 0.524292
0.690800 0.533786
0.691000 0.543414
0.691200 0.553176
0.691400 0.563074
0.691600 0.573107
0.691800 0.583277
0.692000 0.593584
0.692200 0.604028
0.692400 0.614610
0.692600 0.625329
0.692800 0.636187
0.693000 0.647183
0.693200 0.658318
0.693400 0.669592
0.693600 0.681005
0.693800 0.692557
0.694000 0.704249
0.694200 0.716079
0.694400 0.728049
0.694600 0.740158
0.694800 0.752405
0.695000 0.764792
0.695200 0.777316
0.695400 0.789979
0.695600 0.802780
0.695800 0.815717
0.696000 0.828792
0.696200 0.842003
0.696400 0.855350
0.696600 0.868832
0.696800 0.882448
0.697000 0.896198
0.697200 0.910081
0.697400 0.924096
0.697600 0.938242
0.697800 0.952518
0.698000 0.966923
0.698200 0.981456
0.698400 0.996116
0.698600 1.010901
0.698800 1.025810
0.699000 1.040842
0.699200 1.055996
0.699400 1.071269
0.699600 1.086661
0.699800 1.102170
0.700000 1.117793
0.700200 1.133530
0.700400 1.149378
0.700600 1.165336
0.700800 1.181402
0.701000 1.197573
0.701200 1.213847
0.701400 1.230223
0.701600 1.246699
0.701800 1.263271
0.702000 1.279938
0.702200 1.296697
0.702400 1.313546
0.702600 1.330482
0.702800 1.347502
0.703000 1.364605
0.703200 1.381787
0.703400 1.399045
0.703600 1.416377
0.703800 1.433780
0.704000 1.451251
0.704200 1.468786
0.704400 1.486383
0.704600 1.504038
0.704800 1.521749
0.705000 1.539512
0.705200 1.557324
0.705400 1.575181
0.705600 1.593080
0.705800 1.611018
0.706000 1.628991
0.706200 1.646995
0.706400 1.665027
0.706600 1.683083
0.706800 1.701159
0.707000 1.719252
0.707200 1.737358
0.707400 1.755473
0.707600 1.773593
0.707800 1.791714
0.708000 1.809833
0.708200 1.827944
0.708400 1.846045
0.708600 1.864131
0.708800 1.882198
0.709000 1.900241
0.709200 1.918257
0.709400 1.936242
0.709600 1.954190
0.709800 1.972099
0.710000 1.989963
0.710200 2.007778
0.710400 2.025541
0.710600 2.043246
0.710800 2.060890
0.711000 2.078467
0.711200 2.095974
0.711400 2.113407
0.711600 2.130760
0.711800 2.148030
0.712000 2.165212
0.712200 2.182301
0.712400 2.199294
0.712600 2.216185
0.712800 2.232971
0.713000 2.249648
0.713200 2.266210
0.713400 2.282653
0.713600 2.298974
0.713800 2.315167
0.714000 2.331228
0.714200 2.347154
0.714400 2.362940
0.714600 2.378581
0.714800 2.394074
0.715000 2.409415
0.715200 2.424598
0.715400 2.439620
0.715600 2.454478
0.715800 2.469166
0.716000 2.483681
0.716200 2.498020
0.716400 2.512177
0.716600 2.526150
0.716800 2.539934
0.717000 2.553526
0.717200 2.566922
0.717400 2.580118
0.717600 2.593111
0.717800 2.605897
0.718000 2.618473
0.718200 2.630836
0.718400 2.642981
0.718600 2.654906
0.718800 2.666608
0.719000 2.678083
0.719200 2.689329
0.719400 2.700342
0.719600 2.711119
0.719800 2.721658
0.720000 2.731957
0.720200 2.742011
0.720400 2.751819
0.720600 2.761379
0.720800 2.770687
0.721000 2.779741
0.721200 2.788540
0.721400 2.797081
0.721600 2.805362
0.721800 2.813381
0.722000 2.821137
0.722200 2.828626
0.722400 2.835849
0.722600 2.842803
0.722800 2.849486
0.723000 2.855898
0.723200 2.862037
0.723400 2.867901
0.723600 2.873491
0.723800 2.878804
0.724000 2.883840
0.724200 2.888599
0.724400 2.893079
0.724600 2.897279
0.724800 2.901201
0.725000 2.904842
0.725200 2.908203
0.725400 2.911284
0.725600 2.914084
0.725800 2.916604
0.726000 2.918844
0.726200 2.920804
0.726400 2.922485
0.726600 2.923886
0.726800 2.925009
0.727000 2.925854
0.727200 2.926423
0.727400 2.926715
0.727600 2.926732
0.727800 2.926475
0.728000 2.925945
0.728200 2.925144
0.728400 2.924072
0.728600 2.922732
0.728800 2.921125
0.729000 2.919252
0.729200 2.917116
0.729400 2.914718
0.729600 2.912060
0.729800 2.909145
0.730000 2.905974
0.730200 2.902550
0.730400 2.898875
0.730600 2.894951
0.730800 2.890781
0.731000 2.886368
0.731200 2.881714
0.731400 2.876821
0.731600 2.871694
0.731800 2.866334
0.732000 2.860745
0.732200 2.854930
0.732400 2.848892
0.732600 2.842634
0.732800 2.836159
0.733000 2.829471
0.733200 2.822573
0.733400 2.815468
0.733600 2.808161
0.733800 2.800654
0.734000 2.792952
0.734200 2.785057
0.734400 2.776975
0.734600 2.768708
0.734800 2.760261
0.735000 2.751637
0.735200 2.742840
0.735400 2.733875
0.735600 2.724745
0.735800 2.715454
0.736000 2.706007
0.736200 2.696408
0.736400 2.686660
0.736600 2.676769
0.736800 2.666738
0.737000 2.656571
0.737200 2.646274
0.737400 2.635849
0.737600 2.625302
0.737800 2.614637
0.738000 2.603858
0.738200 2.592969
0.738400 2.581975
0.738600 2.570881
0.738800 2.559690
0.739000 2.548407
0.739200 2.537037
0.739400 2.525583
0.739600 2.514051
0.739800 2.502444
0.740000 2.490767
0.740200 2.479025
0.740400 2.467221
0.740600 2.455360
0.740800 2.443447
0.741000 2.431485
0.741200 2.419480
0.741400 2.407434
0.741600 2.395353
0.741800 2.383240
0.742000 2.371101
0.742200 2.358938
0.742400 2.346757
0.742600 2.334561
0.742800 2.322354
0.743000 2.310141
0.743200 2.297925
0.743400 2.285710
0.743600 2.273501
0.743800 2.261301
0.744000 2.249114
0.744200 2.236943
0.744400 2.224793
0.744600 2.212668
0.744800 2.200570
0.745000 2.188504
0.745200 2.176472
0.745400 2.164480
0.745600 2.152529
0.745800 2.140624
0.746000 2.128768
0.746200 2.116963
0.746400 2.105214
0.746600 2.093523
0.746800 2.081894
0.747000 2.070330
0.747200 2.058833
0.747400 2.047406
0.747600 2.036053
0.747800 2.024777
0.748000 2.013579
0.748200 2.002463
0.748400 1.991431
0.748600 1.980486
0.748800 1.969631
0.749000 1.958867
0.749200 1.948198
0.749400 1.937624
0.749600 1.927150
0.749800 1.916777
0.750000 1.906506
0.750200 1.896341
0.750400 1.886282
0.750600 1.876333
0.750800 1.866494
0.751000 1.856768
0.751200 1.847156
0.751400 1.837660
0.751600 1.828282
0.751800 1.819022
0.752000 1.809883
0.752200 1.800866
0.752400 1.791972
0.752600 1.783203
0.752800 1.774559
0.753000 1.766042
0.753200 1.757653
0.753400 1.749392
0.753600 1.741262
0.753800 1.733262
0.754000 1.725394
0.754200 1.717658
0.754400 1.710055
0.754600 1.702585
0.754800 1.695250
0.755000 1.688050
0.755200 1.680985
0.755400 1.674055
0.755600 1.667262
0.755800 1.660605
0.756000 1.654084
0.756200 1.647700
0.756400 1.641453
0.756600 1.635344
0.756800 1.629371
0.757000 1.623535
0.757200 1.617837
0.757400 1.612275
0.757600 1.606850
0.757800 1.601562
0.758000 1.596410
0.758200 1.591395
0.758400 1.586515
0.758600 1.581770
0.758800 1.577160
0.759000 1.572685
0.759200 1.568344
0.759400 1.564137
0.759600 1.560062
0.759800 1.556120
0.760000 1.552309
0.760200 1.548630
0.760400 1.545081
0.760600 1.541661
0.760800 1.538371
0.761000 1.535208
0.761200 1.532172
0.761400 1.529263
0.761600 1.526480
0.761800 1.523820
0.762000 1.521285
0.762200 1.518872
0.762400 1.516580
0.762600 1.514410
0.762800 1.512358
0.763000 1.510426
0.763200 1.508610
0.763400 1.506911
0.763600 1.505328
0.763800 1.503858
0.764000 1.502501
0.764200 1.501256
0.764400 1.500122
0.764600 1.499097
0.764800 1.498180
0.765000 1.497370
0.765200 1.496666
0.765400 1.496066
0.765600 1.495569
0.765800 1.495174
0.766000 1.494880
0.766200 1.494686
0.766400 1.494589
0.766600 1.494589
0.766800 1.494685
0.767000 1.494874
0.767200 1.495157
0.767400 1.495531
0.767600 1.495995
0.767800 1.496548
0.768000 1.497189
0.768200 1.497916
0.768400 1.498727
0.768600 1.499622
0.768800 1.500600
0.769000 1.501658
0.769200 1.502796
0.769400 1.504012
0.769600 1.505305
0.769800 1.506674
0.770000 1.508117
0.770200 1.509633
0.770400 1.511220
0.770600 1.512878
0.770800 1.514605
0.771000 1.516400
0.771200 1.518261
0.771400 1.520187
0.771600 1.522178
0.771800 1.524231
0.772000 1.526345
0.772200 1.528519
0.772400 1.530753
0.772600 1.533044
0.772800 1.535392
0.773000 1.537794
0.773200 1.540251
0.773400 1.542761
0.773600 1.545322
0.773800 1.547934
0.774000 1.550595
0.774200 1.553304
0.774400 1.556060
0.774600 1.558862
0.774800 1.561709
0.775000 1.564599
0.775200 1.567532
0.775400 1.570506
0.775600 1.573520
0.775800 1.576574
0.776000 1.579666
0.776200 1.582795
0.776400 1.585961
0.776600 1.589161
0.776800 1.592395
0.777000 1.595663
0.777200 1.598962
0.777400 1.602293
0.777600 1.605654
0.777800 1.609044
0.778000 1.612462
0.778200 1.615908
0.778400 1.619380
0.778600 1.622877
0.778800 1.626400
0.779000 1.629945
0.779200 1.633514
0.779400 1.637105
0.779600 1.640717
0.779800 1.644349
0.780000 1.648001
0.780200 1.651672
0.780400 1.655360
0.780600 1.659066
0.780800 1.662788
0.781000 1.666525
0.781200 1.670278
0.781400 1.674044
0.781600 1.677824
0.781800 1.681617
0.782000 1.685421
0.782200 1.689237
0.782400 1.693063
0.782600 1.696899
0.782800 1.700745
0.783000 1.704599
0.783200 1.708461
0.783400 1.712330
0.783600 1.716206
0.783800 1.720089
0.784000 1.723976
0.784200 1.727869
0.784400 1.731766
0.784600 1.735666
0.784800 1.739570
0.785000 1.743476
0.785200 1.747385
0.785400 1.751295
0.785600 1.755206
0.785800 1.759118
0.786000 1.763029
0.786200 1.766940
0.786400 1.770850
0.786600 1.774759
0.786800 1.778666
0.787000 1.782570
0.787200 1.786471
0.787400 1.790370
0.787600 1.794264
0.787800 1.798154
0.788000 1.802040
0.788200 1.805920
0.788400 1.809795
0.788600 1.813665
0.788800 1.817528
0.789000 1.821384
0.789200 1.825233
0.789400 1.829075
0.789600 1.832909
0.789800 1.836735
0.790000 1.840553
0.790200 1.844362
0.790400 1.848161
0.790600 1.851951
0.790800 1.855731
0.791000 1.859501
0.791200 1.863260
0.791400 1.867009
0.791600 1.870746
0.791800 1.874472
0.792000 1.878187
0.792200 1.881889
0.792400 1.885578
0.792600 1.889256
0.792800 1.892920
0.793000 1.896571
0.793200 1.900209
0.793400 1.903832
0.793600 1.907442
0.793800 1.911038
0.794000 1.914619
0.794200 1.918186
0.794400 1.921737
0.794600 1.925273
0.794800 1.928794
0.795000 1.932299
0.795200 1.935788
0.795400 1.939260
0.795600 1.942717
0.795800 1.946157
0.796000 1.949580
0.796200 1.952986
0.796400 1.956374
0.796600 1.959745
0.796800 1.963099
0.797000 1.966434
0.797200 1.969752
0.797400 1.973051
0.797600 1.976332
0.797800 1.979594
0.798000 1.982838
0.798200 1.986062
0.798400 1.989267
0.798600 1.992453
0.798800 1.995619
0.799000 1.998766
0.799200 2.001893
0.799400 2.004999
0.799600 2.008086
0.799800 2.011152
0.800000 2.014197
0.800200 2.017222
0.800400 2.020226
0.800600 2.023209
0.800800 2.026170
0.801000 2.029111
0.801200 2.032030
0.801400 2.034927
0.801600 2.037803
0.801800 2.040657
0.802000 2.043488
0.802200 2.046298
0.802400 2.049085
0.802600 2.051850
0.802800 2.054592
0.803000 2.057312
0.803200 2.060009
0.803400 2.062682
0.803600 2.065333
0.803800 2.067961
0.804000 2.070565
0.804200 2.073146
0.804400 2.075703
0.804600 2.078236
0.804800 2.080746
0.805000 2.083232
0.805200 2.085694
0.805400 2.088132
0.805600 2.090545
0.805800 2.092934
0.806000 2.095299
0.806200 2.097639
0.806400 2.099955
0.806600 2.102245
0.806800 2.104511
0.807000 2.106752
0.807200 2.108968
0.807400 2.111159
0.807600 2.113325
0.807800 2.115465
0.808000 2.117580
0.808200 2.119669
0.808400 2.121733
0.808600 2.123771
0.808800 2.125783
0.809000 2.127769
0.809200 2.129730
0.809400 2.131664
0.809600 2.133572
0.809800 2.135455
0.810000 2.137310
0.810200 2.139140
0.810400 2.140943
0.810600 2.142720
0.810800 2.144470
0.811000 2.146193
0.811200 2.147890
0.811400 2.149560
0.811600 2.151203
0.811800 2.152819
0.812000 2.154408
0.812200 2.155971
0.812400 2.157506
0.812600 2.159014
0.812800 2.160494
0.813000 2.161948
0.813200 2.163374
0.813400 2.164772
0.813600 2.166143
0.813800 2.167487
0.814000 2.168803
0.814200 2.170091
0.814400 2.171352
0.814600 2.172585
0.814800 2.173790
0.815000 2.174968
0.815200 2.176117
0.815400 2.177239
0.815600 2.178333
0.815800 2.179398
0.816000 2.180436
0.816200 2.181446
0.816400 2.182427
0.816600 2.183380
0.816800 2.184305
0.817000 2.185202
0.817200 2.186071
0.817400 2.186911
0.817600 2.187723
0.817800 2.188506
0.818000 2.189261
0.818200 2.189988
0.818400 2.190686
0.818600 2.191356
0.818800 2.191997
0.819000 2.192610
0.819200 2.193194
0.819400 2.193749
0.819600 2.194276
0.819800 2.194775
0.820000 2.195244
0.820200 2.195685
0.820400 2.196098
0.820600 2.196481
0.820800 2.196836
0.821000 2.197163
0.821200 2.197460
0.821400 2.197729
0.821600 2.197969
0.821800 2.198180
0.822000 2.198362
0.822200 2.198516
0.822400 2.198641
0.822600 2.198737
0.822800 2.198805
0.823000 2.198843
0.823200 2.198853
0.823400 2.198834
0.823600 2.198786
0.823800 2.198710
0.824000 2.198605
0.824200 2.198471
0.824400 2.198308
0.824600 2.198116
0.824800 2.197896
0.825000 2.197647
0.825200 2.197369
0.825400 2.197063
0.825600 2.196728
0.825800 2.196364
0.826000 2.195972
0.826200 2.195551
0.826400 2.195101
0.826600 2.194623
0.826800 2.194116
0.827000 2.193581
0.827200 2.193017
0.827400 2.192424
0.827600 2.191803
0.827800 2.191154
0.828000 2.190476
0.828200 2.189770
0.828400 2.189035
0.828600 2.188272
0.828800 2.187481
0.829000 2.186662
0.829200 2.185814
0.829400 2.184938
0.829600 2.184034
0.829800 2.183102
0.830000 2.182142
0.830200 2.181153
0.830400 2.180137
0.830600 2.179093
0.830800 2.178020
0.831000 2.176920
0.831200 2.175792
0.831400 2.174637
0.831600 2.173453
0.831800 2.172242
0.832000 2.171003
0.832200 2.169737
0.832400 2.168443
0.832600 2.167122
0.832800 2.165773
0.833000 2.164397
0.833200 2.162993
0.833400 2.161563
0.833600 2.160105
0.833800 2.158620
0.834000 2.157107
0.834200 2.155568
0.834400 2.154002
0.834600 2.152409
0.834800 2.150790
0.835000 2.149143
0.835200 2.147470
0.835400 2.145770
0.835600 2.144044
0.835800 2.142291
0.836000 2.140511
0.836200 2.138706
0.836400 2.136874
0.836600 2.135016
0.836800 2.133132
0.837000 2.131221
0.837200 2.129285
0.837400 2.127323
0.837600 2.125335
0.837800 2.123322
0.838000 2.121282
0.838200 2.119218
0.838400 2.117127
0.838600 2.115012
0.838800 2.112871
0.839000 2.110704
0.839200 2.108513
0.839400 2.106297
0.839600 2.104055
0.839800 2.101789
0.840000 2.099498
0.840200 2.097182
0.840400 2.094842
0.840600 2.092477
0.840800 2.090088
0.841000 2.087674
0.841200 2.085237
0.841400 2.082775
0.841600 2.080289
0.841800 2.077779
0.842000 2.075245
0.842200 2.072688
0.842400 2.070107
0.842600 2.067502
0.842800 2.064874
0.843000 2.062223
0.843200 2.059549
0.843400 2.056851
0.843600 2.054130
0.843800 2.051387
0.844000 2.048620
0.844200 2.045831
0.844400 2.043020
0.844600 2.040186
0.844800 2.037329
0.845000 2.034451
0.845200 2.031550
0.845400 2.028627
0.845600 2.025682
0.845800 2.022716
0.846000 2.019727
0.846200 2.016718
0.846400 2.013686
0.846600 2.010634
0.846800 2.007560
0.847000 2.004465
0.847200 2.001349
0.847400 1.998213
0.847600 1.995055
0.847800 1.991877
0.848000 1.988679
0.848200 1.985460
0.848400 1.982221
0.848600 1.978961
0.848800 1.975682
0.849000 1.972383
0.849200 1.969064
0.849400 1.965725
0.849600 1.962367
0.849800 1.958990
0.850000 1.955593
0.850200 1.952178
0.850400 1.948743
0.850600 1.945289
0.850800 1.941817
0.851000 1.938326
0.851200 1.934817
0.851400 1.931289
0.851600 1.927743
0.851800 1.924179
0.852000 1.920597
0.852200 1.916997
0.852400 1.913380
0.852600 1.909745
0.852800 1.906093
0.853000 1.902423
0.853200 1.898736
0.853400 1.895032
0.853600 1.891312
0.853800 1.887575
0.854000 1.883821
0.854200 1.880050
0.854400 1.876264
0.854600 1.872461
0.854800 1.868642
0.855000 1.864808
0.855200 1.860957
0.855400 1.857091
0.855600 1.853210
0.855800 1.849313
0.856000 1.845401
0.856200 1.841474
0.856400 1.837532
0.856600 1.833575
0.856800 1.829604
0.857000 1.825618
0.857200 1.821618
0.857400 1.817604
0.857600 1.813576
0.857800 1.809534
0.858000 1.805478
0.858200 1.801409
0.858400 1.797326
0.858600 1.793229
0.858800 1.789120
0.859000 1.784998
0.859200 1.780862
0.859400 1.776714
0.859600 1.772554
0.859800 1.768381
0.860000 1.764196
0.860200 1.759999
0.860400 1.755789
0.860600 1.751568
0.860800 1.747335
0.861000 1.743091
0.861200 1.738835
0.861400 1.734568
0.861600 1.730290
0.861800 1.726002
0.862000 1.721702
0.862200 1.717392
0.862400 1.713071
0.862600 1.708740
0.862800 1.704399
0.863000 1.700047
0.863200 1.695686
0.863400 1.691315
0.863600 1.686935
0.863800 1.682545
0.864000 1.678146
0.864200 1.673738
0.864400 1.669321
0.864600 1.664895
0.864800 1.660461
0.865000 1.656018
0.865200 1.651567
0.865400 1.647108
0.865600 1.642640
0.865800 1.638165
0.866000 1.633682
0.866200 1.629192
0.866400 1.624695
0.866600 1.620190
0.866800 1.615678
0.867000 1.611159
0.867200 1.606634
0.867400 1.602102
0.867600 1.597563
0.867800 1.593019
0.868000 1.588468
0.868200 1.583912
0.868400 1.579350
0.868600 1.574782
0.868800 1.570209
0.869000 1.565630
0.869200 1.561047
0.869400 1.556459
0.869600 1.551866
0.869800 1.547269
0.870000 1.542667
0.870200 1.538061
0.870400 1.533451
0.870600 1.528838
0.870800 1.524221
0.871000 1.519600
0.871200 1.514976
0.871400 1.510349
0.871600 1.505719
0.871800 1.501087
0.872000 1.496452
0.872200 1.491815
0.872400 1.487176
0.872600 1.482535
0.872800 1.477892
0.873000 1.473248
0.873200 1.468602
0.873400 1.463956
0.873600 1.459309
0.873800 1.454661
0.874000 1.450012
0.874200 1.445364
0.874400 1.440715
0.874600 1.436067
0.874800 1.431420
0.875000 1.426773
0.875200 1.422127
0.875400 1.417483
0.875600 1.412840
0.875800 1.408198
0.876000 1.403559
0.876200 1.398922
0.876400 1.394288
0.876600 1.389657
0.876800 1.385028
0.877000 1.380403
0.877200 1.375782
0.877400 1.371165
0.877600 1.366552
0.877800 1.361944
0.878000 1.357341
0.878200 1.352743
0.878400 1.348150
0.878600 1.343564
0.878800 1.338984
0.879000 1.334410
0.879200 1.329844
0.879400 1.325285
0.879600 1.320733
0.879800 1.316190
0.880000 1.311656
0.880200 1.307130
0.880400 1.302614
0.880600 1.298107
0.880800 1.293611
0.881000 1.289126
0.881200 1.284651
0.881400 1.280189
0.881600 1.275738
0.881800 1.271300
0.882000 1.266875
0.882200 1.262463
0.882400 1.258066
0.882600 1.253684
0.882800 1.249316
0.883000 1.244965
0.883200 1.240629
0.883400 1.236311
0.883600 1.232010
0.883800 1.227728
0.884000 1.223464
0.884200 1.219219
0.884400 1.214995
0.884600 1.210792
0.884800 1.206610
0.885000 1.202450
0.885200 1.198313
0.885400 1.194200
0.885600 1.190111
0.885800 1.186047
0.886000 1.182009
0.886200 1.177998
0.886400 1.174015
0.886600 1.170060
0.886800 1.166134
0.887000 1.162238
0.887200 1.158374
0.887400 1.154541
0.887600 1.150741
0.887800 1.146975
0.888000 1.143243
0.888200 1.139548
0.888400 1.135888
0.888600 1.132267
0.888800 1.128684
0.889000 1.125141
0.889200 1.121639
0.889400 1.118179
0.889600 1.114761
0.889800 1.111388
0.890000 1.108060
0.890200 1.104778
0.890400 1.101544
0.890600 1.098358
0.890800 1.095222
0.891000 1.092137
0.891200 1.089105
0.891400 1.086125
0.891600 1.083201
0.891800 1.080332
0.892000 1.077521
0.892200 1.074768
0.892400 1.072075
0.892600 1.069443
0.892800 1.066874
0.893000 1.064368
0.893200 1.061927
0.893400 1.059553
0.893600 1.057246
0.893800 1.055009
0.894000 1.052842
0.894200 1.050746
0.894400 1.048724
0.894600 1.046777
0.894800 1.044905
0.895000 1.043110
0.895200 1.041394
0.895400 1.039758
0.895600 1.038204
0.895800 1.036732
0.896000 1.035344
0.896200 1.034042
0.896400 1.032826
0.896600 1.031698
0.896800 1.030660
0.897000 1.029713
0.897200 1.028857
0.897400 1.028095
0.897600 1.027427
0.897800 1.026855
0.898000 1.026380
0.898200 1.026003
0.898400 1.025725
0.898600 1.025548
0.898800 1.025473
0.899000 1.025500
0.899200 1.025631
0.899400 1.025866
0.899600 1.026208
0.899800 1.026656
0.900000 1.027212
0.900200 1.027876
0.900400 1.028650
0.900600 1.029534
0.900800 1.030529
0.901000 1.031635
0.901200 1.032854
0.901400 1.034186
0.901600 1.035631
0.901800 1.037190
0.902000 1.038863
0.902200 1.040651
0.902400 1.042554
0.902600 1.044572
0.902800 1.046706
0.903000 1.048955
0.903200 1.051320
0.903400 1.053801
0.903600 1.056397
0.903800 1.059109
0.904000 1.061936
0.904200 1.064878
0.904400 1.067934
0.904600 1.071104
0.904800 1.074388
0.905000 1.077784
0.905200 1.081293
0.905400 1.084912
0.905600 1.088643
0.905800 1.092482
0.906000 1.096431
0.906200 1.100486
0.906400 1.104647
0.906600 1.108913
0.906800 1.113282
0.907000 1.117753
0.907200 1.122324
0.907400 1.126994
0.907600 1.131760
0.907800 1.136620
0.908000 1.141574
0.908200 1.146618
0.908400 1.151750
0.908600 1.156969
0.908800 1.162271
0.909000 1.167655
0.909200 1.173118
0.909400 1.178656
0.909600 1.184268
0.909800 1.189951
0.910000 1.195701
0.910200 1.201516
0.910400 1.207392
0.910600 1.213326
0.910800 1.219316
0.911000 1.225357
0.911200 1.231446
0.911400 1.237580
0.911600 1.243755
0.911800 1.249967
0.912000 1.256213
0.912200 1.262488
0.912400 1.268789
0.912600 1.275112
0.912800 1.281453
0.913000 1.287808
0.913200 1.294171
0.913400 1.300540
0.913600 1.306910
0.913800 1.313277
0.914000 1.319636
0.914200 1.325982
0.914400 1.332312
0.914600 1.338620
0.914800 1.344902
0.915000 1.351155
0.915200 1.357372
0.915400 1.363549
0.915600 1.369682
0.915800 1.375765
0.916000 1.381795
0.916200 1.387767
0.916400 1.393675
0.916600 1.399516
0.916800 1.405283
0.917000 1.410974
0.917200 1.416582
0.917400 1.422104
0.917600 1.427534
0.917800 1.432869
0.918000 1.438102
0.918200 1.443231
0.918400 1.448250
0.918600 1.453154
0.918800 1.457941
0.919000 1.462604
0.919200 1.467139
0.919400 1.471543
0.919600 1.475811
0.919800 1.479940
0.920000 1.483924
0.920200 1.487760
0.920400 1.491444
0.920600 1.494972
0.920800 1.498341
0.921000 1.501546
0.921200 1.504585
0.921400 1.507454
0.921600 1.510149
0.921800 1.512667
0.922000 1.515005
0.922200 1.517161
0.922400 1.519130
0.922600 1.520911
0.922800 1.522501
0.923000 1.523896
0.923200 1.525096
0.923400 1.526097
0.923600 1.526898
0.923800 1.527496
0.924000 1.527889
0.924200 1.528076
0.924400 1.528056
0.924600 1.527826
0.924800 1.527386
0.925000 1.526734
0.925200 1.525869
0.925400 1.524791
0.925600 1.523499
0.925800 1.521992
0.926000 1.520270
0.926200 1.518333
0.926400 1.516180
0.926600 1.513812
0.926800 1.511229
0.927000 1.508431
0.927200 1.505418
0.927400 1.502192
0.927600 1.498754
0.927800 1.495103
0.928000 1.491242
0.928200 1.487172
0.928400 1.482893
0.928600 1.478408
0.928800 1.473719
0.929000 1.468826
0.929200 1.463733
0.929400 1.458441
0.929600 1.452952
0.929800 1.447269
0.930000 1.441395
0.930200 1.435331
0.930400 1.429082
0.930600 1.422649
0.930800 1.416035
0.931000 1.409245
0.931200 1.402280
0.931400 1.395145
0.931600 1.387842
0.931800 1.380376
0.932000 1.372750
0.932200 1.364967
0.932400 1.357032
0.932600 1.348948
0.932800 1.340719
0.933000 1.332350
0.933200 1.323844
0.933400 1.315206
0.933600 1.306441
0.933800 1.297551
0.934000 1.288542
0.934200 1.279418
0.934400 1.270184
0.934600 1.260844
0.934800 1.251402
0.935000 1.241864
0.935200 1.232233
0.935400 1.222515
0.935600 1.212715
0.935800 1.202836
0.936000 1.192883
0.936200 1.182862
0.936400 1.172777
0.936600 1.162633
0.936800 1.152433
0.937000 1.142184
0.937200 1.131890
0.937400 1.121555
0.937600 1.111184
0.937800 1.100782
0.938000 1.090353
0.938200 1.079902
0.938400 1.069433
0.938600 1.058951
0.938800 1.048460
0.939000 1.037965
0.939200 1.027469
0.939400 1.016978
0.939600 1.006496
0.939800 0.996026
0.940000 0.985573
0.940200 0.975140
0.940400 0.964733
0.940600 0.954354
0.940800 0.944008
0.941000 0.933698
0.941200 0.923429
0.941400 0.913202
0.941600 0.903024
0.941800 0.892895
0.942000 0.882821
0.942200 0.872804
0.942400 0.862848
0.942600 0.852955
0.942800 0.843129
0.943000 0.833372
0.943200 0.823688
0.943400 0.814079
0.943600 0.804548
0.943800 0.795097
0.944000 0.785730
0.944200 0.776447
0.944400 0.767252
0.944600 0.758147
0.944800 0.749133
0.945000 0.740213
0.945200 0.731389
0.945400 0.722663
0.945600 0.714036
0.945800 0.705509
0.946000 0.697085
0.946200 0.688765
0.946400 0.680550
0.946600 0.672442
0.946800 0.664441
0.947000 0.656549
0.947200 0.648766
0.947400 0.641094
0.947600 0.633534
0.947800 0.626085
0.948000 0.618749
0.948200 0.611527
0.948400 0.604419
0.948600 0.597424
0.948800 0.590545
0.949000 0.583780
0.949200 0.577130
0.949400 0.570595
0.949600 0.564176
0.949800 0.557871
0.950000 0.551682
0.950200 0.545607
0.950400 0.539647
0.950600 0.533802
0.950800 0.528070
0.951000 0.522452
0.951200 0.516947
0.951400 0.511554
0.951600 0.506274
0.951800 0.501105
0.952000 0.496047
0.952200 0.491098
0.952400 0.486259
0.952600 0.481529
0.952800 0.476906
0.953000 0.472389
0.953200 0.467979
0.953400 0.463673
0.953600 0.459471
0.953800 0.455372
0.954000 0.451375
0.954200 0.447478
0.954400 0.443681
0.954600 0.439982
0.954800 0.436381
0.955000 0.432875
0.955200 0.429465
0.955400 0.426148
0.955600 0.422923
0.955800 0.419790
0.956000 0.416747
0.956200 0.413792
0.956400 0.410925
0.956600 0.408143
0.956800 0.405447
0.957000 0.402834
0.957200 0.400303
0.957400 0.397853
0.957600 0.395483
0.957800 0.393191
0.958000 0.390975
0.958200 0.388836
0.958400 0.386770
0.958600 0.384778
0.958800 0.382857
0.959000 0.381006
0.959200 0.379225
0.959400 0.377511
0.959600 0.375864
0.959800 0.374282
0.960000 0.372764
0.960200 0.371309
0.960400 0.369915
0.960600 0.368581
0.960800 0.367307
0.961000 0.366090
0.961200 0.364929
0.961400 0.363825
0.961600 0.362774
0.961800 0.361777
0.962000 0.360831
0.962200 0.359937
0.962400 0.359092
0.962600 0.358296
0.962800 0.357548
0.963000 0.356846
0.963200 0.356189
0.963400 0.355577
0.963600 0.355009
0.963800 0.354483
0.964000 0.353999
0.964200 0.353555
0.964400 0.353151
0.964600 0.352785
0.964800 0.352458
0.965000 0.352167
0.965200 0.351913
0.965400 0.351694
0.965600 0.351509
0.965800 0.351358
0.966000 0.351239
0.966200 0.351153
0.966400 0.351098
0.966600 0.351074
0.966800 0.351080
0.967000 0.351114
0.967200 0.351177
0.967400 0.351268
0.967600 0.351386
0.967800 0.351531
0.968000 0.351701
0.968200 0.351897
0.968400 0.352117
0.968600 0.352362
0.968800 0.352630
0.969000 0.352921
0.969200 0.353234
0.969400 0.353570
0.969600 0.353927
0.969800 0.354305
0.970000 0.354703
0.970200 0.355121
0.970400 0.355559
0.970600 0.356017
0.970800 0.356493
0.971000 0.356987
0.971200 0.357499
0.971400 0.358029
0.971600 0.358576
0.971800 0.359139
0.972000 0.359719
0.972200 0.360316
0.972400 0.360928
0.972600 0.361555
0.972800 0.362198
0.973000 0.362856
0.973200 0.363528
0.973400 0.364214
0.973600 0.364915
0.973800 0.365629
0.974000 0.366357
0.974200 0.367098
0.974400 0.367852
0.974600 0.368619
0.974800 0.369399
0.975000 0.370191
0.975200 0.370995
0.975400 0.371811
0.975600 0.372639
0.975800 0.373478
0.976000 0.374329
0.976200 0.375191
0.976400 0.376064
0.976600 0.376948
0.976800 0.377842
0.977000 0.378748
0.977200 0.379663
0.977400 0.380590
0.977600 0.381526
0.977800 0.382472
0.978000 0.383428
0.978200 0.384394
0.978400 0.385370
0.978600 0.386355
0.978800 0.387349
0.979000 0.388353
0.979200 0.389366
0.979400 0.390388
0.979600 0.391420
0.979800 0.392460
0.980000 0.393509
0.980200 0.394567
0.980400 0.395633
0.980600 0.396708
0.980800 0.397792
0.981000 0.398884
0.981200 0.399984
0.981400 0.401093
0.981600 0.402210
0.981800 0.403334
0.982000 0.404468
0.982200 0.405609
0.982400 0.406758
0.982600 0.407915
0.982800 0.409079
0.983000 0.410252
0.983200 0.411432
0.983400 0.412620
0.983600 0.413816
0.983800 0.415019
0.984000 0.416229
0.984200 0.417447
0.984400 0.418673
0.984600 0.419906
0.984800 0.421146
0.985000 0.422393
0.985200 0.423648
0.985400 0.424910
0.985600 0.426179
0.985800 0.427456
0.986000 0.428739
0.986200 0.430029
0.986400 0.431327
0.986600 0.432631
0.986800 0.433942
0.987000 0.435260
0.987200 0.436586
0.987400 0.437917
0.987600 0.439256
0.987800 0.440602
0.988000 0.441954
0.988200 0.443313
0.988400 0.444678
0.988600 0.446050
0.988800 0.447429
0.989000 0.448815
0.989200 0.450207
0.989400 0.451605
0.989600 0.453010
0.989800 0.454421
0.990000 0.455839
0.990200 0.457264
0.990400 0.458694
0.990600 0.460131
0.990800 0.461574
0.991000 0.463024
0.991200 0.464480
0.991400 0.465942
0.991600 0.467410
0.991800 0.468885
0.992000 0.470366
0.992200 0.471852
0.992400 0.473345
0.992600 0.474844
0.992800 0.476350
0.993000 0.477861
0.993200 0.479378
0.993400 0.480901
0.993600 0.482430
0.993800 0.483965
0.994000 0.485506
0.994200 0.487053
0.994400 0.488606
0.994600 0.490164
0.994800 0.491729
0.995000 0.493299
0.995200 0.494875
0.995400 0.496457
0.995600 0.498044
0.995800 0.499637
0.996000 0.501236
0.996200 0.502841
0.996400 0.504451
0.996600 0.506066
0.996800 0.507688
0.997000 0.509315
0.997200 0.510947
0.997400 0.512585
0.997600 0.514228
0.997800 0.515877
0.998000 0.517532
0.998200 0.519191
0.998400 0.520857
0.998600 0.522527
0.998800 0.524203
0.999000 0.525884
0.999200 0.527571
0.999400 0.529263
0.999600 0.530960
0.999800 0.532662
