0.000000 0.360477
0.000200 0.360558
0.000400 0.360639
0.000600 0.360720
0.000800 0.360803
0.001000 0.360886
0.001200 0.360970
0.001400 0.361055
0.001600 0.361140
0.001800 0.361227
0.002000 0.361314
0.002200 0.361403
0.002400 0.361492
0.002600 0.361583
0.002800 0.361674
0.003000 0.361767
0.003200 0.361861
0.003400 0.361956
0.003600 0.362052
0.003800 0.362150
0.004000 0.362250
0.004200 0.362351
0.004400 0.362453
0.004600 0.362557
0.004800 0.362663
0.005000 0.362771
0.005200 0.362881
0.005400 0.362993
0.005600 0.363107
0.005800 0.363223
0.006000 0.363341
0.006200 0.363463
0.006400 0.363586
0.006600 0.363713
0.006800 0.363843
0.007000 0.363975
0.007200 0.364111
0.007400 0.364251
0.007600 0.364394
0.007800 0.364540
0.008000 0.364691
0.008200 0.364846
0.008400 0.365006
0.008600 0.365170
0.008800 0.365339
0.009000 0.365513
0.009200 0.365693
0.009400 0.365878
0.009600 0.366069
0.009800 0.366267
0.010000 0.366472
0.010200 0.366683
0.010400 0.366902
0.010600 0.367128
0.010800 0.367363
0.011000 0.367606
0.011200 0.367859
0.011400 0.368121
0.011600 0.368392
0.011800 0.368675
0.012000 0.368968
0.012200 0.369273
0.012400 0.369589
0.012600 0.369919
0.012800 0.370262
0.013000 0.370619
0.013200 0.370990
0.013400 0.371377
0.013600 0.371780
0.013800 0.372200
0.014000 0.372638
0.014200 0.373094
0.014400 0.373570
0.014600 0.374066
0.014800 0.374583
0.015000 0.375123
0.015200 0.375686
0.015400 0.376274
0.015600 0.376887
0.015800 0.377527
0.016000 0.378195
0.016200 0.378892
0.016400 0.379620
0.016600 0.380379
0.016800 0.381172
0.017000 0.382000
0.017200 0.382864
0.017400 0.383767
0.017600 0.384708
0.017800 0.385691
0.018000 0.386717
0.018200 0.387788
0.018400 0.388906
0.018600 0.390073
0.018800 0.391290
0.019000 0.392560
0.019200 0.393885
0.019400 0.395268
0.019600 0.396711
0.019800 0.398215
0.020000 0.399784
0.020200 0.401420
0.020400 0.403126
0.020600 0.404904
0.020800 0.406758
0.021000 0.408690
0.021200 0.410703
0.021400 0.412801
0.021600 0.414986
0.021800 0.417262
0.022000 0.419632
0.022200 0.422100
0.022400 0.424668
0.022600 0.427342
0.022800 0.430124
0.023000 0.433019
0.023200 0.436031
0.023400 0.439162
0.023600 0.442419
0.023800 0.445804
0.024000 0.449323
0.024200 0.452980
0.024400 0.456780
0.024600 0.460726
0.024800 0.464825
0.025000 0.469081
0.025200 0.473499
0.025400 0.478085
0.025600 0.482842
0.025800 0.487778
0.026000 0.492898
0.026200 0.498206
0.026400 0.503710
0.026600 0.509414
0.026800 0.515324
0.027000 0.521448
0.027200 0.527790
0.027400 0.534357
0.027600 0.541156
0.027800 0.548194
0.028000 0.555475
0.028200 0.563008
0.028400 0.570799
0.028600 0.578856
0.028800 0.587184
0.029000 0.595791
0.029200 0.604685
0.029400 0.613872
0.029600 0.623359
0.029800 0.633155
0.030000 0.643267
0.030200 0.653702
0.030400 0.664468
0.030600 0.675572
0.030800 0.687023
0.031000 0.698827
0.031200 0.710994
0.031400 0.723530
0.031600 0.736444
0.031800 0.749744
0.032000 0.763437
0.032200 0.777532
0.032400 0.792036
0.032600 0.806958
0.032800 0.822305
0.033000 0.838086
0.033200 0.854308
0.033400 0.870980
0.033600 0.888108
0.033800 0.905702
0.034000 0.923769
0.034200 0.942316
0.034400 0.961351
0.034600 0.980882
0.034800 1.000916
0.035000 1.021460
0.035200 1.042523
0.035400 1.064110
0.035600 1.086229
0.035800 1.108887
0.036000 1.132090
0.036200 1.155846
0.036400 1.180159
0.036600 1.205038
0.036800 1.230486
0.037000 1.256511
0.037200 1.283117
0.037400 1.310311
0.037600 1.338096
0.037800 1.366478
0.038000 1.395461
0.038200 1.425050
0.038400 1.455248
0.038600 1.486059
0.038800 1.517486
0.039000 1.549533
0.039200 1.582201
0.039400 1.615493
0.039600 1.649411
0.039800 1.683957
0.040000 1.719131
0.040200 1.754934
0.040400 1.791367
0.040600 1.828428
0.040800 1.866119
0.041000 1.904437
0.041200 1.943381
0.041400 1.982949
0.041600 2.023139
0.041800 2.063947
0.042000 2.105371
0.042200 2.147406
0.042400 2.190047
0.042600 2.233290
0.042800 2.277129
0.043000 2.321558
0.043200 2.366571
0.043400 2.412159
0.043600 2.458316
0.043800 2.505033
0.044000 2.552301
0.044200 2.600110
0.044400 2.648450
0.044600 2.697311
0.044800 2.746682
0.045000 2.796550
0.045200 2.846903
0.045400 2.897728
0.045600 2.949012
0.045800 3.000739
0.046000 3.052895
0.046200 3.105466
0.046400 3.158434
0.046600 3.211783
0.046800 3.265496
0.047000 3.319555
0.047200 3.373941
0.047400 3.428636
0.047600 3.483621
0.047800 3.538875
0.048000 3.594377
0.048200 3.650107
0.048400 3.706042
0.048600 3.762161
0.048800 3.818441
0.049000 3.874859
0.049200 3.931391
0.049400 3.988013
0.049600 4.044701
0.049800 4.101429
0.050000 4.158172
0.050200 4.214904
0.050400 4.271599
0.050600 4.328231
0.050800 4.384772
0.051000 4.441196
0.051200 4.497475
0.051400 4.553581
0.051600 4.609485
0.051800 4.665160
0.052000 4.720578
0.052200 4.775709
0.052400 4.830524
0.052600 4.884994
0.052800 4.939091
0.053000 4.992785
0.053200 5.046047
0.053400 5.098846
0.053600 5.151155
0.053800 5.202943
0.054000 5.254181
0.054200 5.304840
0.054400 5.354891
0.054600 5.404304
0.054800 5.453051
0.055000 5.501103
0.055200 5.548432
0.055400 5.595008
0.055600 5.640804
0.055800 5.685793
0.056000 5.729946
0.056200 5.773237
0.056400 5.815638
0.056600 5.857124
0.056800 5.897669
0.057000 5.937247
0.057200 5.975833
0.057400 6.013403
0.057600 6.049932
0.057800 6.085398
0.058000 6.119777
0.058200 6.153048
0.058400 6.185188
0.058600 6.216178
0.058800 6.245995
0.059000 6.274622
0.059200 6.302039
0.059400 6.328228
0.059600 6.353172
0.059800 6.376854
0.060000 6.399259
0.060200 6.420371
0.060400 6.440176
0.060600 6.458662
0.060800 6.475816
0.061000 6.491626
0.061200 6.506082
0.061400 6.519174
0.061600 6.530893
0.061800 6.541231
0.062000 6.550182
0.062200 6.557739
0.062400 6.563898
0.062600 6.568654
0.062800 6.572004
0.063000 6.573945
0.063200 6.574478
0.063400 6.573601
0.063600 6.571315
0.063800 6.567622
0.064000 6.562525
0.064200 6.556026
0.064400 6.548131
0.064600 6.538845
0.064800 6.528175
0.065000 6.516128
0.065200 6.502712
0.065400 6.487937
0.065600 6.471812
0.065800 6.454349
0.066000 6.435559
0.066200 6.415456
0.066400 6.394053
0.066600 6.371365
0.066800 6.347406
0.067000 6.322193
0.067200 6.295743
0.067400 6.268074
0.067600 6.239204
0.067800 6.209152
0.068000 6.177938
0.068200 6.145582
0.068400 6.112106
0.068600 6.077533
0.068800 6.041883
0.069000 6.005181
0.069200 5.967449
0.069400 5.928713
0.069600 5.888997
0.069800 5.848325
0.070000 5.806725
0.070200 5.764222
0.070400 5.720842
0.070600 5.676612
0.070800 5.631560
0.071000 5.585713
0.071200 5.539100
0.071400 5.491748
0.071600 5.443686
0.071800 5.394942
0.072000 5.345545
0.072200 5.295525
0.072400 5.244910
0.072600 5.193730
0.072800 5.142014
0.073000 5.089791
0.073200 5.037091
0.073400 4.983944
0.073600 4.930377
0.073800 4.876422
0.074000 4.822106
0.074200 4.767460
0.074400 4.712512
0.074600 4.657291
0.074800 4.601825
0.075000 4.546143
0.075200 4.490274
0.075400 4.434245
0.075600 4.378084
0.075800 4.321818
0.076000 4.265474
0.076200 4.209080
0.076400 4.152660
0.076600 4.096243
0.076800 4.039852
0.077000 3.983514
0.077200 3.927253
0.077400 3.871094
0.077600 3.815059
0.077800 3.759174
0.078000 3.703460
0.078200 3.647940
0.078400 3.592637
0.078600 3.537571
0.078800 3.482763
0.079000 3.428234
0.079200 3.374003
0.079400 3.320090
0.079600 3.266514
0.079800 3.213292
0.080000 3.160442
0.080200 3.107981
0.080400 3.055925
0.080600 3.004290
0.080800 2.953092
0.081000 2.902344
0.081200 2.852062
0.081400 2.802257
0.081600 2.752943
0.081800 2.704133
0.082000 2.655837
0.082200 2.608067
0.082400 2.560833
0.082600 2.514146
0.082800 2.468013
0.083000 2.422444
0.083200 2.377448
0.083400 2.333031
0.083600 2.289200
0.083800 2.245962
0.084000 2.203323
0.084200 2.161288
0.084400 2.119862
0.084600 2.079049
0.084800 2.038852
0.085000 1.999276
0.085200 1.960322
0.085400 1.921994
0.085600 1.884292
0.085800 1.847219
0.086000 1.810774
0.086200 1.774959
0.086400 1.739773
0.086600 1.705216
0.086800 1.671286
0.087000 1.637984
0.087200 1.605306
0.087400 1.573251
0.087600 1.541817
0.087800 1.511001
0.088000 1.480799
0.088200 1.451209
0.088400 1.422226
0.088600 1.393846
0.088800 1.366066
0.089000 1.338880
0.089200 1.312283
0.089400 1.286271
0.089600 1.260838
0.089800 1.235979
0.090000 1.211687
0.090200 1.187956
0.090400 1.164781
0.090600 1.142155
0.090800 1.120070
0.091000 1.098522
0.091200 1.077502
0.091400 1.057003
0.091600 1.037019
0.091800 1.017541
0.092000 0.998563
0.092200 0.980078
0.092400 0.962076
0.092600 0.944552
0.092800 0.927497
0.093000 0.910903
0.093200 0.894762
0.093400 0.879067
0.093600 0.863809
0.093800 0.848981
0.094000 0.834575
0.094200 0.820582
0.094400 0.806995
0.094600 0.793806
0.094800 0.781006
0.095000 0.768588
0.095200 0.756544
0.095400 0.744866
0.095600 0.733546
0.095800 0.722577
0.096000 0.711950
0.096200 0.701658
0.096400 0.691692
0.096600 0.682047
0.096800 0.672714
0.097000 0.663685
0.097200 0.654953
0.097400 0.646512
0.097600 0.638353
0.097800 0.630470
0.098000 0.622855
0.098200 0.615502
0.098400 0.608404
0.098600 0.601554
0.098800 0.594945
0.099000 0.588571
0.099200 0.582426
0.099400 0.576503
0.099600 0.570796
0.099800 0.565298
0.100000 0.560004
0.100200 0.554908
0.100400 0.550004
0.100600 0.545286
0.100800 0.540749
0.101000 0.536388
0.101200 0.532196
0.101400 0.528170
0.101600 0.524302
0.101800 0.520590
0.102000 0.517027
0.102200 0.513609
0.102400 0.510331
0.102600 0.507189
0.102800 0.504178
0.103000 0.501295
0.103200 0.498533
0.103400 0.495891
0.103600 0.493362
0.103800 0.490945
0.104000 0.488634
0.104200 0.486426
0.104400 0.484317
0.104600 0.482304
0.104800 0.480384
0.105000 0.478553
0.105200 0.476808
0.105400 0.475145
0.105600 0.473562
0.105800 0.472056
0.106000 0.470624
0.106200 0.469263
0.106400 0.467970
0.106600 0.466744
0.106800 0.465580
0.107000 0.464477
0.107200 0.463433
0.107400 0.462445
0.107600 0.461511
0.107800 0.460628
0.108000 0.459796
0.108200 0.459011
0.108400 0.458272
0.108600 0.457577
0.108800 0.456923
0.109000 0.456311
0.109200 0.455737
0.109400 0.455200
0.109600 0.454698
0.109800 0.454231
0.110000 0.453796
0.110200 0.453392
0.110400 0.453018
0.110600 0.452673
0.110800 0.452355
0.111000 0.452063
0.111200 0.451796
0.111400 0.451553
0.111600 0.451332
0.111800 0.451133
0.112000 0.450955
0.112200 0.450797
0.112400 0.450658
0.112600 0.450537
0.112800 0.450433
0.113000 0.450345
0.113200 0.450273
0.113400 0.450216
0.113600 0.450174
0.113800 0.450144
0.114000 0.450128
0.114200 0.450124
0.114400 0.450132
0.114600 0.450151
0.114800 0.450180
0.115000 0.450220
0.115200 0.450269
0.115400 0.450327
0.115600 0.450394
0.115800 0.450470
0.116000 0.450553
0.116200 0.450643
0.116400 0.450741
0.116600 0.450845
0.116800 0.450956
0.117000 0.451073
0.117200 0.451195
0.117400 0.451323
0.117600 0.451457
0.117800 0.451595
0.118000 0.451738
0.118200 0.451885
0.118400 0.452036
0.118600 0.452192
0.118800 0.452351
0.119000 0.452514
0.119200 0.452680
0.119400 0.452849
0.119600 0.453022
0.119800 0.453197
0.120000 0.453375
0.120200 0.453556
0.120400 0.453739
0.120600 0.453924
0.120800 0.454112
0.121000 0.454302
0.121200 0.454493
0.121400 0.454687
0.121600 0.454882
0.121800 0.455079
0.122000 0.455278
0.122200 0.455478
0.122400 0.455680
0.122600 0.455883
0.122800 0.456087
0.123000 0.456292
0.123200 0.456499
0.123400 0.456707
0.123600 0.456915
0.123800 0.457125
0.124000 0.457336
0.124200 0.457547
0.124400 0.457760
0.124600 0.457973
0.124800 0.458187
0.125000 0.458401
0.125200 0.458617
0.125400 0.458833
0.125600 0.459049
0.125800 0.459266
0.126000 0.459484
0.126200 0.459702
0.126400 0.459921
0.126600 0.460140
0.126800 0.460360
0.127000 0.460580
0.127200 0.460801
0.127400 0.461022
0.127600 0.461244
0.127800 0.461465
0.128000 0.461688
0.128200 0.461910
0.128400 0.462133
0.128600 0.462356
0.128800 0.462580
0.129000 0.462803
0.129200 0.463027
0.129400 0.463252
0.129600 0.463476
0.129800 0.463701
0.130000 0.463926
0.130200 0.464152
0.130400 0.464377
0.130600 0.464603
0.130800 0.464829
0.131000 0.465055
0.131200 0.465282
0.131400 0.465508
0.131600 0.465735
0.131800 0.465962
0.132000 0.466190
0.132200 0.466417
0.132400 0.466645
0.132600 0.466873
0.132800 0.467101
0.133000 0.467329
0.133200 0.467557
0.133400 0.467786
0.133600 0.468014
0.133800 0.468243
0.134000 0.468472
0.134200 0.468701
0.134400 0.468931
0.134600 0.469160
0.134800 0.469390
0.135000 0.469620
0.135200 0.469850
0.135400 0.470080
0.135600 0.470310
0.135800 0.470540
0.136000 0.470771
0.136200 0.471001
0.136400 0.471232
0.136600 0.471463
0.136800 0.471694
0.137000 0.471925
0.137200 0.472157
0.137400 0.472388
0.137600 0.472620
0.137800 0.472852
0.138000 0.473084
0.138200 0.473316
0.138400 0.473548
0.138600 0.473780
0.138800 0.474013
0.139000 0.474245
0.139200 0.474478
0.139400 0.474711
0.139600 0.474944
0.139800 0.475177
0.140000 0.475410
0.140200 0.475643
0.140400 0.475877
0.140600 0.476110
0.140800 0.476344
0.141000 0.476578
0.141200 0.476812
0.141400 0.477046
0.141600 0.477280
0.141800 0.477515
0.142000 0.477749
0.142200 0.477984
0.142400 0.478218
0.142600 0.478453
0.142800 0.478688
0.143000 0.478923
0.143200 0.479158
0.143400 0.479394
0.143600 0.479629
0.143800 0.479865
0.144000 0.480100
0.144200 0.480336
0.144400 0.480572
0.144600 0.480808
0.144800 0.481044
0.145000 0.481281
0.145200 0.481517
0.145400 0.481753
0.145600 0.481990
0.145800 0.482227
0.146000 0.482464
0.146200 0.482701
0.146400 0.482938
0.146600 0.483175
0.146800 0.483412
0.147000 0.483650
0.147200 0.483887
0.147400 0.484125
0.147600 0.484363
0.147800 0.484600
0.148000 0.484838
0.148200 0.485076
0.148400 0.485315
0.148600 0.485553
0.148800 0.485791
0.149000 0.486030
0.149200 0.486269
0.149400 0.486507
0.149600 0.486746
0.149800 0.486985
0.150000 0.487224
0.150200 0.487463
0.150400 0.487703
0.150600 0.487942
0.150800 0.488181
0.151000 0.488421
0.151200 0.488661
0.151400 0.488901
0.151600 0.489140
0.151800 0.489380
0.152000 0.489621
0.152200 0.489861
0.152400 0.490101
0.152600 0.490342
0.152800 0.490582
0.153000 0.490823
0.153200 0.491063
0.153400 0.491304
0.153600 0.491545
0.153800 0.491786
0.154000 0.492027
0.154200 0.492269
0.154400 0.492510
0.154600 0.492751
0.154800 0.492993
0.155000 0.493235
0.155200 0.493476
0.155400 0.493718
0.155600 0.493960
0.155800 0.494202
0.156000 0.494444
0.156200 0.494686
0.156400 0.494929
0.156600 0.495171
0.156800 0.495414
0.157000 0.495656
0.157200 0.495899
0.157400 0.496142
0.157600 0.496385
0.157800 0.496628
0.158000 0.496871
0.158200 0.497114
0.158400 0.497357
0.158600 0.497600
0.158800 0.497844
0.159000 0.498087
0.159200 0.498331
0.159400 0.498575
0.159600 0.498818
0.159800 0.499062
0.160000 0.499306
0.160200 0.499550
0.160400 0.499794
0.160600 0.500039
0.160800 0.500283
0.161000 0.500527
0.161200 0.500772
0.161400 0.501016
0.161600 0.501261
0.161800 0.501506
0.162000 0.501751
0.162200 0.501996
0.162400 0.502241
0.162600 0.502486
0.162800 0.502731
0.163000 0.502976
0.163200 0.503221
0.163400 0.503467
0.163600 0.503712
0.163800 0.503958
0.164000 0.504204
0.164200 0.504449
0.164400 0.504695
0.164600 0.504941
0.164800 0.505187
0.165000 0.505433
0.165200 0.505679
0.165400 0.505925
0.165600 0.506172
0.165800 0.506418
0.166000 0.506665
0.166200 0.506911
0.166400 0.507158
0.166600 0.507404
0.166800 0.507651
0.167000 0.507898
0.167200 0.508145
0.167400 0.508392
0.167600 0.508639
0.167800 0.508886
0.168000 0.509133
0.168200 0.509381
0.168400 0.509628
0.168600 0.509875
0.168800 0.510123
0.169000 0.510370
0.169200 0.510618
0.169400 0.510866
0.169600 0.511114
0.169800 0.511361
0.170000 0.511609
0.170200 0.511857
0.170400 0.512105
0.170600 0.512354
0.170800 0.512602
0.171000 0.512850
0.171200 0.513098
0.171400 0.513347
0.171600 0.513595
0.171800 0.513844
0.172000 0.514092
0.172200 0.514341
0.172400 0.514590
0.172600 0.514838
0.172800 0.515087
0.173000 0.515336
0.173200 0.515585
0.173400 0.515834
0.173600 0.516083
0.173800 0.516333
0.174000 0.516582
0.174200 0.516831
0.174400 0.517080
0.174600 0.517330
0.174800 0.517579
0.175000 0.517829
0.175200 0.518078
0.175400 0.518328
0.175600 0.518578
0.175800 0.518828
0.176000 0.519077
0.176200 0.519327
0.176400 0.519577
0.176600 0.519827
0.176800 0.520077
0.177000 0.520327
0.177200 0.520578
0.177400 0.520828
0.177600 0.521078
0.177800 0.521328
0.178000 0.521579
0.178200 0.521829
0.178400 0.522080
0.178600 0.522330
0.178800 0.522581
0.179000 0.522832
0.179200 0.523082
0.179400 0.523333
0.179600 0.523584
0.179800 0.523835
0.180000 0.524086
0.180200 0.524337
0.180400 0.524588
0.180600 0.524839
0.180800 0.525090
0.181000 0.525341
0.181200 0.525592
0.181400 0.525843
0.181600 0.526095
0.181800 0.526346
0.182000 0.526597
0.182200 0.526849
0.182400 0.527100
0.182600 0.527352
0.182800 0.527603
0.183000 0.527855
0.183200 0.528107
0.183400 0.528358
0.183600 0.528610
0.183800 0.528862
0.184000 0.529114
0.184200 0.529366
0.184400 0.529618
0.184600 0.529870
0.184800 0.530122
0.185000 0.530374
0.185200 0.530626
0.185400 0.530878
0.185600 0.531130
0.185800 0.531382
0.186000 0.531634
0.186200 0.531887
0.186400 0.532139
0.186600 0.532391
0.186800 0.532644
0.187000 0.532896
0.187200 0.533149
0.187400 0.533401
0.187600 0.533654
0.187800 0.533906
0.188000 0.534159
0.188200 0.534411
0.188400 0.534664
0.188600 0.534917
0.188800 0.535170
0.189000 0.535422
0.189200 0.535675
0.189400 0.535928
0.189600 0.536181
0.189800 0.536434
0.190000 0.536687
0.190200 0.536940
0.190400 0.537193
0.190600 0.537446
0.190800 0.537699
0.191000 0.537952
0.191200 0.538205
0.191400 0.538458
0.191600 0.538711
0.191800 0.538964
0.192000 0.539217
0.192200 0.539471
0.192400 0.539724
0.192600 0.539977
0.192800 0.540231
0.193000 0.540484
0.193200 0.540737
0.193400 0.540991
0.193600 0.541244
0.193800 0.541497
0.194000 0.541751
0.194200 0.542004
0.194400 0.542258
0.194600 0.542511
0.194800 0.542765
0.195000 0.543018
0.195200 0.543272
0.195400 0.543526
0.195600 0.543779
0.195800 0.544033
0.196000 0.544287
0.196200 0.544540
0.196400 0.544794
0.196600 0.545048
0.196800 0.545301
0.197000 0.545555
0.197200 0.545809
0.197400 0.546063
0.197600 0.546316
0.197800 0.546570
0.198000 0.546824
0.198200 0.547078
0.198400 0.547332
0.198600 0.547585
0.198800 0.547839
0.199000 0.548093
0.199200 0.548347
0.199400 0.548601
0.199600 0.548855
0.199800 0.549109
0.200000 0.549363
0.200200 0.549617
0.200400 0.549871
0.200600 0.550125
0.200800 0.550379
0.201000 0.550633
0.201200 0.550887
0.201400 0.551141
0.201600 0.551395
0.201800 0.551649
0.202000 0.551903
0.202200 0.552157
0.202400 0.552411
0.202600 0.552665
0.202800 0.552919
0.203000 0.553173
0.203200 0.553427
0.203400 0.553681
0.203600 0.553935
0.203800 0.554189
0.204000 0.554443
0.204200 0.554697
0.204400 0.554951
0.204600 0.555205
0.204800 0.555460
0.205000 0.555714
0.205200 0.555968
0.205400 0.556222
0.205600 0.556476
0.205800 0.556730
0.206000 0.556984
0.206200 0.557238
0.206400 0.557492
0.206600 0.557746
0.206800 0.558000
0.207000 0.558254
0.207200 0.558508
0.207400 0.558762
0.207600 0.559016
0.207800 0.559270
0.208000 0.559524
0.208200 0.559778
0.208400 0.560033
0.208600 0.560287
0.208800 0.560541
0.209000 0.560795
0.209200 0.561049
0.209400 0.561303
0.209600 0.561556
0.209800 0.561810
0.210000 0.562064
0.210200 0.562318
0.210400 0.562572
0.210600 0.562826
0.210800 0.563080
0.211000 0.563334
0.211200 0.563588
0.211400 0.563842
0.211600 0.564096
0.211800 0.564350
0.212000 0.564603
0.212200 0.564857
0.212400 0.565111
0.212600 0.565365
0.212800 0.565619
0.213000 0.565872
0.213200 0.566126
0.213400 0.566380
0.213600 0.566634
0.213800 0.566887
0.214000 0.567141
0.214200 0.567395
0.214400 0.567648
0.214600 0.567902
0.214800 0.568155
0.215000 0.568409
0.215200 0.568663
0.215400 0.568916
0.215600 0.569170
0.215800 0.569423
0.216000 0.569677
0.216200 0.569930
0.216400 0.570184
0.216600 0.570437
0.216800 0.570690
0.217000 0.570944
0.217200 0.571197
0.217400 0.571450
0.217600 0.571704
0.217800 0.571957
0.218000 0.572210
0.218200 0.572463
0.218400 0.572717
0.218600 0.572970
0.218800 0.573223
0.219000 0.573476
0.219200 0.573729
0.219400 0.573982
0.219600 0.574235
0.219800 0.574488
0.220000 0.574741
0.220200 0.574994
0.220400 0.575247
0.220600 0.575500
0.220800 0.575753
0.221000 0.576005
0.221200 0.576258
0.221400 0.576511
0.221600 0.576764
0.221800 0.577016
0.222000 0.577269
0.222200 0.577522
0.222400 0.577774
0.222600 0.578027
0.222800 0.578279
0.223000 0.578532
0.223200 0.578784
0.223400 0.579037
0.223600 0.579289
0.223800 0.579541
0.224000 0.579794
0.224200 0.580046
0.224400 0.580298
0.224600 0.580550
0.224800 0.580802
0.225000 0.581054
0.225200 0.581306
0.225400 0.581558
0.225600 0.581810
0.225800 0.582062
0.226000 0.582314
0.226200 0.582566
0.226400 0.582818
0.226600 0.583070
0.226800 0.583321
0.227000 0.583573
0.227200 0.583825
0.227400 0.584076
0.227600 0.584328
0.227800 0.584579
0.228000 0.584831
0.228200 0.585082
0.228400 0.585334
0.228600 0.585585
0.228800 0.585836
0.229000 0.586087
0.229200 0.586338
0.229400 0.586590
0.229600 0.586841
0.229800 0.587092
0.230000 0.587343
0.230200 0.587594
0.230400 0.587844
0.230600 0.588095
0.230800 0.588346
0.231000 0.588597
0.231200 0.588847
0.231400 0.589098
0.231600 0.589349
0.231800 0.589599
0.232000 0.589850
0.232200 0.590100
0.232400 0.590350
0.232600 0.590601
0.232800 0.590851
0.233000 0.591101
0.233200 0.591351
0.233400 0.591601
0.233600 0.591851
0.233800 0.592101
0.234000 0.592351
0.234200 0.592601
0.234400 0.592851
0.234600 0.593100
0.234800 0.593350
0.235000 0.593599
0.235200 0.593849
0.235400 0.594098
0.235600 0.594348
0.235800 0.594597
0.236000 0.594847
0.236200 0.595096
0.236400 0.595345
0.236600 0.595594
0.236800 0.595843
0.237000 0.596092
0.237200 0.596341
0.237400 0.596590
0.237600 0.596839
0.237800 0.597087
0.238000 0.597336
0.238200 0.597585
0.238400 0.597833
0.238600 0.598081
0.238800 0.598330
0.239000 0.598578
0.239200 0.598826
0.239400 0.599075
0.239600 0.599323
0.239800 0.599571
0.240000 0.599819
0.240200 0.600067
0.240400 0.600314
0.240600 0.600562
0.240800 0.600810
0.241000 0.601057
0.241200 0.601305
0.241400 0.601552
0.241600 0.601800
0.241800 0.602047
0.242000 0.602294
0.242200 0.602542
0.242400 0.602789
0.242600 0.603036
0.242800 0.603283
0.243000 0.603530
0.243200 0.603776
0.243400 0.604023
0.243600 0.604270
0.243800 0.604516
0.244000 0.604763
0.244200 0.605009
0.244400 0.605256
0.244600 0.605502
0.244800 0.605748
0.245000 0.605994
0.245200 0.606240
0.245400 0.606486
0.245600 0.606732
0.245800 0.606978
0.246000 0.607223
0.246200 0.607469
0.246400 0.607714
0.246600 0.607960
0.246800 0.608205
0.247000 0.608450
0.247200 0.608696
0.247400 0.608941
0.247600 0.609186
0.247800 0.609431
0.248000 0.609676
0.248200 0.609920
0.248400 0.610165
0.248600 0.610410
0.248800 0.610654
0.249000 0.610899
0.249200 0.611143
0.249400 0.611387
0.249600 0.611631
0.249800 0.611875
0.250000 0.612119
0.250200 0.612363
0.250400 0.612607
0.250600 0.612851
0.250800 0.613094
0.251000 0.613338
0.251200 0.613581
0.251400 0.613825
0.251600 0.614068
0.251800 0.614311
0.252000 0.614554
0.252200 0.614797
0.252400 0.615040
0.252600 0.615283
0.252800 0.615525
0.253000 0.615768
0.253200 0.616010
0.253400 0.616253
0.253600 0.616495
0.253800 0.616737
0.254000 0.616979
0.254200 0.617221
0.254400 0.617463
0.254600 0.617705
0.254800 0.617947
0.255000 0.618188
0.255200 0.618430
0.255400 0.618671
0.255600 0.618913
0.255800 0.619154
0.256000 0.619395
0.256200 0.619636
0.256400 0.619877
0.256600 0.620117
0.256800 0.620358
0.257000 0.620599
0.257200 0.620839
0.257400 0.621080
0.257600 0.621320
0.257800 0.621560
0.258000 0.621800
0.258200 0.622040
0.258400 0.622280
0.258600 0.622520
0.258800 0.622759
0.259000 0.622999
0.259200 0.623238
0.259400 0.623478
0.259600 0.623717
0.259800 0.623956
0.260000 0.624195
0.260200 0.624434
0.260400 0.624673
0.260600 0.624911
0.260800 0.625150
0.261000 0.625388
0.261200 0.625627
0.261400 0.625865
0.261600 0.626103
0.261800 0.626341
0.262000 0.626579
0.262200 0.626816
0.262400 0.627054
0.262600 0.627292
0.262800 0.627529
0.263000 0.627766
0.263200 0.628004
0.263400 0.628241
0.263600 0.628478
0.263800 0.628714
0.264000 0.628951
0.264200 0.629188
0.264400 0.629424
0.264600 0.629661
0.264800 0.629897
0.265000 0.630133
0.265200 0.630369
0.265400 0.630605
0.265600 0.630841
0.265800 0.631076
0.266000 0.631312
0.266200 0.631547
0.266400 0.631783
0.266600 0.632018
0.266800 0.632253
0.267000 0.632488
0.267200 0.632723
0.267400 0.632957
0.267600 0.633192
0.267800 0.633426
0.268000 0.633661
0.268200 0.633895
0.268400 0.634129
0.268600 0.634363
0.268800 0.634597
0.269000 0.634830
0.269200 0.635064
0.269400 0.635297
0.269600 0.635531
0.269800 0.635764
0.270000 0.635997
0.270200 0.636230
0.270400 0.636462
0.270600 0.636695
0.270800 0.636928
0.271000 0.637160
0.271200 0.637392
0.271400 0.637624
0.271600 0.637856
0.271800 0.638088
0.272000 0.638320
0.272200 0.638552
0.272400 0.638783
0.272600 0.639014
0.272800 0.639246
0.273000 0.639477
0.273200 0.639708
0.273400 0.639938
0.273600 0.640169
0.273800 0.640400
0.274000 0.640630
0.274200 0.640860
0.274400 0.641090
0.274600 0.641320
0.274800 0.641550
0.275000 0.641780
0.275200 0.642010
0.275400 0.642239
0.275600 0.642468
0.275800 0.642697
0.276000 0.642926
0.276200 0.643155
0.276400 0.643384
0.276600 0.643613
0.276800 0.643841
0.277000 0.644069
0.277200 0.644298
0.277400 0.644526
0.277600 0.644754
0.277800 0.644981
0.278000 0.645209
0.278200 0.645436
0.278400 0.645664
0.278600 0.645891
0.278800 0.646118
0.279000 0.646345
0.279200 0.646571
0.279400 0.646798
0.279600 0.647024
0.279800 0.647251
0.280000 0.647477
0.280200 0.647703
0.280400 0.647929
0.280600 0.648154
0.280800 0.648380
0.281000 0.648605
0.281200 0.648831
0.281400 0.649056
0.281600 0.649281
0.281800 0.649506
0.282000 0.649730
0.282200 0.649955
0.282400 0.650179
0.282600 0.650403
0.282800 0.650627
0.283000 0.650851
0.283200 0.651075
0.283400 0.651299
0.283600 0.651522
0.283800 0.651745
0.284000 0.651968
0.284200 0.652191
0.284400 0.652414
0.284600 0.652637
0.284800 0.652859
0.285000 0.653082
0.285200 0.653304
0.285400 0.653526
0.285600 0.653748
0.285800 0.653970
0.286000 0.654191
0.286200 0.654412
0.286400 0.654634
0.286600 0.654855
0.286800 0.655076
0.287000 0.655297
0.287200 0.655517
0.287400 0.655738
0.287600 0.655958
0.287800 0.656178
0.288000 0.656398
0.288200 0.656618
0.288400 0.656837
0.288600 0.657057
0.288800 0.657276
0.289000 0.657495
0.289200 0.657714
0.289400 0.657933
0.289600 0.658152
0.289800 0.658370
0.290000 0.658589
0.290200 0.658807
0.290400 0.659025
0.290600 0.659243
0.290800 0.659460
0.291000 0.659678
0.291200 0.659895
0.291400 0.660112
0.291600 0.660329
0.291800 0.660546
0.292000 0.660763
0.292200 0.660979
0.292400 0.661195
0.292600 0.661412
0.292800 0.661628
0.293000 0.661843
0.293200 0.662059
0.293400 0.662275
0.293600 0.662490
0.293800 0.662705
0.294000 0.662920
0.294200 0.663135
0.294400 0.663349
0.294600 0.663564
0.294800 0.663778
0.295000 0.663992
0.295200 0.664206
0.295400 0.664420
0.295600 0.664633
0.295800 0.664847
0.296000 0.665060
0.296200 0.665273
0.296400 0.665486
0.296600 0.665698
0.296800 0.665911
0.297000 0.666123
0.297200 0.666335
0.297400 0.666547
0.297600 0.666759
0.297800 0.666971
0.298000 0.667182
0.298200 0.667393
0.298400 0.667604
0.298600 0.667815
0.298800 0.668026
0.299000 0.668236
0.299200 0.668447
0.299400 0.668657
0.299600 0.668867
0.299800 0.669077
0.300000 0.669286
0.300200 0.669496
0.300400 0.669705
0.300600 0.669914
0.300800 0.670123
0.301000 0.670332
0.301200 0.670540
0.301400 0.670749
0.301600 0.670957
0.301800 0.671165
0.302000 0.671372
0.302200 0.671580
0.302400 0.671787
0.302600 0.671995
0.302800 0.672202
0.303000 0.672408
0.303200 0.672615
0.303400 0.672821
0.303600 0.673028
0.303800 0.673234
0.304000 0.673440
0.304200 0.673645
0.304400 0.673851
0.304600 0.674056
0.304800 0.674261
0.305000 0.674466
0.305200 0.674671
0.305400 0.674876
0.305600 0.675080
0.305800 0.675284
0.306000 0.675488
0.306200 0.675692
0.306400 0.675895
0.306600 0.676099
0.306800 0.676302
0.307000 0.676505
0.307200 0.676708
0.307400 0.676910
0.307600 0.677113
0.307800 0.677315
0.308000 0.677517
0.308200 0.677719
0.308400 0.677920
0.308600 0.678122
0.308800 0.678323
0.309000 0.678524
0.309200 0.678725
0.309400 0.678926
0.309600 0.679126
0.309800 0.679326
0.310000 0.679526
0.310200 0.679726
0.310400 0.679926
0.310600 0.680125
0.310800 0.680324
0.311000 0.680523
0.311200 0.680722
0.311400 0.680921
0.311600 0.681119
0.311800 0.681318
0.312000 0.681516
0.312200 0.681713
0.312400 0.681911
0.312600 0.682108
0.312800 0.682306
0.313000 0.682503
0.313200 0.682699
0.313400 0.682896
0.313600 0.683092
0.313800 0.683289
0.314000 0.683485
0.314200 0.683680
0.314400 0.683876
0.314600 0.684071
0.314800 0.684266
0.315000 0.684461
0.315200 0.684656
0.315400 0.684851
0.315600 0.685045
0.315800 0.685239
0.316000 0.685433
0.316200 0.685627
0.316400 0.685820
0.316600 0.686013
0.316800 0.686206
0.317000 0.686399
0.317200 0.686592
0.317400 0.686784
0.317600 0.686976
0.317800 0.687168
0.318000 0.687360
0.318200 0.687552
0.318400 0.687743
0.318600 0.687934
0.318800 0.688125
0.319000 0.688316
0.319200 0.688506
0.319400 0.688697
0.319600 0.688887
0.319800 0.689077
0.320000 0.689266
0.320200 0.689456
0.320400 0.689645
0.320600 0.689834
0.320800 0.690023
0.321000 0.690211
0.321200 0.690399
0.321400 0.690588
0.321600 0.690776
0.321800 0.690963
0.322000 0.691151
0.322200 0.691338
0.322400 0.691525
0.322600 0.691712
0.322800 0.691898
0.323000 0.692085
0.323200 0.692271
0.323400 0.692457
0.323600 0.692642
0.323800 0.692828
0.324000 0.693013
0.324200 0.693198
0.324400 0.693383
0.324600 0.693568
0.324800 0.693752
0.325000 0.693936
0.325200 0.694120
0.325400 0.694304
0.325600 0.694487
0.325800 0.694670
0.326000 0.694853
0.326200 0.695036
0.326400 0.695219
0.326600 0.695401
0.326800 0.695583
0.327000 0.695765
0.327200 0.695947
0.327400 0.696128
0.327600 0.696309
0.327800 0.696490
0.328000 0.696671
0.328200 0.696852
0.328400 0.697032
0.328600 0.697212
0.328800 0.697392
0.329000 0.697571
0.329200 0.697751
0.329400 0.697930
0.329600 0.698109
0.329800 0.698287
0.330000 0.698466
0.330200 0.698644
0.330400 0.698822
0.330600 0.699000
0.330800 0.699177
0.331000 0.699355
0.331200 0.699532
0.331400 0.699709
0.331600 0.699885
0.331800 0.700061
0.332000 0.700238
0.332200 0.700413
0.332400 0.700589
0.332600 0.700765
0.332800 0.700940
0.333000 0.701115
0.333200 0.701289
0.333400 0.701464
0.333600 0.701638
0.333800 0.701812
0.334000 0.701986
0.334200 0.702159
0.334400 0.702333
0.334600 0.702506
0.334800 0.702678
0.335000 0.702851
0.335200 0.703023
0.335400 0.703195
0.335600 0.703367
0.335800 0.703539
0.336000 0.703710
0.336200 0.703881
0.336400 0.704052
0.336600 0.704223
0.336800 0.704393
0.337000 0.704564
0.337200 0.704734
0.337400 0.704903
0.337600 0.705073
0.337800 0.705242
0.338000 0.705411
0.338200 0.705580
0.338400 0.705748
0.338600 0.705916
0.338800 0.706084
0.339000 0.706252
0.339200 0.706420
0.339400 0.706587
0.339600 0.706754
0.339800 0.706921
0.340000 0.707087
0.340200 0.707253
0.340400 0.707419
0.340600 0.707585
0.340800 0.707751
0.341000 0.707916
0.341200 0.708081
0.341400 0.708246
0.341600 0.708410
0.341800 0.708575
0.342000 0.708739
0.342200 0.708902
0.342400 0.709066
0.342600 0.709229
0.342800 0.709392
0.343000 0.709555
0.343200 0.709718
0.343400 0.709880
0.343600 0.710042
0.343800 0.710204
0.344000 0.710365
0.344200 0.710527
0.344400 0.710688
0.344600 0.710849
0.344800 0.711009
0.345000 0.711169
0.345200 0.711329
0.345400 0.711489
0.345600 0.711649
0.345800 0.711808
0.346000 0.711967
0.346200 0.712126
0.346400 0.712284
0.346600 0.712443
0.346800 0.712601
0.347000 0.712758
0.347200 0.712916
0.347400 0.713073
0.347600 0.713230
0.347800 0.713387
0.348000 0.713543
0.348200 0.713700
0.348400 0.713856
0.348600 0.714011
0.348800 0.714167
0.349000 0.714322
0.349200 0.714477
0.349400 0.714631
0.349600 0.714786
0.349800 0.714940
0.350000 0.715094
0.350200 0.715248
0.350400 0.715401
0.350600 0.715554
0.350800 0.715707
0.351000 0.715860
0.351200 0.716012
0.351400 0.716164
0.351600 0.716316
0.351800 0.716467
0.352000 0.716619
0.352200 0.716770
0.352400 0.716920
0.352600 0.717071
0.352800 0.717221
0.353000 0.717371
0.353200 0.717521
0.353400 0.717670
0.353600 0.717820
0.353800 0.717968
0.354000 0.718117
0.354200 0.718266
0.354400 0.718414
0.354600 0.718562
0.354800 0.718709
0.355000 0.718857
0.355200 0.719004
0.355400 0.719150
0.355600 0.719297
0.355800 0.719443
0.356000 0.719589
0.356200 0.719735
0.356400 0.719880
0.356600 0.720026
0.356800 0.720171
0.357000 0.720315
0.357200 0.720460
0.357400 0.720604
0.357600 0.720748
0.357800 0.720891
0.358000 0.721035
0.358200 0.721178
0.358400 0.721321
0.358600 0.721463
0.358800 0.721605
0.359000 0.721747
0.359200 0.721889
0.359400 0.722030
0.359600 0.722172
0.359800 0.722313
0.360000 0.722453
0.360200 0.722594
0.360400 0.722734
0.360600 0.722873
0.360800 0.723013
0.361000 0.723152
0.361200 0.723291
0.361400 0.723430
0.361600 0.723568
0.361800 0.723707
0.362000 0.723845
0.362200 0.723982
0.362400 0.724120
0.362600 0.724257
0.362800 0.724393
0.363000 0.724530
0.363200 0.724666
0.363400 0.724802
0.363600 0.724938
0.363800 0.725073
0.364000 0.725209
0.364200 0.725343
0.364400 0.725478
0.364600 0.725612
0.364800 0.725746
0.365000 0.725880
0.365200 0.726014
0.365400 0.726147
0.365600 0.726280
0.365800 0.726413
0.366000 0.726545
0.366200 0.726677
0.366400 0.726809
0.366600 0.726940
0.366800 0.727072
0.367000 0.727203
0.367200 0.727333
0.367400 0.727464
0.367600 0.727594
0.367800 0.727724
0.368000 0.727853
0.368200 0.727983
0.368400 0.728112
0.368600 0.728241
0.368800 0.728369
0.369000 0.728497
0.369200 0.728625
0.369400 0.728753
0.369600 0.728880
0.369800 0.729007
0.370000 0.729134
0.370200 0.729260
0.370400 0.729387
0.370600 0.729513
0.370800 0.729638
0.371000 0.729764
0.371200 0.729889
0.371400 0.730013
0.371600 0.730138
0.371800 0.730262
0.372000 0.730386
0.372200 0.730510
0.372400 0.730633
0.372600 0.730756
0.372800 0.730879
0.373000 0.731002
0.373200 0.731124
0.373400 0.731246
0.373600 0.731367
0.373800 0.731489
0.374000 0.731610
0.374200 0.731731
0.374400 0.731851
0.374600 0.731971
0.374800 0.732091
0.375000 0.732211
0.375200 0.732330
0.375400 0.732449
0.375600 0.732568
0.375800 0.732687
0.376000 0.732805
0.376200 0.732923
0.376400 0.733041
0.376600 0.733158
0.376800 0.733275
0.377000 0.733392
0.377200 0.733508
0.377400 0.733624
0.377600 0.733740
0.377800 0.733856
0.378000 0.733971
0.378200 0.734086
0.378400 0.734201
0.378600 0.734315
0.378800 0.734430
0.379000 0.734543
0.379200 0.734657
0.379400 0.734770
0.379600 0.734883
0.379800 0.734996
0.380000 0.735108
0.380200 0.735220
0.380400 0.735332
0.380600 0.735444
0.380800 0.735555
0.381000 0.735666
0.381200 0.735777
0.381400 0.735887
0.381600 0.735997
0.381800 0.736107
0.382000 0.736216
0.382200 0.736325
0.382400 0.736434
0.382600 0.736543
0.382800 0.736651
0.383000 0.736759
0.383200 0.736867
0.383400 0.736974
0.383600 0.737081
0.383800 0.737188
0.384000 0.737294
0.384200 0.737401
0.384400 0.737507
0.384600 0.737612
0.384800 0.737718
0.385000 0.737823
0.385200 0.737927
0.385400 0.738032
0.385600 0.738136
0.385800 0.738240
0.386000 0.738343
0.386200 0.738446
0.386400 0.738549
0.386600 0.738652
0.386800 0.738754
0.387000 0.738856
0.387200 0.738958
0.387400 0.739060
0.387600 0.739161
0.387800 0.739262
0.388000 0.739362
0.388200 0.739462
0.388400 0.739562
0.388600 0.739662
0.388800 0.739761
0.389000 0.739860
0.389200 0.739959
0.389400 0.740058
0.389600 0.740156
0.389800 0.740254
0.390000 0.740351
0.390200 0.740448
0.390400 0.740545
0.390600 0.740642
0.390800 0.740738
0.391000 0.740834
0.391200 0.740930
0.391400 0.741025
0.391600 0.741121
0.391800 0.741215
0.392000 0.741310
0.392200 0.741404
0.392400 0.741498
0.392600 0.741592
0.392800 0.741685
0.393000 0.741778
0.393200 0.741871
0.393400 0.741963
0.393600 0.742055
0.393800 0.742147
0.394000 0.742238
0.394200 0.742330
0.394400 0.742420
0.394600 0.742511
0.394800 0.742601
0.395000 0.742691
0.395200 0.742781
0.395400 0.742870
0.395600 0.742959
0.395800 0.743048
0.396000 0.743136
0.396200 0.743224
0.396400 0.743312
0.396600 0.743400
0.396800 0.743487
0.397000 0.743574
0.397200 0.743660
0.397400 0.743747
0.397600 0.743833
0.397800 0.743918
0.398000 0.744004
0.398200 0.744089
0.398400 0.744174
0.398600 0.744258
0.398800 0.744342
0.399000 0.744426
0.399200 0.744509
0.399400 0.744593
0.399600 0.744675
0.399800 0.744758
0.400000 0.744840
0.400200 0.744922
0.400400 0.745004
0.400600 0.745085
0.400800 0.745166
0.401000 0.745247
0.401200 0.745327
0.401400 0.745408
0.401600 0.745487
0.401800 0.745567
0.402000 0.745646
0.402200 0.745725
0.402400 0.745803
0.402600 0.745882
0.402800 0.745960
0.403000 0.746037
0.403200 0.746115
0.403400 0.746192
0.403600 0.746268
0.403800 0.746345
0.404000 0.746421
0.404200 0.746496
0.404400 0.746572
0.404600 0.746647
0.404800 0.746722
0.405000 0.746796
0.405200 0.746871
0.405400 0.746944
0.405600 0.747018
0.405800 0.747091
0.406000 0.747164
0.406200 0.747237
0.406400 0.747309
0.406600 0.747381
0.406800 0.747453
0.407000 0.747524
0.407200 0.747595
0.407400 0.747666
0.407600 0.747736
0.407800 0.747807
0.408000 0.747876
0.408200 0.747946
0.408400 0.748015
0.408600 0.748084
0.408800 0.748153
0.409000 0.748221
0.409200 0.748289
0.409400 0.748356
0.409600 0.748424
0.409800 0.748491
0.410000 0.748557
0.410200 0.748624
0.410400 0.748690
0.410600 0.748755
0.410800 0.748821
0.411000 0.748886
0.411200 0.748951
0.411400 0.749015
0.411600 0.749079
0.411800 0.749143
0.412000 0.749207
0.412200 0.749270
0.412400 0.749333
0.412600 0.749395
0.412800 0.749457
0.413000 0.749519
0.413200 0.749581
0.413400 0.749642
0.413600 0.749703
0.413800 0.749764
0.414000 0.749824
0.414200 0.749884
0.414400 0.749944
0.414600 0.750003
0.414800 0.750062
0.415000 0.750121
0.415200 0.750180
0.415400 0.750238
0.415600 0.750296
0.415800 0.750353
0.416000 0.750410
0.416200 0.750467
0.416400 0.750524
0.416600 0.750580
0.416800 0.750636
0.417000 0.750691
0.417200 0.750747
0.417400 0.750802
0.417600 0.750856
0.417800 0.750910
0.418000 0.750964
0.418200 0.751018
0.418400 0.751071
0.418600 0.751125
0.418800 0.751177
0.419000 0.751230
0.419200 0.751282
0.419400 0.751333
0.419600 0.751385
0.419800 0.751436
0.420000 0.751487
0.420200 0.751537
0.420400 0.751587
0.420600 0.751637
0.420800 0.751687
0.421000 0.751736
0.421200 0.751785
0.421400 0.751834
0.421600 0.751882
0.421800 0.751930
0.422000 0.751977
0.422200 0.752025
0.422400 0.752072
0.422600 0.752118
0.422800 0.752165
0.423000 0.752211
0.423200 0.752256
0.423400 0.752302
0.423600 0.752347
0.423800 0.752392
0.424000 0.752436
0.424200 0.752480
0.424400 0.752524
0.424600 0.752567
0.424800 0.752611
0.425000 0.752653
0.425200 0.752696
0.425400 0.752738
0.425600 0.752780
0.425800 0.752822
0.426000 0.752863
0.426200 0.752904
0.426400 0.752944
0.426600 0.752985
0.426800 0.753025
0.427000 0.753064
0.427200 0.753104
0.427400 0.753143
0.427600 0.753181
0.427800 0.753220
0.428000 0.753258
0.428200 0.753295
0.428400 0.753333
0.428600 0.753370
0.428800 0.753407
0.429000 0.753443
0.429200 0.753479
0.429400 0.753515
0.429600 0.753551
0.429800 0.753586
0.430000 0.753621
0.430200 0.753655
0.430400 0.753690
0.430600 0.753724
0.430800 0.753757
0.431000 0.753791
0.431200 0.753824
0.431400 0.753856
0.431600 0.753889
0.431800 0.753921
0.432000 0.753952
0.432200 0.753984
0.432400 0.754015
0.432600 0.754046
0.432800 0.754076
0.433000 0.754106
0.433200 0.754136
0.433400 0.754166
0.433600 0.754195
0.433800 0.754224
0.434000 0.754253
0.434200 0.754281
0.434400 0.754309
0.434600 0.754337
0.434800 0.754364
0.435000 0.754391
0.435200 0.754418
0.435400 0.754444
0.435600 0.754470
0.435800 0.754496
0.436000 0.754522
0.436200 0.754547
0.436400 0.754572
0.436600 0.754597
0.436800 0.754621
0.437000 0.754645
0.437200 0.754669
0.437400 0.754692
0.437600 0.754715
0.437800 0.754738
0.438000 0.754761
0.438200 0.754783
0.438400 0.754805
0.438600 0.754826
0.438800 0.754848
0.439000 0.754869
0.439200 0.754889
0.439400 0.754910
0.439600 0.754930
0.439800 0.754950
0.440000 0.754969
0.440200 0.754989
0.440400 0.755008
0.440600 0.755026
0.440800 0.755045
0.441000 0.755063
0.441200 0.755081
0.441400 0.755098
0.441600 0.755115
0.441800 0.755132
0.442000 0.755149
0.442200 0.755165
0.442400 0.755182
0.442600 0.755197
0.442800 0.755213
0.443000 0.755228
0.443200 0.755243
0.443400 0.755258
0.443600 0.755273
0.443800 0.755287
0.444000 0.755301
0.444200 0.755315
0.444400 0.755328
0.444600 0.755341
0.444800 0.755354
0.445000 0.755367
0.445200 0.755379
0.445400 0.755391
0.445600 0.755403
0.445800 0.755415
0.446000 0.755426
0.446200 0.755438
0.446400 0.755448
0.446600 0.755459
0.446800 0.755470
0.447000 0.755480
0.447200 0.755490
0.447400 0.755499
0.447600 0.755509
0.447800 0.755518
0.448000 0.755527
0.448200 0.755536
0.448400 0.755545
0.448600 0.755553
0.448800 0.755561
0.449000 0.755569
0.449200 0.755577
0.449400 0.755585
0.449600 0.755592
0.449800 0.755599
0.450000 0.755606
0.450200 0.755613
0.450400 0.755620
0.450600 0.755626
0.450800 0.755633
0.451000 0.755639
0.451200 0.755645
0.451400 0.755650
0.451600 0.755656
0.451800 0.755661
0.452000 0.755667
0.452200 0.755672
0.452400 0.755677
0.452600 0.755682
0.452800 0.755687
0.453000 0.755691
0.453200 0.755696
0.453400 0.755700
0.453600 0.755704
0.453800 0.755709
0.454000 0.755713
0.454200 0.755717
0.454400 0.755720
0.454600 0.755724
0.454800 0.755728
0.455000 0.755732
0.455200 0.755735
0.455400 0.755739
0.455600 0.755742
0.455800 0.755746
0.456000 0.755749
0.456200 0.755752
0.456400 0.755756
0.456600 0.755759
0.456800 0.755762
0.457000 0.755766
0.457200 0.755769
0.457400 0.755772
0.457600 0.755776
0.457800 0.755779
0.458000 0.755782
0.458200 0.755786
0.458400 0.755789
0.458600 0.755793
0.458800 0.755797
0.459000 0.755801
0.459200 0.755804
0.459400 0.755808
0.459600 0.755813
0.459800 0.755817
0.460000 0.755821
0.460200 0.755826
0.460400 0.755831
0.460600 0.755835
0.460800 0.755840
0.461000 0.755846
0.461200 0.755851
0.461400 0.755857
0.461600 0.755863
0.461800 0.755869
0.462000 0.755876
0.462200 0.755882
0.462400 0.755889
0.462600 0.755897
0.462800 0.755904
0.463000 0.755912
0.463200 0.755921
0.463400 0.755929
0.463600 0.755938
0.463800 0.755948
0.464000 0.755958
0.464200 0.755968
0.464400 0.755979
0.464600 0.755990
0.464800 0.756002
0.465000 0.756014
0.465200 0.756027
0.465400 0.756040
0.465600 0.756054
0.465800 0.756069
0.466000 0.756084
0.466200 0.756099
0.466400 0.756115
0.466600 0.756132
0.466800 0.756150
0.467000 0.756168
0.467200 0.756187
0.467400 0.756207
0.467600 0.756228
0.467800 0.756249
0.468000 0.756271
0.468200 0.756295
0.468400 0.756318
0.468600 0.756343
0.468800 0.756369
0.469000 0.756396
0.469200 0.756423
0.469400 0.756452
0.469600 0.756482
0.469800 0.756513
0.470000 0.756544
0.470200 0.756577
0.470400 0.756611
0.470600 0.756647
0.470800 0.756683
0.471000 0.756721
0.471200 0.756760
0.471400 0.756800
0.471600 0.756842
0.471800 0.756885
0.472000 0.756930
0.472200 0.756976
0.472400 0.757023
0.472600 0.757072
0.472800 0.757123
0.473000 0.757175
0.473200 0.757228
0.473400 0.757284
0.473600 0.757341
0.473800 0.757400
0.474000 0.757460
0.474200 0.757523
0.474400 0.757587
0.474600 0.757654
0.474800 0.757722
0.475000 0.757792
0.475200 0.757865
0.475400 0.757939
0.475600 0.758016
0.475800 0.758095
0.476000 0.758176
0.476200 0.758259
0.476400 0.758345
0.476600 0.758433
0.476800 0.758524
0.477000 0.758617
0.477200 0.758712
0.477400 0.758811
0.477600 0.758912
0.477800 0.759015
0.478000 0.759122
0.478200 0.759231
0.478400 0.759343
0.478600 0.759458
0.478800 0.759577
0.479000 0.759698
0.479200 0.759822
0.479400 0.759950
0.479600 0.760081
0.479800 0.760215
0.480000 0.760353
0.480200 0.760494
0.480400 0.760639
0.480600 0.760787
0.480800 0.760939
0.481000 0.761095
0.481200 0.761254
0.481400 0.761418
0.481600 0.761585
0.481800 0.761757
0.482000 0.761933
0.482200 0.762113
0.482400 0.762297
0.482600 0.762485
0.482800 0.762678
0.483000 0.762876
0.483200 0.763078
0.483400 0.763285
0.483600 0.763496
0.483800 0.763713
0.484000 0.763935
0.484200 0.764161
0.484400 0.764393
0.484600 0.764630
0.484800 0.764872
0.485000 0.765120
0.485200 0.765373
0.485400 0.765632
0.485600 0.765896
0.485800 0.766167
0.486000 0.766443
0.486200 0.766725
0.486400 0.767014
0.486600 0.767308
0.486800 0.767609
0.487000 0.767917
0.487200 0.768231
0.487400 0.768552
0.487600 0.768879
0.487800 0.769213
0.488000 0.769555
0.488200 0.769903
0.488400 0.770259
0.488600 0.770622
0.488800 0.770992
0.489000 0.771370
0.489200 0.771756
0.489400 0.772150
0.489600 0.772551
0.489800 0.772961
0.490000 0.773379
0.490200 0.773805
0.490400 0.774240
0.490600 0.774683
0.490800 0.775135
0.491000 0.775596
0.491200 0.776066
0.491400 0.776545
0.491600 0.777033
0.491800 0.777531
0.492000 0.778038
0.492200 0.778555
0.492400 0.779082
0.492600 0.779619
0.492800 0.780166
0.493000 0.780724
0.493200 0.781292
0.493400 0.781870
0.493600 0.782459
0.493800 0.783060
0.494000 0.783671
0.494200 0.784293
0.494400 0.784927
0.494600 0.785573
0.494800 0.786230
0.495000 0.786899
0.495200 0.787580
0.495400 0.788273
0.495600 0.788979
0.495800 0.789697
0.496000 0.790428
0.496200 0.791171
0.496400 0.791928
0.496600 0.792698
0.496800 0.793482
0.497000 0.794279
0.497200 0.795090
0.497400 0.795915
0.497600 0.796754
0.497800 0.797607
0.498000 0.798475
0.498200 0.799358
0.498400 0.800255
0.498600 0.801168
0.498800 0.802096
0.499000 0.803039
0.499200 0.803998
0.499400 0.804973
0.499600 0.805964
0.499800 0.806971
0.500000 0.807994
0.500200 0.809035
0.500400 0.810092
0.500600 0.811166
0.500800 0.812257
0.501000 0.813366
0.501200 0.814492
0.501400 0.815637
0.501600 0.816799
0.501800 0.817980
0.502000 0.819179
0.502200 0.820397
0.502400 0.821634
0.502600 0.822890
0.502800 0.824165
0.503000 0.825460
0.503200 0.826774
0.503400 0.828109
0.503600 0.829464
0.503800 0.830839
0.504000 0.832235
0.504200 0.833652
0.504400 0.835090
0.504600 0.836550
0.504800 0.838030
0.505000 0.839533
0.505200 0.841058
0.505400 0.842605
0.505600 0.844174
0.505800 0.845766
0.506000 0.847381
0.506200 0.849019
0.506400 0.850680
0.506600 0.852365
0.506800 0.854074
0.507000 0.855807
0.507200 0.857564
0.507400 0.859346
0.507600 0.861153
0.507800 0.862984
0.508000 0.864841
0.508200 0.866723
0.508400 0.868631
0.508600 0.870564
0.508800 0.872524
0.509000 0.874510
0.509200 0.876523
0.509400 0.878563
0.509600 0.880630
0.509800 0.882724
0.510000 0.884845
0.510200 0.886995
0.510400 0.889172
0.510600 0.891377
0.510800 0.893611
0.511000 0.895874
0.511200 0.898166
0.511400 0.900487
0.511600 0.902837
0.511800 0.905217
0.512000 0.907626
0.512200 0.910066
0.512400 0.912536
0.512600 0.915037
0.512800 0.917568
0.513000 0.920130
0.513200 0.922723
0.513400 0.925348
0.513600 0.928005
0.513800 0.930693
0.514000 0.933413
0.514200 0.936166
0.514400 0.938951
0.514600 0.941769
0.514800 0.944620
0.515000 0.947504
0.515200 0.950421
0.515400 0.953372
0.515600 0.956356
0.515800 0.959375
0.516000 0.962428
0.516200 0.965515
0.516400 0.968637
0.516600 0.971793
0.516800 0.974984
0.517000 0.978211
0.517200 0.981473
0.517400 0.984770
0.517600 0.988103
0.517800 0.991472
0.518000 0.994877
0.518200 0.998319
0.518400 1.001797
0.518600 1.005311
0.518800 1.008862
0.519000 1.012450
0.519200 1.016076
0.519400 1.019738
0.519600 1.023438
0.519800 1.027176
0.520000 1.030951
0.520200 1.034764
0.520400 1.038615
0.520600 1.042505
0.520800 1.046432
0.521000 1.050399
0.521200 1.054403
0.521400 1.058447
0.521600 1.062529
0.521800 1.066650
0.522000 1.070810
0.522200 1.075010
0.522400 1.079249
0.522600 1.083527
0.522800 1.087845
0.523000 1.092202
0.523200 1.096599
0.523400 1.101036
0.523600 1.105512
0.523800 1.110029
0.524000 1.114585
0.524200 1.119182
0.524400 1.123819
0.524600 1.128496
0.524800 1.133213
0.525000 1.137970
0.525200 1.142768
0.525400 1.147606
0.525600 1.152485
0.525800 1.157404
0.526000 1.162364
0.526200 1.167364
0.526400 1.172405
0.526600 1.177486
0.526800 1.182608
0.527000 1.187770
0.527200 1.192973
0.527400 1.198216
0.527600 1.203499
0.527800 1.208824
0.528000 1.214188
0.528200 1.219593
0.528400 1.225038
0.528600 1.230524
0.528800 1.236050
0.529000 1.241616
0.529200 1.247222
0.529400 1.252868
0.529600 1.258554
0.529800 1.264280
0.530000 1.270045
0.530200 1.275850
0.530400 1.281695
0.530600 1.287579
0.530800 1.293503
0.531000 1.299466
0.531200 1.305467
0.531400 1.311508
0.531600 1.317587
0.531800 1.323705
0.532000 1.329861
0.532200 1.336056
0.532400 1.342289
0.532600 1.348559
0.532800 1.354868
0.533000 1.361213
0.533200 1.367596
0.533400 1.374016
0.533600 1.380473
0.533800 1.386967
0.534000 1.393497
0.534200 1.400063
0.534400 1.406665
0.534600 1.413303
0.534800 1.419976
0.535000 1.426684
0.535200 1.433427
0.535400 1.440204
0.535600 1.447016
0.535800 1.453862
0.536000 1.460741
0.536200 1.467653
0.536400 1.474599
0.536600 1.481577
0.536800 1.488587
0.537000 1.495629
0.537200 1.502703
0.537400 1.509808
0.537600 1.516944
0.537800 1.524110
0.538000 1.531307
0.538200 1.538533
0.538400 1.545788
0.538600 1.553072
0.538800 1.560385
0.539000 1.567725
0.539200 1.575093
0.539400 1.582488
0.539600 1.589910
0.539800 1.597358
0.540000 1.604832
0.540200 1.612331
0.540400 1.619854
0.540600 1.627402
0.540800 1.634974
0.541000 1.642569
0.541200 1.650187
0.541400 1.657827
0.541600 1.665489
0.541800 1.673172
0.542000 1.680875
0.542200 1.688599
0.542400 1.696342
0.542600 1.704104
0.542800 1.711884
0.543000 1.719683
0.543200 1.727498
0.543400 1.735330
0.543600 1.743178
0.543800 1.751042
0.544000 1.758920
0.544200 1.766813
0.544400 1.774719
0.544600 1.782638
0.544800 1.790569
0.545000 1.798512
0.545200 1.806466
0.545400 1.814430
0.545600 1.822404
0.545800 1.830387
0.546000 1.838378
0.546200 1.846377
0.546400 1.854382
0.546600 1.862394
0.546800 1.870412
0.547000 1.878434
0.547200 1.886460
0.547400 1.894490
0.547600 1.902523
0.547800 1.910557
0.548000 1.918593
0.548200 1.926630
0.548400 1.934666
0.548600 1.942701
0.548800 1.950735
0.549000 1.958766
0.549200 1.966794
0.549400 1.974818
0.549600 1.982837
0.549800 1.990851
0.550000 1.998859
0.550200 2.006860
0.550400 2.014854
0.550600 2.022839
0.550800 2.030815
0.551000 2.038781
0.551200 2.046736
0.551400 2.054681
0.551600 2.062613
0.551800 2.070533
0.552000 2.078439
0.552200 2.086331
0.552400 2.094208
0.552600 2.102070
0.552800 2.109916
0.553000 2.117745
0.553200 2.125556
0.553400 2.133350
0.553600 2.141125
0.553800 2.148881
0.554000 2.156617
0.554200 2.164333
0.554400 2.172028
0.554600 2.179702
0.554800 2.187355
0.555000 2.194986
0.555200 2.202594
0.555400 2.210180
0.555600 2.217744
0.555800 2.225284
0.556000 2.232801
0.556200 2.240295
0.556400 2.247766
0.556600 2.255214
0.556800 2.262640
0.557000 2.270042
0.557200 2.277423
0.557400 2.284781
0.557600 2.292119
0.557800 2.299435
0.558000 2.306732
0.558200 2.314010
0.558400 2.321270
0.558600 2.328513
0.558800 2.335741
0.559000 2.342955
0.559200 2.350157
0.559400 2.357348
0.559600 2.364532
0.559800 2.371709
0.560000 2.378882
0.560200 2.386055
0.560400 2.393229
0.560600 2.400409
0.560800 2.407598
0.561000 2.414799
0.561200 2.422017
0.561400 2.429256
0.561600 2.436520
0.561800 2.443815
0.562000 2.451146
0.562200 2.458519
0.562400 2.465940
0.562600 2.473415
0.562800 2.480951
0.563000 2.488557
0.563200 2.496239
0.563400 2.504006
0.563600 2.511867
0.563800 2.519830
0.564000 2.527907
0.564200 2.536107
0.564400 2.544441
0.564600 2.552920
0.564800 2.561557
0.565000 2.570364
0.565200 2.579354
0.565400 2.588541
0.565600 2.597939
0.565800 2.607563
0.566000 2.617430
0.566200 2.627554
0.566400 2.637953
0.566600 2.648645
0.566800 2.659647
0.567000 2.670979
0.567200 2.682659
0.567400 2.694708
0.567600 2.707147
0.567800 2.719995
0.568000 2.733277
0.568200 2.747013
0.568400 2.761226
0.568600 2.775940
0.568800 2.791180
0.569000 2.806968
0.569200 2.823331
0.569400 2.840293
0.569600 2.857881
0.569800 2.876119
0.570000 2.895034
0.570200 2.914652
0.570400 2.935000
0.570600 2.956105
0.570800 2.977993
0.571000 3.000690
0.571200 3.024224
0.571400 3.048621
0.571600 3.073906
0.571800 3.100106
0.572000 3.127245
0.572200 3.155349
0.572400 3.184442
0.572600 3.214547
0.572800 3.245688
0.573000 3.277885
0.573200 3.311159
0.573400 3.345531
0.573600 3.381019
0.573800 3.417640
0.574000 3.455409
0.574200 3.494341
0.574400 3.534448
0.574600 3.575742
0.574800 3.618230
0.575000 3.661920
0.575200 3.706817
0.575400 3.752922
0.575600 3.800237
0.575800 3.848759
0.576000 3.898483
0.576200 3.949402
0.576400 4.001506
0.576600 4.054783
0.576800 4.109215
0.577000 4.164785
0.577200 4.221471
0.577400 4.279249
0.577600 4.338089
0.577800 4.397962
0.578000 4.458832
0.578200 4.520661
0.578400 4.583410
0.578600 4.647034
0.578800 4.711485
0.579000 4.776712
0.579200 4.842661
0.579400 4.909275
0.579600 4.976492
0.579800 5.044250
0.580000 5.112482
0.580200 5.181116
0.580400 5.250081
0.580600 5.319301
0.580800 5.388697
0.581000 5.458188
0.581200 5.527690
0.581400 5.597118
0.581600 5.666384
0.581800 5.735397
0.582000 5.804065
0.582200 5.872295
0.582400 5.939992
0.582600 6.007059
0.582800 6.073398
0.583000 6.138912
0.583200 6.203502
0.583400 6.267068
0.583600 6.329511
0.583800 6.390732
0.584000 6.450632
0.584200 6.509112
0.584400 6.566076
0.584600 6.621427
0.584800 6.675069
0.585000 6.726911
0.585200 6.776859
0.585400 6.824827
0.585600 6.870725
0.585800 6.914471
0.586000 6.955983
0.586200 6.995182
0.586400 7.031995
0.586600 7.066349
0.586800 7.098177
0.587000 7.127417
0.587200 7.154007
0.587400 7.177895
0.587600 7.199028
0.587800 7.217361
0.588000 7.232853
0.588200 7.245468
0.588400 7.255175
0.588600 7.261947
0.588800 7.265765
0.589000 7.266613
0.589200 7.264481
0.589400 7.259363
0.589600 7.251262
0.589800 7.240181
0.590000 7.226134
0.590200 7.209137
0.590400 7.189211
0.590600 7.166385
0.590800 7.140690
0.591000 7.112163
0.591200 7.080848
0.591400 7.046790
0.591600 7.010043
0.591800 6.970662
0.592000 6.928708
0.592200 6.884245
0.592400 6.837343
0.592600 6.788074
0.592800 6.736513
0.593000 6.682741
0.593200 6.626840
0.593400 6.568896
0.593600 6.508995
0.593800 6.447230
0.594000 6.383692
0.594200 6.318476
0.594400 6.251677
0.594600 6.183395
0.594800 6.113726
0.595000 6.042771
0.595200 5.970629
0.595400 5.897401
0.595600 5.823188
0.595800 5.748090
0.596000 5.672206
0.596200 5.595637
0.596400 5.518481
0.596600 5.440835
0.596800 5.362796
0.597000 5.284458
0.597200 5.205915
0.597400 5.127257
0.597600 5.048574
0.597800 4.969953
0.598000 4.891479
0.598200 4.813233
0.598400 4.735295
0.598600 4.657742
0.598800 4.580648
0.599000 4.504083
0.599200 4.428116
0.599400 4.352812
0.599600 4.278231
0.599800 4.204432
0.600000 4.131471
0.600200 4.059400
0.600400 3.988265
0.600600 3.918114
0.600800 3.848988
0.601000 3.780924
0.601200 3.713959
0.601400 3.648125
0.601600 3.583449
0.601800 3.519959
0.602000 3.457676
0.602200 3.396620
0.602400 3.336807
0.602600 3.278251
0.602800 3.220962
0.603000 3.164950
0.603200 3.110218
0.603400 3.056771
0.603600 3.004608
0.603800 2.953728
0.604000 2.904127
0.604200 2.855798
0.604400 2.808733
0.604600 2.762922
0.604800 2.718353
0.605000 2.675012
0.605200 2.632885
0.605400 2.591954
0.605600 2.552203
0.605800 2.513610
0.606000 2.476157
0.606200 2.439822
0.606400 2.404583
0.606600 2.370416
0.606800 2.337298
0.607000 2.305205
0.607200 2.274111
0.607400 2.243991
0.607600 2.214820
0.607800 2.186571
0.608000 2.159218
0.608200 2.132735
0.608400 2.107096
0.608600 2.082274
0.608800 2.058243
0.609000 2.034976
0.609200 2.012449
0.609400 1.990635
0.609600 1.969509
0.609800 1.949046
0.610000 1.929221
0.610200 1.910010
0.610400 1.891389
0.610600 1.873335
0.610800 1.855825
0.611000 1.838837
0.611200 1.822348
0.611400 1.806339
0.611600 1.790788
0.611800 1.775676
0.612000 1.760982
0.612200 1.746689
0.612400 1.732778
0.612600 1.719231
0.612800 1.706032
0.613000 1.693164
0.613200 1.680612
0.613400 1.668361
0.613600 1.656395
0.613800 1.644702
0.614000 1.633268
0.614200 1.622080
0.614400 1.611126
0.614600 1.600394
0.614800 1.589874
0.615000 1.579555
0.615200 1.569426
0.615400 1.559479
0.615600 1.549704
0.615800 1.540093
0.616000 1.530637
0.616200 1.521329
0.616400 1.512161
0.616600 1.503128
0.616800 1.494221
0.617000 1.485435
0.617200 1.476765
0.617400 1.468205
0.617600 1.459749
0.617800 1.451394
0.618000 1.443135
0.618200 1.434966
0.618400 1.426886
0.618600 1.418889
0.618800 1.410973
0.619000 1.403134
0.619200 1.395369
0.619400 1.387676
0.619600 1.380052
0.619800 1.372495
0.620000 1.365002
0.620200 1.357572
0.620400 1.350202
0.620600 1.342891
0.620800 1.335638
0.621000 1.328440
0.621200 1.321296
0.621400 1.314206
0.621600 1.307168
0.621800 1.300181
0.622000 1.293243
0.622200 1.286355
0.622400 1.279515
0.622600 1.272723
0.622800 1.265978
0.623000 1.259279
0.623200 1.252626
0.623400 1.246019
0.623600 1.239456
0.623800 1.232937
0.624000 1.226463
0.624200 1.220033
0.624400 1.213646
0.624600 1.207302
0.624800 1.201001
0.625000 1.194743
0.625200 1.188528
0.625400 1.182355
0.625600 1.176225
0.625800 1.170136
0.626000 1.164090
0.626200 1.158085
0.626400 1.152123
0.626600 1.146202
0.626800 1.140322
0.627000 1.134485
0.627200 1.128689
0.627400 1.122934
0.627600 1.117221
0.627800 1.111549
0.628000 1.105918
0.628200 1.100329
0.628400 1.094781
0.628600 1.089274
0.628800 1.083809
0.629000 1.078384
0.629200 1.073000
0.629400 1.067658
0.629600 1.062356
0.629800 1.057095
0.630000 1.051876
0.630200 1.046696
0.630400 1.041558
0.630600 1.036460
0.630800 1.031403
0.631000 1.026387
0.631200 1.021411
0.631400 1.016475
0.631600 1.011579
0.631800 1.006724
0.632000 1.001909
0.632200 0.997134
0.632400 0.992399
0.632600 0.987704
0.632800 0.983049
0.633000 0.978433
0.633200 0.973857
0.633400 0.969321
0.633600 0.964824
0.633800 0.960366
0.634000 0.955947
0.634200 0.951567
0.634400 0.947226
0.634600 0.942924
0.634800 0.938660
0.635000 0.934435
0.635200 0.930248
0.635400 0.926099
0.635600 0.921989
0.635800 0.917916
0.636000 0.913881
0.636200 0.909883
0.636400 0.905923
0.636600 0.902001
0.636800 0.898115
0.637000 0.894266
0.637200 0.890454
0.637400 0.886679
0.637600 0.882940
0.637800 0.879237
0.638000 0.875570
0.638200 0.871939
0.638400 0.868344
0.638600 0.864784
0.638800 0.861260
0.639000 0.857770
0.639200 0.854316
0.639400 0.850896
0.639600 0.847511
0.639800 0.844160
0.640000 0.840843
0.640200 0.837560
0.640400 0.834311
0.640600 0.831095
0.640800 0.827912
0.641000 0.824763
0.641200 0.821646
0.641400 0.818562
0.641600 0.815511
0.641800 0.812492
0.642000 0.809504
0.642200 0.806549
0.642400 0.803625
0.642600 0.800732
0.642800 0.797871
0.643000 0.795040
0.643200 0.792240
0.643400 0.789471
0.643600 0.786731
0.643800 0.784022
0.644000 0.781342
0.644200 0.778692
0.644400 0.776071
0.644600 0.773480
0.644800 0.770917
0.645000 0.768383
0.645200 0.765877
0.645400 0.763399
0.645600 0.760949
0.645800 0.758527
0.646000 0.756132
0.646200 0.753765
0.646400 0.751424
0.646600 0.749111
0.646800 0.746824
0.647000 0.744563
0.647200 0.742328
0.647400 0.740119
0.647600 0.737936
0.647800 0.735778
0.648000 0.733645
0.648200 0.731537
0.648400 0.729453
0.648600 0.727395
0.648800 0.725360
0.649000 0.723349
0.649200 0.721362
0.649400 0.719399
0.649600 0.717459
0.649800 0.715542
0.650000 0.713648
0.650200 0.711776
0.650400 0.709927
0.650600 0.708100
0.650800 0.706295
0.651000 0.704512
0.651200 0.702750
0.651400 0.701010
0.651600 0.699290
0.651800 0.697591
0.652000 0.695913
0.652200 0.694256
0.652400 0.692618
0.652600 0.691001
0.652800 0.689403
0.653000 0.687825
0.653200 0.686266
0.653400 0.684726
0.653600 0.683205
0.653800 0.681703
0.654000 0.680219
0.654200 0.678753
0.654400 0.677306
0.654600 0.675876
0.654800 0.674464
0.655000 0.673069
0.655200 0.671692
0.655400 0.670332
0.655600 0.668988
0.655800 0.667661
0.656000 0.666351
0.656200 0.665056
0.656400 0.663778
0.656600 0.662516
0.656800 0.661269
0.657000 0.660038
0.657200 0.658822
0.657400 0.657621
0.657600 0.656435
0.657800 0.655264
0.658000 0.654107
0.658200 0.652965
0.658400 0.651836
0.658600 0.650722
0.658800 0.649621
0.659000 0.648535
0.659200 0.647461
0.659400 0.646401
0.659600 0.645354
0.659800 0.644320
0.660000 0.643298
0.660200 0.642290
0.660400 0.641293
0.660600 0.640309
0.660800 0.639337
0.661000 0.638377
0.661200 0.637428
0.661400 0.636492
0.661600 0.635566
0.661800 0.634652
0.662000 0.633749
0.662200 0.632857
0.662400 0.631976
0.662600 0.631106
0.662800 0.630246
0.663000 0.629396
0.663200 0.628557
0.663400 0.627728
0.663600 0.626908
0.663800 0.626099
0.664000 0.625299
0.664200 0.624508
0.664400 0.623727
0.664600 0.622955
0.664800 0.622193
0.665000 0.621439
0.665200 0.620694
0.665400 0.619958
0.665600 0.619230
0.665800 0.618511
0.666000 0.617800
0.666200 0.617097
0.666400 0.616403
0.666600 0.615716
0.666800 0.615037
0.667000 0.614366
0.667200 0.613702
0.667400 0.613046
0.667600 0.612397
0.667800 0.611756
0.668000 0.611121
0.668200 0.610494
0.668400 0.609873
0.668600 0.609259
0.668800 0.608652
0.669000 0.608052
0.669200 0.607458
0.669400 0.606870
0.669600 0.606288
0.669800 0.605713
0.670000 0.605144
0.670200 0.604581
0.670400 0.604023
0.670600 0.603472
0.670800 0.602926
0.671000 0.602385
0.671200 0.601850
0.671400 0.601321
0.671600 0.600797
0.671800 0.600278
0.672000 0.599764
0.672200 0.599255
0.672400 0.598751
0.672600 0.598252
0.672800 0.597758
0.673000 0.597269
0.673200 0.596784
0.673400 0.596303
0.673600 0.595828
0.673800 0.595356
0.674000 0.594889
0.674200 0.594426
0.674400 0.593967
0.674600 0.593513
0.674800 0.593062
0.675000 0.592615
0.675200 0.592172
0.675400 0.591733
0.675600 0.591298
0.675800 0.590867
0.676000 0.590439
0.676200 0.590014
0.676400 0.589593
0.676600 0.589176
0.676800 0.588761
0.677000 0.588351
0.677200 0.587943
0.677400 0.587538
0.677600 0.587137
0.677800 0.586739
0.678000 0.586343
0.678200 0.585951
0.678400 0.585561
0.678600 0.585175
0.678800 0.584791
0.679000 0.584410
0.679200 0.584031
0.679400 0.583655
0.679600 0.583282
0.679800 0.582911
0.680000 0.582543
0.680200 0.582177
0.680400 0.581814
0.680600 0.581453
0.680800 0.581094
0.681000 0.580737
0.681200 0.580383
0.681400 0.580031
0.681600 0.579681
0.681800 0.579333
0.682000 0.578987
0.682200 0.578643
0.682400 0.578301
0.682600 0.577961
0.682800 0.577622
0.683000 0.577286
0.683200 0.576951
0.683400 0.576619
0.683600 0.576288
0.683800 0.575958
0.684000 0.575631
0.684200 0.575305
0.684400 0.574980
0.684600 0.574657
0.684800 0.574336
0.685000 0.574016
0.685200 0.573698
0.685400 0.573381
0.685600 0.573065
0.685800 0.572751
0.686000 0.572439
0.686200 0.572127
0.686400 0.571817
0.686600 0.571508
0.686800 0.571201
0.687000 0.570894
0.687200 0.570589
0.687400 0.570285
0.687600 0.569982
0.687800 0.569680
0.688000 0.569380
0.688200 0.569080
0.688400 0.568782
0.688600 0.568484
0.688800 0.568188
0.689000 0.567892
0.689200 0.567598
0.689400 0.567304
0.689600 0.567012
0.689800 0.566720
0.690000 0.566429
0.690200 0.566139
0.690400 0.565850
0.690600 0.565561
0.690800 0.565274
0.691000 0.564987
0.691200 0.564701
0.691400 0.564416
0.691600 0.564132
0.691800 0.563848
0.692000 0.563565
0.692200 0.563282
0.692400 0.563001
0.692600 0.562720
0.692800 0.562439
0.693000 0.562160
0.693200 0.561881
0.693400 0.561602
0.693600 0.561324
0.693800 0.561047
0.694000 0.560770
0.694200 0.560494
0.694400 0.560219
0.694600 0.559943
0.694800 0.559669
0.695000 0.559395
0.695200 0.559121
0.695400 0.558848
0.695600 0.558575
0.695800 0.558303
0.696000 0.558032
0.696200 0.557760
0.696400 0.557489
0.696600 0.557219
0.696800 0.556949
0.697000 0.556679
0.697200 0.556410
0.697400 0.556141
0.697600 0.555873
0.697800 0.555605
0.698000 0.555337
0.698200 0.555070
0.698400 0.554803
0.698600 0.554536
0.698800 0.554270
0.699000 0.554004
0.699200 0.553738
0.699400 0.553472
0.699600 0.553207
0.699800 0.552943
0.700000 0.552678
0.700200 0.552414
0.700400 0.552150
0.700600 0.551886
0.700800 0.551623
0.701000 0.551359
0.701200 0.551096
0.701400 0.550834
0.701600 0.550571
0.701800 0.550309
0.702000 0.550047
0.702200 0.549785
0.702400 0.549524
0.702600 0.549262
0.702800 0.549001
0.703000 0.548740
0.703200 0.548479
0.703400 0.548219
0.703600 0.547959
0.703800 0.547698
0.704000 0.547438
0.704200 0.547179
0.704400 0.546919
0.704600 0.546659
0.704800 0.546400
0.705000 0.546141
0.705200 0.545882
0.705400 0.545623
0.705600 0.545365
0.705800 0.545106
0.706000 0.544848
0.706200 0.544590
0.706400 0.544332
0.706600 0.544074
0.706800 0.543816
0.707000 0.543558
0.707200 0.543301
0.707400 0.543043
0.707600 0.542786
0.707800 0.542529
0.708000 0.542272
0.708200 0.542015
0.708400 0.541758
0.708600 0.541502
0.708800 0.541245
0.709000 0.540989
0.709200 0.540732
0.709400 0.540476
0.709600 0.540220
0.709800 0.539964
0.710000 0.539708
0.710200 0.539452
0.710400 0.539196
0.710600 0.538941
0.710800 0.538685
0.711000 0.538430
0.711200 0.538175
0.711400 0.537919
0.711600 0.537664
0.711800 0.537409
0.712000 0.537154
0.712200 0.536899
0.712400 0.536645
0.712600 0.536390
0.712800 0.536135
0.713000 0.535881
0.713200 0.535626
0.713400 0.535372
0.713600 0.535117
0.713800 0.534863
0.714000 0.534609
0.714200 0.534355
0.714400 0.534101
0.714600 0.533847
0.714800 0.533593
0.715000 0.533339
0.715200 0.533086
0.715400 0.532832
0.715600 0.532579
0.715800 0.532325
0.716000 0.532072
0.716200 0.531818
0.716400 0.531565
0.716600 0.531312
0.716800 0.531059
0.717000 0.530806
0.717200 0.530553
0.717400 0.530300
0.717600 0.530047
0.717800 0.529794
0.718000 0.529541
0.718200 0.529289
0.718400 0.529036
0.718600 0.528783
0.718800 0.528531
0.719000 0.528278
0.719200 0.528026
0.719400 0.527774
0.719600 0.527522
0.719800 0.527269
0.720000 0.527017
0.720200 0.526765
0.720400 0.526513
0.720600 0.526261
0.720800 0.526010
0.721000 0.525758
0.721200 0.525506
0.721400 0.525254
0.721600 0.525003
0.721800 0.524751
0.722000 0.524500
0.722200 0.524248
0.722400 0.523997
0.722600 0.523746
0.722800 0.523495
0.723000 0.523243
0.723200 0.522992
0.723400 0.522741
0.723600 0.522490
0.723800 0.522239
0.724000 0.521989
0.724200 0.521738
0.724400 0.521487
0.724600 0.521236
0.724800 0.520986
0.725000 0.520735
0.725200 0.520485
0.725400 0.520235
0.725600 0.519984
0.725800 0.519734
0.726000 0.519484
0.726200 0.519234
0.726400 0.518983
0.726600 0.518733
0.726800 0.518484
0.727000 0.518234
0.727200 0.517984
0.727400 0.517734
0.727600 0.517484
0.727800 0.517235
0.728000 0.516985
0.728200 0.516736
0.728400 0.516486
0.728600 0.516237
0.728800 0.515988
0.729000 0.515738
0.729200 0.515489
0.729400 0.515240
0.729600 0.514991
0.729800 0.514742
0.730000 0.514493
0.730200 0.514245
0.730400 0.513996
0.730600 0.513747
0.730800 0.513499
0.731000 0.513250
0.731200 0.513002
0.731400 0.512753
0.731600 0.512505
0.731800 0.512257
0.732000 0.512008
0.732200 0.511760
0.732400 0.511512
0.732600 0.511264
0.732800 0.511016
0.733000 0.510769
0.733200 0.510521
0.733400 0.510273
0.733600 0.510026
0.733800 0.509778
0.734000 0.509531
0.734200 0.509283
0.734400 0.509036
0.734600 0.508789
0.734800 0.508541
0.735000 0.508294
0.735200 0.508047
0.735400 0.507800
0.735600 0.507554
0.735800 0.507307
0.736000 0.507060
0.736200 0.506814
0.736400 0.506567
0.736600 0.506321
0.736800 0.506074
0.737000 0.505828
0.737200 0.505582
0.737400 0.505335
0.737600 0.505089
0.737800 0.504843
0.738000 0.504598
0.738200 0.504352
0.738400 0.504106
0.738600 0.503860
0.738800 0.503615
0.739000 0.503369
0.739200 0.503124
0.739400 0.502879
0.739600 0.502633
0.739800 0.502388
0.740000 0.502143
0.740200 0.501898
0.740400 0.501653
0.740600 0.501408
0.740800 0.501164
0.741000 0.500919
0.741200 0.500674
0.741400 0.500430
0.741600 0.500186
0.741800 0.499941
0.742000 0.499697
0.742200 0.499453
0.742400 0.499209
0.742600 0.498965
0.742800 0.498721
0.743000 0.498477
0.743200 0.498234
0.743400 0.497990
0.743600 0.497747
0.743800 0.497503
0.744000 0.497260
0.744200 0.497017
0.744400 0.496774
0.744600 0.496531
0.744800 0.496288
0.745000 0.496045
0.745200 0.495802
0.745400 0.495559
0.745600 0.495317
0.745800 0.495074
0.746000 0.494832
0.746200 0.494590
0.746400 0.494347
0.746600 0.494105
0.746800 0.493863
0.747000 0.493621
0.747200 0.493380
0.747400 0.493138
0.747600 0.492896
0.747800 0.492655
0.748000 0.492414
0.748200 0.492172
0.748400 0.491931
0.748600 0.491690
0.748800 0.491449
0.749000 0.491208
0.749200 0.490967
0.749400 0.490727
0.749600 0.490486
0.749800 0.490245
0.750000 0.490005
0.750200 0.489765
0.750400 0.489525
0.750600 0.489284
0.750800 0.489044
0.751000 0.488805
0.751200 0.488565
0.751400 0.488325
0.751600 0.488086
0.751800 0.487846
0.752000 0.487607
0.752200 0.487368
0.752400 0.487128
0.752600 0.486889
0.752800 0.486651
0.753000 0.486412
0.753200 0.486173
0.753400 0.485934
0.753600 0.485696
0.753800 0.485458
0.754000 0.485219
0.754200 0.484981
0.754400 0.484743
0.754600 0.484505
0.754800 0.484267
0.755000 0.484030
0.755200 0.483792
0.755400 0.483555
0.755600 0.483317
0.755800 0.483080
0.756000 0.482843
0.756200 0.482606
0.756400 0.482369
0.756600 0.482132
0.756800 0.481895
0.757000 0.481659
0.757200 0.481422
0.757400 0.481186
0.757600 0.480950
0.757800 0.480714
0.758000 0.480478
0.758200 0.480242
0.758400 0.480006
0.758600 0.479770
0.758800 0.479535
0.759000 0.479300
0.759200 0.479064
0.759400 0.478829
0.759600 0.478594
0.759800 0.478359
0.760000 0.478124
0.760200 0.477890
0.760400 0.477655
0.760600 0.477421
0.760800 0.477186
0.761000 0.476952
0.761200 0.476718
0.761400 0.476484
0.761600 0.476250
0.761800 0.476017
0.762000 0.475783
0.762200 0.475550
0.762400 0.475316
0.762600 0.475083
0.762800 0.474850
0.763000 0.474617
0.763200 0.474384
0.763400 0.474152
0.763600 0.473919
0.763800 0.473687
0.764000 0.473454
0.764200 0.473222
0.764400 0.472990
0.764600 0.472758
0.764800 0.472526
0.765000 0.472295
0.765200 0.472063
0.765400 0.471832
0.765600 0.471601
0.765800 0.471369
0.766000 0.471138
0.766200 0.470907
0.766400 0.470677
0.766600 0.470446
0.766800 0.470216
0.767000 0.469985
0.767200 0.469755
0.767400 0.469525
0.767600 0.469295
0.767800 0.469065
0.768000 0.468836
0.768200 0.468606
0.768400 0.468377
0.768600 0.468147
0.768800 0.467918
0.769000 0.467689
0.769200 0.467460
0.769400 0.467232
0.769600 0.467003
0.769800 0.466775
0.770000 0.466546
0.770200 0.466318
0.770400 0.466090
0.770600 0.465862
0.770800 0.465635
0.771000 0.465407
0.771200 0.465179
0.771400 0.464952
0.771600 0.464725
0.771800 0.464498
0.772000 0.464271
0.772200 0.464044
0.772400 0.463818
0.772600 0.463591
0.772800 0.463365
0.773000 0.463139
0.773200 0.462913
0.773400 0.462687
0.773600 0.462461
0.773800 0.462235
0.774000 0.462010
0.774200 0.461785
0.774400 0.461559
0.774600 0.461334
0.774800 0.461110
0.775000 0.460885
0.775200 0.460660
0.775400 0.460436
0.775600 0.460212
0.775800 0.459987
0.776000 0.459763
0.776200 0.459540
0.776400 0.459316
0.776600 0.459092
0.776800 0.458869
0.777000 0.458646
0.777200 0.458423
0.777400 0.458200
0.777600 0.457977
0.777800 0.457754
0.778000 0.457532
0.778200 0.457309
0.778400 0.457087
0.778600 0.456865
0.778800 0.456643
0.779000 0.456422
0.779200 0.456200
0.779400 0.455979
0.779600 0.455757
0.779800 0.455536
0.780000 0.455315
0.780200 0.455095
0.780400 0.454874
0.780600 0.454654
0.780800 0.454433
0.781000 0.454213
0.781200 0.453993
0.781400 0.453773
0.781600 0.453554
0.781800 0.453334
0.782000 0.453115
0.782200 0.452896
0.782400 0.452676
0.782600 0.452458
0.782800 0.452239
0.783000 0.452020
0.783200 0.451802
0.783400 0.451584
0.783600 0.451366
0.783800 0.451148
0.784000 0.450930
0.784200 0.450712
0.784400 0.450495
0.784600 0.450278
0.784800 0.450061
0.785000 0.449844
0.785200 0.449627
0.785400 0.449410
0.785600 0.449194
0.785800 0.448978
0.786000 0.448761
0.786200 0.448545
0.786400 0.448330
0.786600 0.448114
0.786800 0.447899
0.787000 0.447683
0.787200 0.447468
0.787400 0.447253
0.787600 0.447039
0.787800 0.446824
0.788000 0.446609
0.788200 0.446395
0.788400 0.446181
0.788600 0.445967
0.788800 0.445753
0.789000 0.445540
0.789200 0.445326
0.789400 0.445113
0.789600 0.444900
0.789800 0.444687
0.790000 0.444474
0.790200 0.444262
0.790400 0.444050
0.790600 0.443837
0.790800 0.443625
0.791000 0.443413
0.791200 0.443202
0.791400 0.442990
0.791600 0.442779
0.791800 0.442568
0.792000 0.442357
0.792200 0.442146
0.792400 0.441935
0.792600 0.441725
0.792800 0.441514
0.793000 0.441304
0.793200 0.441094
0.793400 0.440885
0.793600 0.440675
0.793800 0.440466
0.794000 0.440257
0.794200 0.440047
0.794400 0.439839
0.794600 0.439630
0.794800 0.439421
0.795000 0.439213
0.795200 0.439005
0.795400 0.438797
0.795600 0.438589
0.795800 0.438382
0.796000 0.438174
0.796200 0.437967
0.796400 0.437760
0.796600 0.437553
0.796800 0.437346
0.797000 0.437140
0.797200 0.436934
0.797400 0.436727
0.797600 0.436521
0.797800 0.436316
0.798000 0.436110
0.798200 0.435905
0.798400 0.435700
0.798600 0.435494
0.798800 0.435290
0.799000 0.435085
0.799200 0.434881
0.799400 0.434676
0.799600 0.434472
0.799800 0.434268
0.800000 0.434065
0.800200 0.433861
0.800400 0.433658
0.800600 0.433455
0.800800 0.433252
0.801000 0.433049
0.801200 0.432846
0.801400 0.432644
0.801600 0.432442
0.801800 0.432240
0.802000 0.432038
0.802200 0.431836
0.802400 0.431635
0.802600 0.431433
0.802800 0.431232
0.803000 0.431032
0.803200 0.430831
0.803400 0.430630
0.803600 0.430430
0.803800 0.430230
0.804000 0.430030
0.804200 0.429830
0.804400 0.429631
0.804600 0.429432
0.804800 0.429233
0.805000 0.429034
0.805200 0.428835
0.805400 0.428636
0.805600 0.428438
0.805800 0.428240
0.806000 0.428042
0.806200 0.427844
0.806400 0.427647
0.806600 0.427449
0.806800 0.427252
0.807000 0.427055
0.807200 0.426858
0.807400 0.426662
0.807600 0.426466
0.807800 0.426269
0.808000 0.426073
0.808200 0.425878
0.808400 0.425682
0.808600 0.425487
0.808800 0.425292
0.809000 0.425097
0.809200 0.424902
0.809400 0.424707
0.809600 0.424513
0.809800 0.424319
0.810000 0.424125
0.810200 0.423931
0.810400 0.423738
0.810600 0.423544
0.810800 0.423351
0.811000 0.423158
0.811200 0.422966
0.811400 0.422773
0.811600 0.422581
0.811800 0.422389
0.812000 0.422197
0.812200 0.422005
0.812400 0.421814
0.812600 0.421623
0.812800 0.421431
0.813000 0.421241
0.813200 0.421050
0.813400 0.420860
0.813600 0.420669
0.813800 0.420479
0.814000 0.420289
0.814200 0.420100
0.814400 0.419910
0.814600 0.419721
0.814800 0.419532
0.815000 0.419344
0.815200 0.419155
0.815400 0.418967
0.815600 0.418779
0.815800 0.418591
0.816000 0.418403
0.816200 0.418215
0.816400 0.418028
0.816600 0.417841
0.816800 0.417654
0.817000 0.417467
0.817200 0.417281
0.817400 0.417095
0.817600 0.416909
0.817800 0.416723
0.818000 0.416537
0.818200 0.416352
0.818400 0.416167
0.818600 0.415982
0.818800 0.415797
0.819000 0.415613
0.819200 0.415428
0.819400 0.415244
0.819600 0.415061
0.819800 0.414877
0.820000 0.414694
0.820200 0.414510
0.820400 0.414327
0.820600 0.414145
0.820800 0.413962
0.821000 0.413780
0.821200 0.413598
0.821400 0.413416
0.821600 0.413234
0.821800 0.413053
0.822000 0.412871
0.822200 0.412690
0.822400 0.412509
0.822600 0.412329
0.822800 0.412149
0.823000 0.411968
0.823200 0.411789
0.823400 0.411609
0.823600 0.411429
0.823800 0.411250
0.824000 0.411071
0.824200 0.410892
0.824400 0.410714
0.824600 0.410535
0.824800 0.410357
0.825000 0.410179
0.825200 0.410002
0.825400 0.409824
0.825600 0.409647
0.825800 0.409470
0.826000 0.409293
0.826200 0.409117
0.826400 0.408940
0.826600 0.408764
0.826800 0.408588
0.827000 0.408413
0.827200 0.408237
0.827400 0.408062
0.827600 0.407887
0.827800 0.407712
0.828000 0.407538
0.828200 0.407364
0.828400 0.407189
0.828600 0.407016
0.828800 0.406842
0.829000 0.406669
0.829200 0.406496
0.829400 0.406323
0.829600 0.406150
0.829800 0.405977
0.830000 0.405805
0.830200 0.405633
0.830400 0.405462
0.830600 0.405290
0.830800 0.405119
0.831000 0.404948
0.831200 0.404777
0.831400 0.404606
0.831600 0.404436
0.831800 0.404266
0.832000 0.404096
0.832200 0.403926
0.832400 0.403757
0.832600 0.403587
0.832800 0.403419
0.833000 0.403250
0.833200 0.403081
0.833400 0.402913
0.833600 0.402745
0.833800 0.402577
0.834000 0.402410
0.834200 0.402242
0.834400 0.402075
0.834600 0.401908
0.834800 0.401742
0.835000 0.401575
0.835200 0.401409
0.835400 0.401243
0.835600 0.401078
0.835800 0.400912
0.836000 0.400747
0.836200 0.400582
0.836400 0.400417
0.836600 0.400253
0.836800 0.400089
0.837000 0.399925
0.837200 0.399761
0.837400 0.399597
0.837600 0.399434
0.837800 0.399271
0.838000 0.399108
0.838200 0.398946
0.838400 0.398783
0.838600 0.398621
0.838800 0.398459
0.839000 0.398298
0.839200 0.398137
0.839400 0.397975
0.839600 0.397815
0.839800 0.397654
0.840000 0.397494
0.840200 0.397333
0.840400 0.397174
0.840600 0.397014
0.840800 0.396854
0.841000 0.396695
0.841200 0.396536
0.841400 0.396378
0.841600 0.396219
0.841800 0.396061
0.842000 0.395903
0.842200 0.395745
0.842400 0.395588
0.842600 0.395431
0.842800 0.395274
0.843000 0.395117
0.843200 0.394961
0.843400 0.394805
0.843600 0.394649
0.843800 0.394493
0.844000 0.394337
0.844200 0.394182
0.844400 0.394027
0.844600 0.393872
0.844800 0.393718
0.845000 0.393564
0.845200 0.393410
0.845400 0.393256
0.845600 0.393103
0.845800 0.392949
0.846000 0.392796
0.846200 0.392644
0.846400 0.392491
0.846600 0.392339
0.846800 0.392187
0.847000 0.392035
0.847200 0.391884
0.847400 0.391732
0.847600 0.391581
0.847800 0.391431
0.848000 0.391280
0.848200 0.391130
0.848400 0.390980
0.848600 0.390830
0.848800 0.390681
0.849000 0.390532
0.849200 0.390383
0.849400 0.390234
0.849600 0.390086
0.849800 0.389937
0.850000 0.389789
0.850200 0.389642
0.850400 0.389494
0.850600 0.389347
0.850800 0.389200
0.851000 0.389054
0.851200 0.388907
0.851400 0.388761
0.851600 0.388615
0.851800 0.388469
0.852000 0.388324
0.852200 0.388179
0.852400 0.388034
0.852600 0.387889
0.852800 0.387745
0.853000 0.387601
0.853200 0.387457
0.853400 0.387314
0.853600 0.387170
0.853800 0.387027
0.854000 0.386884
0.854200 0.386742
0.854400 0.386599
0.854600 0.386457
0.854800 0.386316
0.855000 0.386174
0.855200 0.386033
0.855400 0.385892
0.855600 0.385751
0.855800 0.385611
0.856000 0.385471
0.856200 0.385331
0.856400 0.385191
0.856600 0.385051
0.856800 0.384912
0.857000 0.384773
0.857200 0.384635
0.857400 0.384496
0.857600 0.384358
0.857800 0.384220
0.858000 0.384083
0.858200 0.383945
0.858400 0.383808
0.858600 0.383672
0.858800 0.383535
0.859000 0.383399
0.859200 0.383263
0.859400 0.383127
0.859600 0.382992
0.859800 0.382856
0.860000 0.382721
0.860200 0.382587
0.860400 0.382452
0.860600 0.382318
0.860800 0.382184
0.861000 0.382051
0.861200 0.381917
0.861400 0.381784
0.861600 0.381651
0.861800 0.381519
0.862000 0.381386
0.862200 0.381254
0.862400 0.381123
0.862600 0.380991
0.862800 0.380860
0.863000 0.380729
0.863200 0.380598
0.863400 0.380468
0.863600 0.380338
0.863800 0.380208
0.864000 0.380078
0.864200 0.379949
0.864400 0.379820
0.864600 0.379691
0.864800 0.379562
0.865000 0.379434
0.865200 0.379306
0.865400 0.379178
0.865600 0.379051
0.865800 0.378924
0.866000 0.378797
0.866200 0.378670
0.866400 0.378544
0.866600 0.378418
0.866800 0.378292
0.867000 0.378166
0.867200 0.378041
0.867400 0.377916
0.867600 0.377791
0.867800 0.377667
0.868000 0.377543
0.868200 0.377419
0.868400 0.377295
0.868600 0.377172
0.868800 0.377049
0.869000 0.376926
0.869200 0.376803
0.869400 0.376681
0.869600 0.376559
0.869800 0.376437
0.870000 0.376316
0.870200 0.376194
0.870400 0.376074
0.870600 0.375953
0.870800 0.375833
0.871000 0.375712
0.871200 0.375593
0.871400 0.375473
0.871600 0.375354
0.871800 0.375235
0.872000 0.375116
0.872200 0.374998
0.872400 0.374880
0.872600 0.374762
0.872800 0.374644
0.873000 0.374527
0.873200 0.374410
0.873400 0.374293
0.873600 0.374176
0.873800 0.374060
0.874000 0.373944
0.874200 0.373829
0.874400 0.373713
0.874600 0.373598
0.874800 0.373483
0.875000 0.373369
0.875200 0.373254
0.875400 0.373140
0.875600 0.373027
0.875800 0.372913
0.876000 0.372800
0.876200 0.372687
0.876400 0.372575
0.876600 0.372462
0.876800 0.372350
0.877000 0.372239
0.877200 0.372127
0.877400 0.372016
0.877600 0.371905
0.877800 0.371794
0.878000 0.371684
0.878200 0.371574
0.878400 0.371464
0.878600 0.371355
0.878800 0.371245
0.879000 0.371136
0.879200 0.371028
0.879400 0.370919
0.879600 0.370811
0.879800 0.370703
0.880000 0.370596
0.880200 0.370489
0.880400 0.370382
0.880600 0.370275
0.880800 0.370169
0.881000 0.370063
0.881200 0.369957
0.881400 0.369851
0.881600 0.369746
0.881800 0.369641
0.882000 0.369536
0.882200 0.369432
0.882400 0.369328
0.882600 0.369224
0.882800 0.369120
0.883000 0.369017
0.883200 0.368914
0.883400 0.368811
0.883600 0.368709
0.883800 0.368607
0.884000 0.368505
0.884200 0.368403
0.884400 0.368302
0.884600 0.368201
0.884800 0.368100
0.885000 0.368000
0.885200 0.367900
0.885400 0.367800
0.885600 0.367700
0.885800 0.367601
0.886000 0.367502
0.886200 0.367404
0.886400 0.367305
0.886600 0.367207
0.886800 0.367109
0.887000 0.367012
0.887200 0.366914
0.887400 0.366817
0.887600 0.366721
0.887800 0.366624
0.888000 0.366528
0.888200 0.366432
0.888400 0.366337
0.888600 0.366242
0.888800 0.366147
0.889000 0.366052
0.889200 0.365958
0.889400 0.365864
0.889600 0.365770
0.889800 0.365676
0.890000 0.365583
0.890200 0.365490
0.890400 0.365398
0.890600 0.365305
0.890800 0.365213
0.891000 0.365122
0.891200 0.365030
0.891400 0.364939
0.891600 0.364848
0.891800 0.364757
0.892000 0.364667
0.892200 0.364577
0.892400 0.364487
0.892600 0.364398
0.892800 0.364309
0.893000 0.364220
0.893200 0.364132
0.893400 0.364043
0.893600 0.363955
0.893800 0.363868
0.894000 0.363780
0.894200 0.363693
0.894400 0.363606
0.894600 0.363520
0.894800 0.363434
0.895000 0.363348
0.895200 0.363262
0.895400 0.363177
0.895600 0.363092
0.895800 0.363007
0.896000 0.362923
0.896200 0.362839
0.896400 0.362755
0.896600 0.362671
0.896800 0.362588
0.897000 0.362505
0.897200 0.362422
0.897400 0.362340
0.897600 0.362258
0.897800 0.362176
0.898000 0.362095
0.898200 0.362013
0.898400 0.361933
0.898600 0.361852
0.898800 0.361772
0.899000 0.361692
0.899200 0.361612
0.899400 0.361532
0.899600 0.361453
0.899800 0.361375
0.900000 0.361296
0.900200 0.361218
0.900400 0.361140
0.900600 0.361062
0.900800 0.360985
0.901000 0.360908
0.901200 0.360831
0.901400 0.360755
0.901600 0.360678
0.901800 0.360603
0.902000 0.360527
0.902200 0.360452
0.902400 0.360377
0.902600 0.360302
0.902800 0.360228
0.903000 0.360154
0.903200 0.360080
0.903400 0.360006
0.903600 0.359933
0.903800 0.359860
0.904000 0.359788
0.904200 0.359716
0.904400 0.359644
0.904600 0.359572
0.904800 0.359501
0.905000 0.359429
0.905200 0.359359
0.905400 0.359288
0.905600 0.359218
0.905800 0.359148
0.906000 0.359079
0.906200 0.359009
0.906400 0.358940
0.906600 0.358872
0.906800 0.358803
0.907000 0.358735
0.907200 0.358667
0.907400 0.358600
0.907600 0.358533
0.907800 0.358466
0.908000 0.358399
0.908200 0.358333
0.908400 0.358267
0.908600 0.358201
0.908800 0.358136
0.909000 0.358071
0.909200 0.358006
0.909400 0.357942
0.909600 0.357877
0.909800 0.357814
0.910000 0.357750
0.910200 0.357687
0.910400 0.357624
0.910600 0.357561
0.910800 0.357499
0.911000 0.357437
0.911200 0.357375
0.911400 0.357313
0.911600 0.357252
0.911800 0.357191
0.912000 0.357131
0.912200 0.357071
0.912400 0.357011
0.912600 0.356951
0.912800 0.356892
0.913000 0.356833
0.913200 0.356774
0.913400 0.356716
0.913600 0.356657
0.913800 0.356600
0.914000 0.356542
0.914200 0.356485
0.914400 0.356428
0.914600 0.356371
0.914800 0.356315
0.915000 0.356259
0.915200 0.356203
0.915400 0.356148
0.915600 0.356093
0.915800 0.356038
0.916000 0.355984
0.916200 0.355929
0.916400 0.355876
0.916600 0.355822
0.916800 0.355769
0.917000 0.355716
0.917200 0.355663
0.917400 0.355611
0.917600 0.355559
0.917800 0.355507
0.918000 0.355456
0.918200 0.355404
0.918400 0.355354
0.918600 0.355303
0.918800 0.355253
0.919000 0.355203
0.919200 0.355153
0.919400 0.355104
0.919600 0.355055
0.919800 0.355006
0.920000 0.354958
0.920200 0.354910
0.920400 0.354862
0.920600 0.354815
0.920800 0.354768
0.921000 0.354721
0.921200 0.354674
0.921400 0.354628
0.921600 0.354582
0.921800 0.354536
0.922000 0.354491
0.922200 0.354446
0.922400 0.354401
0.922600 0.354357
0.922800 0.354313
0.923000 0.354269
0.923200 0.354226
0.923400 0.354183
0.923600 0.354140
0.923800 0.354097
0.924000 0.354055
0.924200 0.354013
0.924400 0.353971
0.924600 0.353930
0.924800 0.353889
0.925000 0.353848
0.925200 0.353808
0.925400 0.353768
0.925600 0.353728
0.925800 0.353689
0.926000 0.353649
0.926200 0.353610
0.926400 0.353572
0.926600 0.353534
0.926800 0.353496
0.927000 0.353458
0.927200 0.353421
0.927400 0.353384
0.927600 0.353347
0.927800 0.353311
0.928000 0.353275
0.928200 0.353239
0.928400 0.353203
0.928600 0.353168
0.928800 0.353133
0.929000 0.353099
0.929200 0.353064
0.929400 0.353031
0.929600 0.352997
0.929800 0.352964
0.930000 0.352931
0.930200 0.352898
0.930400 0.352866
0.930600 0.352833
0.930800 0.352802
0.931000 0.352770
0.931200 0.352739
0.931400 0.352708
0.931600 0.352678
0.931800 0.352647
0.932000 0.352618
0.932200 0.352588
0.932400 0.352559
0.932600 0.352530
0.932800 0.352501
0.933000 0.352473
0.933200 0.352445
0.933400 0.352417
0.933600 0.352389
0.933800 0.352362
0.934000 0.352335
0.934200 0.352309
0.934400 0.352283
0.934600 0.352257
0.934800 0.352231
0.935000 0.352206
0.935200 0.352181
0.935400 0.352156
0.935600 0.352132
0.935800 0.352108
0.936000 0.352084
0.936200 0.352061
0.936400 0.352038
0.936600 0.352015
0.936800 0.351992
0.937000 0.351970
0.937200 0.351948
0.937400 0.351927
0.937600 0.351906
0.937800 0.351885
0.938000 0.351864
0.938200 0.351844
0.938400 0.351824
0.938600 0.351804
0.938800 0.351785
0.939000 0.351766
0.939200 0.351747
0.939400 0.351728
0.939600 0.351710
0.939800 0.351692
0.940000 0.351675
0.940200 0.351658
0.940400 0.351641
0.940600 0.351624
0.940800 0.351608
0.941000 0.351592
0.941200 0.351576
0.941400 0.351561
0.941600 0.351546
0.941800 0.351531
0.942000 0.351517
0.942200 0.351503
0.942400 0.351489
0.942600 0.351475
0.942800 0.351462
0.943000 0.351449
0.943200 0.351437
0.943400 0.351425
0.943600 0.351413
0.943800 0.351401
0.944000 0.351390
0.944200 0.351379
0.944400 0.351368
0.944600 0.351358
0.944800 0.351348
0.945000 0.351338
0.945200 0.351329
0.945400 0.351319
0.945600 0.351311
0.945800 0.351302
0.946000 0.351294
0.946200 0.351286
0.946400 0.351279
0.946600 0.351271
0.946800 0.351264
0.947000 0.351258
0.947200 0.351251
0.947400 0.351245
0.947600 0.351240
0.947800 0.351234
0.948000 0.351229
0.948200 0.351224
0.948400 0.351220
0.948600 0.351216
0.948800 0.351212
0.949000 0.351209
0.949200 0.351205
0.949400 0.351202
0.949600 0.351200
0.949800 0.351198
0.950000 0.351196
0.950200 0.351194
0.950400 0.351193
0.950600 0.351192
0.950800 0.351191
0.951000 0.351190
0.951200 0.351190
0.951400 0.351191
0.951600 0.351191
0.951800 0.351192
0.952000 0.351193
0.952200 0.351195
0.952400 0.351196
0.952600 0.351198
0.952800 0.351201
0.953000 0.351204
0.953200 0.351207
0.953400 0.351210
0.953600 0.351214
0.953800 0.351218
0.954000 0.351222
0.954200 0.351226
0.954400 0.351231
0.954600 0.351236
0.954800 0.351242
0.955000 0.351248
0.955200 0.351254
0.955400 0.351260
0.955600 0.351267
0.955800 0.351274
0.956000 0.351282
0.956200 0.351289
0.956400 0.351297
0.956600 0.351306
0.956800 0.351314
0.957000 0.351323
0.957200 0.351332
0.957400 0.351342
0.957600 0.351352
0.957800 0.351362
0.958000 0.351372
0.958200 0.351383
0.958400 0.351394
0.958600 0.351406
0.958800 0.351418
0.959000 0.351430
0.959200 0.351442
0.959400 0.351455
0.959600 0.351468
0.959800 0.351481
0.960000 0.351494
0.960200 0.351508
0.960400 0.351523
0.960600 0.351537
0.960800 0.351552
0.961000 0.351567
0.961200 0.351583
0.961400 0.351598
0.961600 0.351614
0.961800 0.351631
0.962000 0.351648
0.962200 0.351665
0.962400 0.351682
0.962600 0.351700
0.962800 0.351717
0.963000 0.351736
0.963200 0.351754
0.963400 0.351773
0.963600 0.351792
0.963800 0.351812
0.964000 0.351832
0.964200 0.351852
0.964400 0.351872
0.964600 0.351893
0.964800 0.351914
0.965000 0.351935
0.965200 0.351957
0.965400 0.351979
0.965600 0.352001
0.965800 0.352024
0.966000 0.352047
0.966200 0.352070
0.966400 0.352094
0.966600 0.352118
0.966800 0.352142
0.967000 0.352166
0.967200 0.352191
0.967400 0.352216
0.967600 0.352241
0.967800 0.352267
0.968000 0.352293
0.968200 0.352319
0.968400 0.352346
0.968600 0.352373
0.968800 0.352400
0.969000 0.352428
0.969200 0.352456
0.969400 0.352484
0.969600 0.352512
0.969800 0.352541
0.970000 0.352570
0.970200 0.352600
0.970400 0.352629
0.970600 0.352660
0.970800 0.352690
0.971000 0.352721
0.971200 0.352751
0.971400 0.352783
0.971600 0.352814
0.971800 0.352846
0.972000 0.352878
0.972200 0.352911
0.972400 0.352944
0.972600 0.352977
0.972800 0.353010
0.973000 0.353044
0.973200 0.353078
0.973400 0.353113
0.973600 0.353147
0.973800 0.353182
0.974000 0.353217
0.974200 0.353253
0.974400 0.353289
0.974600 0.353325
0.974800 0.353362
0.975000 0.353399
0.975200 0.353436
0.975400 0.353473
0.975600 0.353511
0.975800 0.353549
0.976000 0.353587
0.976200 0.353626
0.976400 0.353665
0.976600 0.353704
0.976800 0.353744
0.977000 0.353784
0.977200 0.353824
0.977400 0.353865
0.977600 0.353905
0.977800 0.353947
0.978000 0.353988
0.978200 0.354030
0.978400 0.354072
0.978600 0.354114
0.978800 0.354157
0.979000 0.354200
0.979200 0.354243
0.979400 0.354287
0.979600 0.354331
0.979800 0.354375
0.980000 0.354419
0.980200 0.354464
0.980400 0.354509
0.980600 0.354555
0.980800 0.354600
0.981000 0.354647
0.981200 0.354693
0.981400 0.354740
0.981600 0.354787
0.981800 0.354834
0.982000 0.354881
0.982200 0.354929
0.982400 0.354977
0.982600 0.355026
0.982800 0.355075
0.983000 0.355124
0.983200 0.355173
0.983400 0.355223
0.983600 0.355273
0.983800 0.355323
0.984000 0.355374
0.984200 0.355425
0.984400 0.355476
0.984600 0.355528
0.984800 0.355580
0.985000 0.355632
0.985200 0.355684
0.985400 0.355737
0.985600 0.355790
0.985800 0.355844
0.986000 0.355897
0.986200 0.355951
0.986400 0.356006
0.986600 0.356060
0.986800 0.356115
0.987000 0.356170
0.987200 0.356226
0.987400 0.356282
0.987600 0.356338
0.987800 0.356395
0.988000 0.356451
0.988200 0.356508
0.988400 0.356566
0.988600 0.356623
0.988800 0.356682
0.989000 0.356740
0.989200 0.356798
0.989400 0.356857
0.989600 0.356917
0.989800 0.356976
0.990000 0.357036
0.990200 0.357096
0.990400 0.357157
0.990600 0.357218
0.990800 0.357279
0.991000 0.357340
0.991200 0.357402
0.991400 0.357464
0.991600 0.357526
0.991800 0.357589
0.992000 0.357652
0.992200 0.357716
0.992400 0.357779
0.992600 0.357843
0.992800 0.357908
0.993000 0.357972
0.993200 0.358037
0.993400 0.358103
0.993600 0.358168
0.993800 0.358234
0.994000 0.358301
0.994200 0.358367
0.994400 0.358434
0.994600 0.358502
0.994800 0.358570
0.995000 0.358638
0.995200 0.358706
0.995400 0.358775
0.995600 0.358844
0.995800 0.358914
0.996000 0.358984
0.996200 0.359054
0.996400 0.359125
0.996600 0.359196
0.996800 0.359268
0.997000 0.359340
0.997200 0.359412
0.997400 0.359485
0.997600 0.359558
0.997800 0.359632
0.998000 0.359706
0.998200 0.359781
0.998400 0.359856
0.998600 0.359932
0.998800 0.360008
0.999000 0.360085
0.999200 0.360162
0.999400 0.360240
0.999600 0.360319
0.999800 0.360398
