0.000000 3.591149
0.000200 3.578210
0.000400 3.565273
0.000600 3.552339
0.000800 3.539408
0.001000 3.526482
0.001200 3.513559
0.001400 3.500641
0.001600 3.487727
0.001800 3.474818
0.002000 3.461914
0.002200 3.449016
0.002400 3.436124
0.002600 3.423238
0.002800 3.410358
0.003000 3.397485
0.003200 3.384619
0.003400 3.371760
0.003600 3.358909
0.003800 3.346065
0.004000 3.333230
0.004200 3.320403
0.004400 3.307585
0.004600 3.294776
0.004800 3.281976
0.005000 3.269186
0.005200 3.256405
0.005400 3.243634
0.005600 3.230874
0.005800 3.218125
0.006000 3.205386
0.006200 3.192659
0.006400 3.179943
0.006600 3.167239
0.006800 3.154546
0.007000 3.141866
0.007200 3.129199
0.007400 3.116544
0.007600 3.103902
0.007800 3.091274
0.008000 3.078659
0.008200 3.066058
0.008400 3.053470
0.008600 3.040898
0.008800 3.028339
0.009000 3.015796
0.009200 3.003267
0.009400 2.990754
0.009600 2.978256
0.009800 2.965775
0.010000 2.953309
0.010200 2.940859
0.010400 2.928426
0.010600 2.916009
0.010800 2.903610
0.011000 2.891227
0.011200 2.878863
0.011400 2.866515
0.011600 2.854186
0.011800 2.841875
0.012000 2.829582
0.012200 2.817307
0.012400 2.805051
0.012600 2.792815
0.012800 2.780597
0.013000 2.768399
0.013200 2.756221
0.013400 2.744062
0.013600 2.731923
0.013800 2.719805
0.014000 2.707707
0.014200 2.695630
0.014400 2.683574
0.014600 2.671539
0.014800 2.659525
0.015000 2.647532
0.015200 2.635561
0.015400 2.623612
0.015600 2.611686
0.015800 2.599781
0.016000 2.587899
0.016200 2.576039
0.016400 2.564203
0.016600 2.552389
0.016800 2.540599
0.017000 2.528831
0.017200 2.517088
0.017400 2.505368
0.017600 2.493672
0.017800 2.482000
0.018000 2.470353
0.018200 2.458730
0.018400 2.447131
0.018600 2.435557
0.018800 2.424009
0.019000 2.412485
0.019200 2.400987
0.019400 2.389514
0.019600 2.378066
0.019800 2.366644
0.020000 2.355249
0.020200 2.343879
0.020400 2.332536
0.020600 2.321218
0.020800 2.309928
0.021000 2.298664
0.021200 2.287427
0.021400 2.276216
0.021600 2.265033
0.021800 2.253877
0.022000 2.242749
0.022200 2.231648
0.022400 2.220575
0.022600 2.209529
0.022800 2.198511
0.023000 2.187522
0.023200 2.176560
0.023400 2.165627
0.023600 2.154723
0.023800 2.143846
0.024000 2.132999
0.024200 2.122180
0.024400 2.111391
0.024600 2.100630
0.024800 2.089898
0.025000 2.079196
0.025200 2.068523
0.025400 2.057880
0.025600 2.047266
0.025800 2.036682
0.026000 2.026127
0.026200 2.015603
0.026400 2.005109
0.026600 1.994644
0.026800 1.984210
0.027000 1.973806
0.027200 1.963433
0.027400 1.953090
0.027600 1.942778
0.027800 1.932497
0.028000 1.922246
0.028200 1.912026
0.028400 1.901837
0.028600 1.891679
0.028800 1.881552
0.029000 1.871457
0.029200 1.861393
0.029400 1.851360
0.029600 1.841358
0.029800 1.831388
0.030000 1.821450
0.030200 1.811543
0.030400 1.801668
0.030600 1.791825
0.030800 1.782014
0.031000 1.772234
0.031200 1.762487
0.031400 1.752772
0.031600 1.743088
0.031800 1.733437
0.032000 1.723819
0.032200 1.714232
0.032400 1.704678
0.032600 1.695156
0.032800 1.685667
0.033000 1.676211
0.033200 1.666786
0.033400 1.657395
0.033600 1.648036
0.033800 1.638710
0.034000 1.629416
0.034200 1.620156
0.034400 1.610928
0.034600 1.601733
0.034800 1.592571
0.035000 1.583442
0.035200 1.574346
0.035400 1.565282
0.035600 1.556252
0.035800 1.547255
0.036000 1.538291
0.036200 1.529361
0.036400 1.520463
0.036600 1.511599
0.036800 1.502767
0.037000 1.493969
0.037200 1.485205
0.037400 1.476473
0.037600 1.467775
0.037800 1.459110
0.038000 1.450479
0.038200 1.441880
0.038400 1.433315
0.038600 1.424784
0.038800 1.416286
0.039000 1.407821
0.039200 1.399390
0.039400 1.390992
0.039600 1.382627
0.039800 1.374296
0.040000 1.365998
0.040200 1.357734
0.040400 1.349503
0.040600 1.341305
0.040800 1.333141
0.041000 1.325010
0.041200 1.316913
0.041400 1.308849
0.041600 1.300818
0.041800 1.292821
0.042000 1.284857
0.042200 1.276927
0.042400 1.269030
0.042600 1.261166
0.042800 1.253336
0.043000 1.245539
0.043200 1.237775
0.043400 1.230044
0.043600 1.222347
0.043800 1.214683
0.044000 1.207052
0.044200 1.199454
0.044400 1.191890
0.044600 1.184358
0.044800 1.176860
0.045000 1.169395
0.045200 1.161963
0.045400 1.154564
0.045600 1.147198
0.045800 1.139865
0.046000 1.132565
0.046200 1.125297
0.046400 1.118063
0.046600 1.110862
0.046800 1.103693
0.047000 1.096557
0.047200 1.089454
0.047400 1.082384
0.047600 1.075346
0.047800 1.068341
0.048000 1.061368
0.048200 1.054428
0.048400 1.047521
0.048600 1.040646
0.048800 1.033803
0.049000 1.026993
0.049200 1.020215
0.049400 1.013469
0.049600 1.006756
0.049800 1.000075
0.050000 0.993426
0.050200 0.986809
0.050400 0.980224
0.050600 0.973671
0.050800 0.967149
0.051000 0.960660
0.051200 0.954203
0.051400 0.947777
0.051600 0.941383
0.051800 0.935021
0.052000 0.928690
0.052200 0.922391
0.052400 0.916123
0.052600 0.909886
0.052800 0.903681
0.053000 0.897508
0.053200 0.891365
0.053400 0.885254
0.053600 0.879173
0.053800 0.873124
0.054000 0.867106
0.054200 0.861119
0.054400 0.855162
0.054600 0.849236
0.054800 0.843341
0.055000 0.837477
0.055200 0.831643
0.055400 0.825839
0.055600 0.820066
0.055800 0.814324
0.056000 0.808611
0.056200 0.802929
0.056400 0.797277
0.056600 0.791655
0.056800 0.786063
0.057000 0.780501
0.057200 0.774968
0.057400 0.769466
0.057600 0.763993
0.057800 0.758550
0.058000 0.753136
0.058200 0.747752
0.058400 0.742397
0.058600 0.737071
0.058800 0.731775
0.059000 0.726507
0.059200 0.721269
0.059400 0.716060
0.059600 0.710879
0.059800 0.705728
0.060000 0.700605
0.060200 0.695510
0.060400 0.690445
0.060600 0.685408
0.060800 0.680399
0.061000 0.675418
0.061200 0.670466
0.061400 0.665542
0.061600 0.660645
0.061800 0.655777
0.062000 0.650937
0.062200 0.646124
0.062400 0.641340
0.062600 0.636582
0.062800 0.631853
0.063000 0.627150
0.063200 0.622475
0.063400 0.617828
0.063600 0.613207
0.063800 0.608614
0.064000 0.604047
0.064200 0.599508
0.064400 0.594995
0.064600 0.590509
0.064800 0.586049
0.065000 0.581616
0.065200 0.577210
0.065400 0.572830
0.065600 0.568476
0.065800 0.564148
0.066000 0.559846
0.066200 0.555571
0.066400 0.551321
0.066600 0.547097
0.066800 0.542898
0.067000 0.538726
0.067200 0.534578
0.067400 0.530457
0.067600 0.526360
0.067800 0.522289
0.068000 0.518242
0.068200 0.514221
0.068400 0.510225
0.068600 0.506254
0.068800 0.502307
0.069000 0.498385
0.069200 0.494487
0.069400 0.490614
0.069600 0.486766
0.069800 0.482941
0.070000 0.479141
0.070200 0.475365
0.070400 0.471612
0.070600 0.467884
0.070800 0.464179
0.071000 0.460498
0.071200 0.456841
0.071400 0.453207
0.071600 0.449597
0.071800 0.446009
0.072000 0.442445
0.072200 0.438904
0.072400 0.435386
0.072600 0.431891
0.072800 0.428419
0.073000 0.424969
0.073200 0.421542
0.073400 0.418138
0.073600 0.414755
0.073800 0.411396
0.074000 0.408058
0.074200 0.404742
0.074400 0.401449
0.074600 0.398177
0.074800 0.394927
0.075000 0.391699
0.075200 0.388493
0.075400 0.385308
0.075600 0.382144
0.075800 0.379002
0.076000 0.375881
0.076200 0.372781
0.076400 0.369702
0.076600 0.366644
0.076800 0.363607
0.077000 0.360591
0.077200 0.357595
0.077400 0.354620
0.077600 0.351665
0.077800 0.348730
0.078000 0.345816
0.078200 0.342922
0.078400 0.340048
0.078600 0.337194
0.078800 0.334359
0.079000 0.331545
0.079200 0.328750
0.079400 0.325974
0.079600 0.323219
0.079800 0.320482
0.080000 0.317765
0.080200 0.315067
0.080400 0.312388
0.080600 0.309727
0.080800 0.307086
0.081000 0.304464
0.081200 0.301860
0.081400 0.299275
0.081600 0.296708
0.081800 0.294160
0.082000 0.291630
0.082200 0.289118
0.082400 0.286625
0.082600 0.284149
0.082800 0.281691
0.083000 0.279252
0.083200 0.276829
0.083400 0.274425
0.083600 0.272038
0.083800 0.269668
0.084000 0.267316
0.084200 0.264981
0.084400 0.262664
0.084600 0.260363
0.084800 0.258079
0.085000 0.255812
0.085200 0.253562
0.085400 0.251329
0.085600 0.249112
0.085800 0.246912
0.086000 0.244728
0.086200 0.242561
0.086400 0.240410
0.086600 0.238275
0.086800 0.236156
0.087000 0.234053
0.087200 0.231966
0.087400 0.229894
0.087600 0.227838
0.087800 0.225798
0.088000 0.223774
0.088200 0.221765
0.088400 0.219771
0.088600 0.217792
0.088800 0.215829
0.089000 0.213881
0.089200 0.211947
0.089400 0.210029
0.089600 0.208125
0.089800 0.206236
0.090000 0.204362
0.090200 0.202502
0.090400 0.200657
0.090600 0.198826
0.090800 0.197010
0.091000 0.195207
0.091200 0.193419
0.091400 0.191645
0.091600 0.189884
0.091800 0.188138
0.092000 0.186405
0.092200 0.184686
0.092400 0.182981
0.092600 0.181289
0.092800 0.179610
0.093000 0.177945
0.093200 0.176293
0.093400 0.174655
0.093600 0.173029
0.093800 0.171417
0.094000 0.169817
0.094200 0.168230
0.094400 0.166656
0.094600 0.165095
0.094800 0.163546
0.095000 0.162010
0.095200 0.160487
0.095400 0.158975
0.095600 0.157476
0.095800 0.155990
0.096000 0.154515
0.096200 0.153052
0.096400 0.151602
0.096600 0.150163
0.096800 0.148736
0.097000 0.147321
0.097200 0.145918
0.097400 0.144526
0.097600 0.143146
0.097800 0.141777
0.098000 0.140419
0.098200 0.139073
0.098400 0.137738
0.098600 0.136414
0.098800 0.135101
0.099000 0.133799
0.099200 0.132508
0.099400 0.131228
0.099600 0.129959
0.099800 0.128700
0.100000 0.127452
0.100200 0.126215
0.100400 0.124988
0.100600 0.123771
0.100800 0.122565
0.101000 0.121369
0.101200 0.120183
0.101400 0.119008
0.101600 0.117842
0.101800 0.116687
0.102000 0.115541
0.102200 0.114405
0.102400 0.113279
0.102600 0.112163
0.102800 0.111056
0.103000 0.109959
0.103200 0.108871
0.103400 0.107793
0.103600 0.106724
0.103800 0.105664
0.104000 0.104614
0.104200 0.103573
0.104400 0.102541
0.104600 0.101518
0.104800 0.100504
0.105000 0.099498
0.105200 0.098502
0.105400 0.097515
0.105600 0.096536
0.105800 0.095566
0.106000 0.094604
0.106200 0.093651
0.106400 0.092706
0.106600 0.091770
0.106800 0.090842
0.107000 0.089923
0.107200 0.089011
0.107400 0.088108
0.107600 0.087213
0.107800 0.086326
0.108000 0.085447
0.108200 0.084576
0.108400 0.083712
0.108600 0.082857
0.108800 0.082009
0.109000 0.081169
0.109200 0.080336
0.109400 0.079511
0.109600 0.078694
0.109800 0.077884
0.110000 0.077081
0.110200 0.076286
0.110400 0.075498
0.110600 0.074717
0.110800 0.073943
0.111000 0.073177
0.111200 0.072417
0.111400 0.071665
0.111600 0.070919
0.111800 0.070181
0.112000 0.069449
0.112200 0.068724
0.112400 0.068006
0.112600 0.067294
0.112800 0.066589
0.113000 0.065891
0.113200 0.065199
0.113400 0.064514
0.113600 0.063835
0.113800 0.063162
0.114000 0.062496
0.114200 0.061836
0.114400 0.061182
0.114600 0.060534
0.114800 0.059893
0.115000 0.059257
0.115200 0.058628
0.115400 0.058004
0.115600 0.057387
0.115800 0.056775
0.116000 0.056169
0.116200 0.055569
0.116400 0.054975
0.116600 0.054387
0.116800 0.053804
0.117000 0.053226
0.117200 0.052654
0.117400 0.052088
0.117600 0.051527
0.117800 0.050972
0.118000 0.050422
0.118200 0.049877
0.118400 0.049337
0.118600 0.048803
0.118800 0.048274
0.119000 0.047750
0.119200 0.047231
0.119400 0.046718
0.119600 0.046209
0.119800 0.045705
0.120000 0.045206
0.120200 0.044712
0.120400 0.044223
0.120600 0.043739
0.120800 0.043260
0.121000 0.042785
0.121200 0.042315
0.121400 0.041849
0.121600 0.041389
0.121800 0.040932
0.122000 0.040481
0.122200 0.040034
0.122400 0.039591
0.122600 0.039152
0.122800 0.038718
0.123000 0.038289
0.123200 0.037864
0.123400 0.037442
0.123600 0.037026
0.123800 0.036613
0.124000 0.036205
0.124200 0.035800
0.124400 0.035400
0.124600 0.035004
0.124800 0.034611
0.125000 0.034223
0.125200 0.033839
0.125400 0.033458
0.125600 0.033082
0.125800 0.032709
0.126000 0.032340
0.126200 0.031975
0.126400 0.031614
0.126600 0.031256
0.126800 0.030902
0.127000 0.030552
0.127200 0.030205
0.127400 0.029862
0.127600 0.029522
0.127800 0.029186
0.128000 0.028853
0.128200 0.028524
0.128400 0.028198
0.128600 0.027875
0.128800 0.027556
0.129000 0.027240
0.129200 0.026928
0.129400 0.026619
0.129600 0.026313
0.129800 0.026010
0.130000 0.025710
0.130200 0.025414
0.130400 0.025120
0.130600 0.024830
0.130800 0.024543
0.131000 0.024258
0.131200 0.023977
0.131400 0.023699
0.131600 0.023423
0.131800 0.023151
0.132000 0.022881
0.132200 0.022615
0.132400 0.022351
0.132600 0.022090
0.132800 0.021832
0.133000 0.021576
0.133200 0.021323
0.133400 0.021073
0.133600 0.020826
0.133800 0.020581
0.134000 0.020339
0.134200 0.020099
0.134400 0.019862
0.134600 0.019628
0.134800 0.019396
0.135000 0.019167
0.135200 0.018940
0.135400 0.018716
0.135600 0.018494
0.135800 0.018274
0.136000 0.018057
0.136200 0.017842
0.136400 0.017629
0.136600 0.017419
0.136800 0.017211
0.137000 0.017006
0.137200 0.016802
0.137400 0.016601
0.137600 0.016402
0.137800 0.016206
0.138000 0.016011
0.138200 0.015819
0.138400 0.015628
0.138600 0.015440
0.138800 0.015254
0.139000 0.015070
0.139200 0.014888
0.139400 0.014708
0.139600 0.014530
0.139800 0.014354
0.140000 0.014180
0.140200 0.014007
0.140400 0.013837
0.140600 0.013669
0.140800 0.013502
0.141000 0.013338
0.141200 0.013175
0.141400 0.013014
0.141600 0.012855
0.141800 0.012698
0.142000 0.012542
0.142200 0.012388
0.142400 0.012236
0.142600 0.012086
0.142800 0.011937
0.143000 0.011790
0.143200 0.011645
0.143400 0.011501
0.143600 0.011359
0.143800 0.011219
0.144000 0.011080
0.144200 0.010943
0.144400 0.010807
0.144600 0.010673
0.144800 0.010541
0.145000 0.010410
0.145200 0.010280
0.145400 0.010152
0.145600 0.010025
0.145800 0.009900
0.146000 0.009777
0.146200 0.009654
0.146400 0.009534
0.146600 0.009414
0.146800 0.009296
0.147000 0.009179
0.147200 0.009064
0.147400 0.008950
0.147600 0.008837
0.147800 0.008726
0.148000 0.008616
0.148200 0.008507
0.148400 0.008400
0.148600 0.008293
0.148800 0.008188
0.149000 0.008084
0.149200 0.007982
0.149400 0.007881
0.149600 0.007780
0.149800 0.007681
0.150000 0.007584
0.150200 0.007487
0.150400 0.007391
0.150600 0.007297
0.150800 0.007204
0.151000 0.007111
0.151200 0.007020
0.151400 0.006930
0.151600 0.006841
0.151800 0.006754
0.152000 0.006667
0.152200 0.006581
0.152400 0.006496
0.152600 0.006412
0.152800 0.006330
0.153000 0.006248
0.153200 0.006167
0.153400 0.006087
0.153600 0.006008
0.153800 0.005930
0.154000 0.005854
0.154200 0.005777
0.154400 0.005702
0.154600 0.005628
0.154800 0.005555
0.155000 0.005482
0.155200 0.005411
0.155400 0.005340
0.155600 0.005270
0.155800 0.005201
0.156000 0.005133
0.156200 0.005066
0.156400 0.004999
0.156600 0.004934
0.156800 0.004869
0.157000 0.004805
0.157200 0.004742
0.157400 0.004679
0.157600 0.004617
0.157800 0.004556
0.158000 0.004496
0.158200 0.004437
0.158400 0.004378
0.158600 0.004320
0.158800 0.004262
0.159000 0.004206
0.159200 0.004150
0.159400 0.004095
0.159600 0.004040
0.159800 0.003986
0.160000 0.003933
0.160200 0.003881
0.160400 0.003829
0.160600 0.003777
0.160800 0.003727
0.161000 0.003677
0.161200 0.003628
0.161400 0.003579
0.161600 0.003531
0.161800 0.003483
0.162000 0.003436
0.162200 0.003390
0.162400 0.003344
0.162600 0.003299
0.162800 0.003255
0.163000 0.003211
0.163200 0.003167
0.163400 0.003124
0.163600 0.003082
0.163800 0.003040
0.164000 0.002999
0.164200 0.002958
0.164400 0.002918
0.164600 0.002878
0.164800 0.002839
0.165000 0.002800
0.165200 0.002762
0.165400 0.002724
0.165600 0.002687
0.165800 0.002650
0.166000 0.002614
0.166200 0.002578
0.166400 0.002542
0.166600 0.002507
0.166800 0.002473
0.167000 0.002439
0.167200 0.002405
0.167400 0.002372
0.167600 0.002339
0.167800 0.002307
0.168000 0.002275
0.168200 0.002244
0.168400 0.002213
0.168600 0.002182
0.168800 0.002152
0.169000 0.002122
0.169200 0.002092
0.169400 0.002063
0.169600 0.002034
0.169800 0.002006
0.170000 0.001978
0.170200 0.001950
0.170400 0.001923
0.170600 0.001896
0.170800 0.001870
0.171000 0.001844
0.171200 0.001818
0.171400 0.001792
0.171600 0.001767
0.171800 0.001742
0.172000 0.001718
0.172200 0.001694
0.172400 0.001670
0.172600 0.001646
0.172800 0.001623
0.173000 0.001600
0.173200 0.001577
0.173400 0.001555
0.173600 0.001533
0.173800 0.001511
0.174000 0.001490
0.174200 0.001469
0.174400 0.001448
0.174600 0.001427
0.174800 0.001407
0.175000 0.001387
0.175200 0.001367
0.175400 0.001347
0.175600 0.001328
0.175800 0.001309
0.176000 0.001290
0.176200 0.001272
0.176400 0.001254
0.176600 0.001236
0.176800 0.001218
0.177000 0.001201
0.177200 0.001183
0.177400 0.001166
0.177600 0.001149
0.177800 0.001133
0.178000 0.001116
0.178200 0.001100
0.178400 0.001084
0.178600 0.001069
0.178800 0.001053
0.179000 0.001038
0.179200 0.001023
0.179400 0.001008
0.179600 0.000993
0.179800 0.000979
0.180000 0.000965
0.180200 0.000951
0.180400 0.000937
0.180600 0.000923
0.180800 0.000910
0.181000 0.000896
0.181200 0.000883
0.181400 0.000870
0.181600 0.000858
0.181800 0.000845
0.182000 0.000833
0.182200 0.000820
0.182400 0.000808
0.182600 0.000796
0.182800 0.000785
0.183000 0.000773
0.183200 0.000762
0.183400 0.000750
0.183600 0.000739
0.183800 0.000728
0.184000 0.000718
0.184200 0.000707
0.184400 0.000697
0.184600 0.000686
0.184800 0.000676
0.185000 0.000666
0.185200 0.000656
0.185400 0.000646
0.185600 0.000637
0.185800 0.000627
0.186000 0.000618
0.186200 0.000609
0.186400 0.000600
0.186600 0.000591
0.186800 0.000582
0.187000 0.000573
0.187200 0.000564
0.187400 0.000556
0.187600 0.000548
0.187800 0.000539
0.188000 0.000531
0.188200 0.000523
0.188400 0.000515
0.188600 0.000508
0.188800 0.000500
0.189000 0.000492
0.189200 0.000485
0.189400 0.000478
0.189600 0.000470
0.189800 0.000463
0.190000 0.000456
0.190200 0.000449
0.190400 0.000443
0.190600 0.000436
0.190800 0.000429
0.191000 0.000423
0.191200 0.000416
0.191400 0.000410
0.191600 0.000404
0.191800 0.000397
0.192000 0.000391
0.192200 0.000385
0.192400 0.000379
0.192600 0.000374
0.192800 0.000368
0.193000 0.000362
0.193200 0.000357
0.193400 0.000351
0.193600 0.000346
0.193800 0.000341
0.194000 0.000335
0.194200 0.000330
0.194400 0.000325
0.194600 0.000320
0.194800 0.000315
0.195000 0.000310
0.195200 0.000305
0.195400 0.000301
0.195600 0.000296
0.195800 0.000291
0.196000 0.000287
0.196200 0.000282
0.196400 0.000278
0.196600 0.000274
0.196800 0.000269
0.197000 0.000265
0.197200 0.000261
0.197400 0.000257
0.197600 0.000253
0.197800 0.000249
0.198000 0.000245
0.198200 0.000241
0.198400 0.000238
0.198600 0.000234
0.198800 0.000230
0.199000 0.000227
0.199200 0.000223
0.199400 0.000219
0.199600 0.000216
0.199800 0.000213
0.200000 0.000209
0.200200 0.000206
0.200400 0.000203
0.200600 0.000200
0.200800 0.000196
0.201000 0.000193
0.201200 0.000190
0.201400 0.000187
0.201600 0.000184
0.201800 0.000181
0.202000 0.000178
0.202200 0.000176
0.202400 0.000173
0.202600 0.000170
0.202800 0.000167
0.203000 0.000165
0.203200 0.000162
0.203400 0.000159
0.203600 0.000157
0.203800 0.000154
0.204000 0.000152
0.204200 0.000149
0.204400 0.000147
0.204600 0.000145
0.204800 0.000142
0.205000 0.000140
0.205200 0.000138
0.205400 0.000136
0.205600 0.000133
0.205800 0.000131
0.206000 0.000129
0.206200 0.000127
0.206400 0.000125
0.206600 0.000123
0.206800 0.000121
0.207000 0.000119
0.207200 0.000117
0.207400 0.000115
0.207600 0.000113
0.207800 0.000112
0.208000 0.000110
0.208200 0.000108
0.208400 0.000106
0.208600 0.000104
0.208800 0.000103
0.209000 0.000101
0.209200 0.000099
0.209400 0.000098
0.209600 0.000096
0.209800 0.000095
0.210000 0.000093
0.210200 0.000092
0.210400 0.000090
0.210600 0.000089
0.210800 0.000087
0.211000 0.000086
0.211200 0.000084
0.211400 0.000083
0.211600 0.000082
0.211800 0.000080
0.212000 0.000079
0.212200 0.000078
0.212400 0.000076
0.212600 0.000075
0.212800 0.000074
0.213000 0.000073
0.213200 0.000071
0.213400 0.000070
0.213600 0.000069
0.213800 0.000068
0.214000 0.000067
0.214200 0.000066
0.214400 0.000065
0.214600 0.000063
0.214800 0.000062
0.215000 0.000061
0.215200 0.000060
0.215400 0.000059
0.215600 0.000058
0.215800 0.000057
0.216000 0.000056
0.216200 0.000055
0.216400 0.000055
0.216600 0.000054
0.216800 0.000053
0.217000 0.000052
0.217200 0.000051
0.217400 0.000050
0.217600 0.000049
0.217800 0.000048
0.218000 0.000048
0.218200 0.000047
0.218400 0.000046
0.218600 0.000045
0.218800 0.000044
0.219000 0.000044
0.219200 0.000043
0.219400 0.000042
0.219600 0.000042
0.219800 0.000041
0.220000 0.000040
0.220200 0.000039
0.220400 0.000039
0.220600 0.000038
0.220800 0.000037
0.221000 0.000037
0.221200 0.000036
0.221400 0.000036
0.221600 0.000035
0.221800 0.000034
0.222000 0.000034
0.222200 0.000033
0.222400 0.000033
0.222600 0.000032
0.222800 0.000032
0.223000 0.000031
0.223200 0.000030
0.223400 0.000030
0.223600 0.000029
0.223800 0.000029
0.224000 0.000028
0.224200 0.000028
0.224400 0.000027
0.224600 0.000027
0.224800 0.000027
0.225000 0.000026
0.225200 0.000026
0.225400 0.000025
0.225600 0.000025
0.225800 0.000024
0.226000 0.000024
0.226200 0.000023
0.226400 0.000023
0.226600 0.000023
0.226800 0.000022
0.227000 0.000022
0.227200 0.000021
0.227400 0.000021
0.227600 0.000021
0.227800 0.000020
0.228000 0.000020
0.228200 0.000020
0.228400 0.000019
0.228600 0.000019
0.228800 0.000019
0.229000 0.000018
0.229200 0.000018
0.229400 0.000018
0.229600 0.000017
0.229800 0.000017
0.230000 0.000017
0.230200 0.000016
0.230400 0.000016
0.230600 0.000016
0.230800 0.000016
0.231000 0.000015
0.231200 0.000015
0.231400 0.000015
0.231600 0.000015
0.231800 0.000014
0.232000 0.000014
0.232200 0.000014
0.232400 0.000014
0.232600 0.000013
0.232800 0.000013
0.233000 0.000013
0.233200 0.000013
0.233400 0.000012
0.233600 0.000012
0.233800 0.000012
0.234000 0.000012
0.234200 0.000012
0.234400 0.000011
0.234600 0.000011
0.234800 0.000011
0.235000 0.000011
0.235200 0.000011
0.235400 0.000010
0.235600 0.000010
0.235800 0.000010
0.236000 0.000010
0.236200 0.000010
0.236400 0.000009
0.236600 0.000009
0.236800 0.000009
0.237000 0.000009
0.237200 0.000009
0.237400 0.000009
0.237600 0.000008
0.237800 0.000008
0.238000 0.000008
0.238200 0.000008
0.238400 0.000008
0.238600 0.000008
0.238800 0.000008
0.239000 0.000007
0.239200 0.000007
0.239400 0.000007
0.239600 0.000007
0.239800 0.000007
0.240000 0.000007
0.240200 0.000007
0.240400 0.000007
0.240600 0.000006
0.240800 0.000006
0.241000 0.000006
0.241200 0.000006
0.241400 0.000006
0.241600 0.000006
0.241800 0.000006
0.242000 0.000006
0.242200 0.000006
0.242400 0.000005
0.242600 0.000005
0.242800 0.000005
0.243000 0.000005
0.243200 0.000005
0.243400 0.000005
0.243600 0.000005
0.243800 0.000005
0.244000 0.000005
0.244200 0.000005
0.244400 0.000005
0.244600 0.000004
0.244800 0.000004
0.245000 0.000004
0.245200 0.000004
0.245400 0.000004
0.245600 0.000004
0.245800 0.000004
0.246000 0.000004
0.246200 0.000004
0.246400 0.000004
0.246600 0.000004
0.246800 0.000004
0.247000 0.000004
0.247200 0.000003
0.247400 0.000003
0.247600 0.000003
0.247800 0.000003
0.248000 0.000003
0.248200 0.000003
0.248400 0.000003
0.248600 0.000003
0.248800 0.000003
0.249000 0.000003
0.249200 0.000003
0.249400 0.000003
0.249600 0.000003
0.249800 0.000003
0.250000 0.000003
0.250200 0.000003
0.250400 0.000003
0.250600 0.000003
0.250800 0.000002
0.251000 0.000002
0.251200 0.000002
0.251400 0.000002
0.251600 0.000002
0.251800 0.000002
0.252000 0.000002
0.252200 0.000002
0.252400 0.000002
0.252600 0.000002
0.252800 0.000002
0.253000 0.000002
0.253200 0.000002
0.253400 0.000002
0.253600 0.000002
0.253800 0.000002
0.254000 0.000002
0.254200 0.000002
0.254400 0.000002
0.254600 0.000002
0.254800 0.000002
0.255000 0.000002
0.255200 0.000002
0.255400 0.000002
0.255600 0.000002
0.255800 0.000002
0.256000 0.000002
0.256200 0.000001
0.256400 0.000001
0.256600 0.000001
0.256800 0.000001
0.257000 0.000001
0.257200 0.000001
0.257400 0.000001
0.257600 0.000001
0.257800 0.000001
0.258000 0.000001
0.258200 0.000001
0.258400 0.000001
0.258600 0.000001
0.258800 0.000001
0.259000 0.000001
0.259200 0.000001
0.259400 0.000001
0.259600 0.000001
0.259800 0.000001
0.260000 0.000001
0.260200 0.000001
0.260400 0.000001
0.260600 0.000001
0.260800 0.000001
0.261000 0.000001
0.261200 0.000001
0.261400 0.000001
0.261600 0.000001
0.261800 0.000001
0.262000 0.000001
0.262200 0.000001
0.262400 0.000001
0.262600 0.000001
0.262800 0.000001
0.263000 0.000001
0.263200 0.000001
0.263400 0.000001
0.263600 0.000001
0.263800 0.000001
0.264000 0.000001
0.264200 0.000001
0.264400 0.000001
0.264600 0.000001
0.264800 0.000001
0.265000 0.000001
0.265200 0.000001
0.265400 0.000001
0.265600 0.000001
0.265800 0.000001
0.266000 0.000001
0.266200 0.000001
0.266400 0.000001
0.266600 0.000001
0.266800 0.000001
0.267000 0.000001
0.267200 0.000001
0.267400 0.000000
0.267600 0.000000
0.267800 0.000000
0.268000 0.000000
0.268200 0.000000
0.268400 0.000000
0.268600 0.000000
0.268800 0.000000
0.269000 0.000000
0.269200 0.000000
0.269400 0.000000
0.269600 0.000000
0.269800 0.000000
0.270000 0.000000
0.270200 0.000000
0.270400 0.000000
0.270600 0.000000
0.270800 0.000000
0.271000 0.000000
0.271200 0.000000
0.271400 0.000000
0.271600 0.000000
0.271800 0.000000
0.272000 0.000000
0.272200 0.000000
0.272400 0.000000
0.272600 0.000000
0.272800 0.000000
0.273000 0.000000
0.273200 0.000000
0.273400 0.000000
0.273600 0.000000
0.273800 0.000000
0.274000 0.000000
0.274200 0.000000
0.274400 0.000000
0.274600 0.000000
0.274800 0.000000
0.275000 0.000000
0.275200 0.000000
0.275400 0.000000
0.275600 0.000000
0.275800 0.000000
0.276000 0.000000
0.276200 0.000000
0.276400 0.000000
0.276600 0.000000
0.276800 0.000000
0.277000 0.000000
0.277200 0.000000
0.277400 0.000000
0.277600 0.000000
0.277800 0.000000
0.278000 0.000000
0.278200 0.000000
0.278400 0.000000
0.278600 0.000000
0.278800 0.000000
0.279000 0.000000
0.279200 0.000000
0.279400 0.000000
0.279600 0.000000
0.279800 0.000000
0.280000 0.000000
0.280200 0.000000
0.280400 0.000000
0.280600 0.000000
0.280800 0.000000
0.281000 0.000000
0.281200 0.000000
0.281400 0.000000
0.281600 0.000000
0.281800 0.000000
0.282000 0.000000
0.282200 0.000000
0.282400 0.000000
0.282600 0.000000
0.282800 0.000000
0.283000 0.000000
0.283200 0.000000
0.283400 0.000000
0.283600 0.000000
0.283800 0.000000
0.284000 0.000000
0.284200 0.000000
0.284400 0.000000
0.284600 0.000000
0.284800 0.000000
0.285000 0.000000
0.285200 0.000000
0.285400 0.000000
0.285600 0.000000
0.285800 0.000000
0.286000 0.000000
0.286200 0.000000
0.286400 0.000000
0.286600 0.000000
0.286800 0.000000
0.287000 0.000000
0.287200 0.000000
0.287400 0.000000
0.287600 0.000000
0.287800 0.000000
0.288000 0.000000
0.288200 0.000000
0.288400 0.000000
0.288600 0.000000
0.288800 0.000000
0.289000 0.000000
0.289200 0.000000
0.289400 0.000000
0.289600 0.000000
0.289800 0.000000
0.290000 0.000000
0.290200 0.000000
0.290400 0.000000
0.290600 0.000000
0.290800 0.000000
0.291000 0.000000
0.291200 0.000000
0.291400 0.000000
0.291600 0.000000
0.291800 0.000000
0.292000 0.000000
0.292200 0.000000
0.292400 0.000000
0.292600 0.000000
0.292800 0.000000
0.293000 0.000000
0.293200 0.000000
0.293400 0.000000
0.293600 0.000000
0.293800 0.000000
0.294000 0.000000
0.294200 0.000000
0.294400 0.000000
0.294600 0.000000
0.294800 0.000000
0.295000 0.000000
0.295200 0.000000
0.295400 0.000000
0.295600 0.000000
0.295800 0.000000
0.296000 0.000000
0.296200 0.000000
0.296400 0.000000
0.296600 0.000000
0.296800 0.000000
0.297000 0.000000
0.297200 0.000000
0.297400 0.000000
0.297600 0.000000
0.297800 0.000000
0.298000 0.000000
0.298200 0.000000
0.298400 0.000000
0.298600 0.000000
0.298800 0.000000
0.299000 0.000000
0.299200 0.000000
0.299400 0.000000
0.299600 0.000000
0.299800 0.000000
0.300000 0.000000
0.300200 0.000000
0.300400 0.000000
0.300600 0.000000
0.300800 0.000000
0.301000 0.000000
0.301200 0.000000
0.301400 0.000000
0.301600 0.000000
0.301800 0.000000
0.302000 0.000000
0.302200 0.000000
0.302400 0.000000
0.302600 0.000000
0.302800 0.000000
0.303000 0.000000
0.303200 0.000000
0.303400 0.000000
0.303600 0.000000
0.303800 0.000000
0.304000 0.000000
0.304200 0.000000
0.304400 0.000000
0.304600 0.000000
0.304800 0.000000
0.305000 0.000000
0.305200 0.000000
0.305400 0.000000
0.305600 0.000000
0.305800 0.000000
0.306000 0.000000
0.306200 0.000000
0.306400 0.000000
0.306600 0.000000
0.306800 0.000000
0.307000 0.000000
0.307200 0.000000
0.307400 0.000000
0.307600 0.000000
0.307800 0.000000
0.308000 0.000000
0.308200 0.000000
0.308400 0.000000
0.308600 0.000000
0.308800 0.000000
0.309000 0.000000
0.309200 0.000000
0.309400 0.000000
0.309600 0.000000
0.309800 0.000000
0.310000 0.000000
0.310200 0.000000
0.310400 0.000000
0.310600 0.000000
0.310800 0.000000
0.311000 0.000000
0.311200 0.000000
0.311400 0.000000
0.311600 0.000000
0.311800 0.000000
0.312000 0.000000
0.312200 0.000000
0.312400 0.000000
0.312600 0.000000
0.312800 0.000000
0.313000 0.000000
0.313200 0.000000
0.313400 0.000000
0.313600 0.000000
0.313800 0.000000
0.314000 0.000000
0.314200 0.000000
0.314400 0.000000
0.314600 0.000000
0.314800 0.000000
0.315000 0.000000
0.315200 0.000000
0.315400 0.000000
0.315600 0.000000
0.315800 0.000000
0.316000 0.000000
0.316200 0.000000
0.316400 0.000000
0.316600 0.000000
0.316800 0.000000
0.317000 0.000000
0.317200 0.000000
0.317400 0.000000
0.317600 0.000000
0.317800 0.000000
0.318000 0.000000
0.318200 0.000000
0.318400 0.000000
0.318600 0.000000
0.318800 0.000000
0.319000 0.000000
0.319200 0.000000
0.319400 0.000000
0.319600 0.000000
0.319800 0.000000
0.320000 0.000000
0.320200 0.000000
0.320400 0.000000
0.320600 0.000000
0.320800 0.000000
0.321000 0.000000
0.321200 0.000000
0.321400 0.000000
0.321600 0.000000
0.321800 0.000000
0.322000 0.000000
0.322200 0.000000
0.322400 0.000000
0.322600 0.000000
0.322800 0.000000
0.323000 0.000000
0.323200 0.000000
0.323400 0.000000
0.323600 0.000000
0.323800 0.000000
0.324000 0.000000
0.324200 0.000000
0.324400 0.000000
0.324600 0.000000
0.324800 0.000000
0.325000 0.000000
0.325200 0.000000
0.325400 0.000000
0.325600 0.000000
0.325800 0.000000
0.326000 0.000000
0.326200 0.000000
0.326400 0.000000
0.326600 0.000000
0.326800 0.000000
0.327000 0.000000
0.327200 0.000000
0.327400 0.000000
0.327600 0.000000
0.327800 0.000000
0.328000 0.000000
0.328200 0.000000
0.328400 0.000000
0.328600 0.000000
0.328800 0.000000
0.329000 0.000000
0.329200 0.000000
0.329400 0.000000
0.329600 0.000000
0.329800 0.000000
0.330000 0.000000
0.330200 0.000000
0.330400 0.000000
0.330600 0.000000
0.330800 0.000000
0.331000 0.000000
0.331200 0.000000
0.331400 0.000000
0.331600 0.000000
0.331800 0.000000
0.332000 0.000000
0.332200 0.000000
0.332400 0.000000
0.332600 0.000000
0.332800 0.000000
0.333000 0.000000
0.333200 0.000000
0.333400 0.000000
0.333600 0.000000
0.333800 0.000000
0.334000 0.000000
0.334200 0.000000
0.334400 0.000000
0.334600 0.000000
0.334800 0.000000
0.335000 0.000000
0.335200 0.000000
0.335400 0.000000
0.335600 0.000000
0.335800 0.000000
0.336000 0.000000
0.336200 0.000000
0.336400 0.000000
0.336600 0.000000
0.336800 0.000000
0.337000 0.000000
0.337200 0.000000
0.337400 0.000000
0.337600 0.000000
0.337800 0.000000
0.338000 0.000000
0.338200 0.000000
0.338400 0.000000
0.338600 0.000000
0.338800 0.000000
0.339000 0.000000
0.339200 0.000000
0.339400 0.000000
0.339600 0.000000
0.339800 0.000000
0.340000 0.000000
0.340200 0.000000
0.340400 0.000000
0.340600 0.000000
0.340800 0.000000
0.341000 0.000000
0.341200 0.000000
0.341400 0.000000
0.341600 0.000000
0.341800 0.000000
0.342000 0.000000
0.342200 0.000000
0.342400 0.000000
0.342600 0.000000
0.342800 0.000000
0.343000 0.000000
0.343200 0.000000
0.343400 0.000000
0.343600 0.000000
0.343800 0.000000
0.344000 0.000000
0.344200 0.000000
0.344400 0.000000
0.344600 0.000000
0.344800 0.000000
0.345000 0.000000
0.345200 0.000000
0.345400 0.000000
0.345600 0.000000
0.345800 0.000000
0.346000 0.000000
0.346200 0.000000
0.346400 0.000000
0.346600 0.000000
0.346800 0.000000
0.347000 0.000000
0.347200 0.000000
0.347400 0.000000
0.347600 0.000000
0.347800 0.000000
0.348000 0.000000
0.348200 0.000000
0.348400 0.000000
0.348600 0.000000
0.348800 0.000000
0.349000 0.000000
0.349200 0.000000
0.349400 0.000000
0.349600 0.000000
0.349800 0.000000
0.350000 0.000000
0.350200 0.000000
0.350400 0.000000
0.350600 0.000000
0.350800 0.000000
0.351000 0.000000
0.351200 0.000000
0.351400 0.000000
0.351600 0.000000
0.351800 0.000000
0.352000 0.000000
0.352200 0.000000
0.352400 0.000000
0.352600 0.000000
0.352800 0.000000
0.353000 0.000000
0.353200 0.000000
0.353400 0.000000
0.353600 0.000000
0.353800 0.000000
0.354000 0.000000
0.354200 0.000000
0.354400 0.000000
0.354600 0.000000
0.354800 0.000000
0.355000 0.000000
0.355200 0.000000
0.355400 0.000000
0.355600 0.000000
0.355800 0.000000
0.356000 0.000000
0.356200 0.000000
0.356400 0.000000
0.356600 0.000000
0.356800 0.000000
0.357000 0.000000
0.357200 0.000000
0.357400 0.000000
0.357600 0.000000
0.357800 0.000000
0.358000 0.000000
0.358200 0.000000
0.358400 0.000000
0.358600 0.000000
0.358800 0.000000
0.359000 0.000000
0.359200 0.000000
0.359400 0.000000
0.359600 0.000000
0.359800 0.000000
0.360000 0.000000
0.360200 0.000000
0.360400 0.000000
0.360600 0.000000
0.360800 0.000000
0.361000 0.000000
0.361200 0.000000
0.361400 0.000000
0.361600 0.000000
0.361800 0.000000
0.362000 0.000000
0.362200 0.000000
0.362400 0.000000
0.362600 0.000000
0.362800 0.000000
0.363000 0.000000
0.363200 0.000000
0.363400 0.000000
0.363600 0.000000
0.363800 0.000000
0.364000 0.000000
0.364200 0.000000
0.364400 0.000000
0.364600 0.000000
0.364800 0.000000
0.365000 0.000000
0.365200 0.000000
0.365400 0.000000
0.365600 0.000000
0.365800 0.000000
0.366000 0.000000
0.366200 0.000000
0.366400 0.000000
0.366600 0.000000
0.366800 0.000000
0.367000 0.000000
0.367200 0.000000
0.367400 0.000000
0.367600 0.000000
0.367800 0.000000
0.368000 0.000000
0.368200 0.000000
0.368400 0.000000
0.368600 0.000000
0.368800 0.000000
0.369000 0.000000
0.369200 0.000000
0.369400 0.000000
0.369600 0.000000
0.369800 0.000000
0.370000 0.000000
0.370200 0.000000
0.370400 0.000000
0.370600 0.000000
0.370800 0.000000
0.371000 0.000000
0.371200 0.000000
0.371400 0.000000
0.371600 0.000000
0.371800 0.000000
0.372000 0.000000
0.372200 0.000000
0.372400 0.000000
0.372600 0.000000
0.372800 0.000000
0.373000 0.000000
0.373200 0.000000
0.373400 0.000000
0.373600 0.000000
0.373800 0.000000
0.374000 0.000000
0.374200 0.000000
0.374400 0.000000
0.374600 0.000000
0.374800 0.000000
0.375000 0.000000
0.375200 0.000000
0.375400 0.000000
0.375600 0.000000
0.375800 0.000000
0.376000 0.000000
0.376200 0.000000
0.376400 0.000000
0.376600 0.000000
0.376800 0.000000
0.377000 0.000000
0.377200 0.000000
0.377400 0.000000
0.377600 0.000000
0.377800 0.000000
0.378000 0.000000
0.378200 0.000000
0.378400 0.000000
0.378600 0.000000
0.378800 0.000000
0.379000 0.000000
0.379200 0.000000
0.379400 0.000000
0.379600 0.000000
0.379800 0.000000
0.380000 0.000000
0.380200 0.000000
0.380400 0.000000
0.380600 0.000000
0.380800 0.000000
0.381000 0.000000
0.381200 0.000000
0.381400 0.000000
0.381600 0.000000
0.381800 0.000000
0.382000 0.000000
0.382200 0.000000
0.382400 0.000000
0.382600 0.000000
0.382800 0.000000
0.383000 0.000000
0.383200 0.000000
0.383400 0.000000
0.383600 0.000000
0.383800 0.000000
0.384000 0.000000
0.384200 0.000000
0.384400 0.000000
0.384600 0.000000
0.384800 0.000000
0.385000 0.000000
0.385200 0.000000
0.385400 0.000000
0.385600 0.000000
0.385800 0.000000
0.386000 0.000000
0.386200 0.000000
0.386400 0.000000
0.386600 0.000000
0.386800 0.000000
0.387000 0.000000
0.387200 0.000000
0.387400 0.000000
0.387600 0.000000
0.387800 0.000000
0.388000 0.000000
0.388200 0.000000
0.388400 0.000000
0.388600 0.000000
0.388800 0.000000
0.389000 0.000000
0.389200 0.000000
0.389400 0.000000
0.389600 0.000000
0.389800 0.000000
0.390000 0.000000
0.390200 0.000000
0.390400 0.000000
0.390600 0.000000
0.390800 0.000000
0.391000 0.000000
0.391200 0.000000
0.391400 0.000000
0.391600 0.000000
0.391800 0.000000
0.392000 0.000000
0.392200 0.000000
0.392400 0.000000
0.392600 0.000000
0.392800 0.000000
0.393000 0.000000
0.393200 0.000000
0.393400 0.000000
0.393600 0.000000
0.393800 0.000000
0.394000 0.000000
0.394200 0.000000
0.394400 0.000000
0.394600 0.000000
0.394800 0.000000
0.395000 0.000000
0.395200 0.000000
0.395400 0.000000
0.395600 0.000000
0.395800 0.000000
0.396000 0.000000
0.396200 0.000000
0.396400 0.000000
0.396600 0.000000
0.396800 0.000000
0.397000 0.000000
0.397200 0.000000
0.397400 0.000000
0.397600 0.000000
0.397800 0.000000
0.398000 0.000000
0.398200 0.000000
0.398400 0.000000
0.398600 0.000000
0.398800 0.000000
0.399000 0.000000
0.399200 0.000000
0.399400 0.000000
0.399600 0.000000
0.399800 0.000000
0.400000 0.000000
0.400200 0.000000
0.400400 0.000000
0.400600 0.000000
0.400800 0.000000
0.401000 0.000000
0.401200 0.000000
0.401400 0.000000
0.401600 0.000000
0.401800 0.000000
0.402000 0.000000
0.402200 0.000000
0.402400 0.000000
0.402600 0.000000
0.402800 0.000000
0.403000 0.000000
0.403200 0.000000
0.403400 0.000000
0.403600 0.000000
0.403800 0.000000
0.404000 0.000000
0.404200 0.000000
0.404400 0.000000
0.404600 0.000000
0.404800 0.000000
0.405000 0.000000
0.405200 0.000000
0.405400 0.000000
0.405600 0.000000
0.405800 0.000000
0.406000 0.000000
0.406200 0.000000
0.406400 0.000000
0.406600 0.000000
0.406800 0.000000
0.407000 0.000000
0.407200 0.000000
0.407400 0.000000
0.407600 0.000000
0.407800 0.000000
0.408000 0.000000
0.408200 0.000000
0.408400 0.000000
0.408600 0.000000
0.408800 0.000000
0.409000 0.000000
0.409200 0.000000
0.409400 0.000000
0.409600 0.000000
0.409800 0.000000
0.410000 0.000000
0.410200 0.000000
0.410400 0.000000
0.410600 0.000000
0.410800 0.000000
0.411000 0.000000
0.411200 0.000000
0.411400 0.000000
0.411600 0.000000
0.411800 0.000000
0.412000 0.000000
0.412200 0.000000
0.412400 0.000000
0.412600 0.000000
0.412800 0.000000
0.413000 0.000000
0.413200 0.000000
0.413400 0.000000
0.413600 0.000000
0.413800 0.000000
0.414000 0.000000
0.414200 0.000000
0.414400 0.000000
0.414600 0.000000
0.414800 0.000000
0.415000 0.000000
0.415200 0.000000
0.415400 0.000000
0.415600 0.000000
0.415800 0.000000
0.416000 0.000000
0.416200 0.000000
0.416400 0.000000
0.416600 0.000000
0.416800 0.000000
0.417000 0.000000
0.417200 0.000000
0.417400 0.000000
0.417600 0.000000
0.417800 0.000000
0.418000 0.000000
0.418200 0.000000
0.418400 0.000000
0.418600 0.000000
0.418800 0.000000
0.419000 0.000000
0.419200 0.000000
0.419400 0.000000
0.419600 0.000000
0.419800 0.000000
0.420000 0.000000
0.420200 0.000000
0.420400 0.000000
0.420600 0.000000
0.420800 0.000000
0.421000 0.000000
0.421200 0.000000
0.421400 0.000000
0.421600 0.000000
0.421800 0.000000
0.422000 0.000000
0.422200 0.000000
0.422400 0.000000
0.422600 0.000000
0.422800 0.000000
0.423000 0.000000
0.423200 0.000000
0.423400 0.000000
0.423600 0.000000
0.423800 0.000000
0.424000 0.000000
0.424200 0.000000
0.424400 0.000000
0.424600 0.000000
0.424800 0.000000
0.425000 0.000000
0.425200 0.000000
0.425400 0.000000
0.425600 0.000000
0.425800 0.000000
0.426000 0.000000
0.426200 0.000000
0.426400 0.000000
0.426600 0.000000
0.426800 0.000000
0.427000 0.000000
0.427200 0.000000
0.427400 0.000000
0.427600 0.000000
0.427800 0.000000
0.428000 0.000000
0.428200 0.000000
0.428400 0.000000
0.428600 0.000000
0.428800 0.000000
0.429000 0.000000
0.429200 0.000000
0.429400 0.000000
0.429600 0.000000
0.429800 0.000000
0.430000 0.000000
0.430200 0.000000
0.430400 0.000000
0.430600 0.000000
0.430800 0.000000
0.431000 0.000000
0.431200 0.000000
0.431400 0.000000
0.431600 0.000000
0.431800 0.000000
0.432000 0.000000
0.432200 0.000000
0.432400 0.000000
0.432600 0.000000
0.432800 0.000000
0.433000 0.000000
0.433200 0.000000
0.433400 0.000000
0.433600 0.000000
0.433800 0.000000
0.434000 0.000000
0.434200 0.000000
0.434400 0.000000
0.434600 0.000000
0.434800 0.000000
0.435000 0.000000
0.435200 0.000000
0.435400 0.000000
0.435600 0.000000
0.435800 0.000000
0.436000 0.000000
0.436200 0.000000
0.436400 0.000000
0.436600 0.000000
0.436800 0.000000
0.437000 0.000000
0.437200 0.000000
0.437400 0.000000
0.437600 0.000000
0.437800 0.000000
0.438000 0.000000
0.438200 0.000000
0.438400 0.000000
0.438600 0.000000
0.438800 0.000000
0.439000 0.000000
0.439200 0.000000
0.439400 0.000000
0.439600 0.000000
0.439800 0.000000
0.440000 0.000000
0.440200 0.000000
0.440400 0.000000
0.440600 0.000000
0.440800 0.000000
0.441000 0.000000
0.441200 0.000000
0.441400 0.000000
0.441600 0.000000
0.441800 0.000000
0.442000 0.000000
0.442200 0.000000
0.442400 0.000000
0.442600 0.000000
0.442800 0.000000
0.443000 0.000000
0.443200 0.000000
0.443400 0.000000
0.443600 0.000000
0.443800 0.000000
0.444000 0.000000
0.444200 0.000000
0.444400 0.000000
0.444600 0.000000
0.444800 0.000000
0.445000 0.000000
0.445200 0.000000
0.445400 0.000000
0.445600 0.000000
0.445800 0.000000
0.446000 0.000000
0.446200 0.000000
0.446400 0.000000
0.446600 0.000000
0.446800 0.000000
0.447000 0.000000
0.447200 0.000000
0.447400 0.000000
0.447600 0.000000
0.447800 0.000000
0.448000 0.000000
0.448200 0.000000
0.448400 0.000000
0.448600 0.000000
0.448800 0.000000
0.449000 0.000000
0.449200 0.000000
0.449400 0.000000
0.449600 0.000000
0.449800 0.000000
0.450000 0.000000
0.450200 0.000000
0.450400 0.000000
0.450600 0.000000
0.450800 0.000000
0.451000 0.000000
0.451200 0.000000
0.451400 0.000000
0.451600 0.000000
0.451800 0.000000
0.452000 0.000000
0.452200 0.000000
0.452400 0.000000
0.452600 0.000000
0.452800 0.000000
0.453000 0.000000
0.453200 0.000000
0.453400 0.000000
0.453600 0.000000
0.453800 0.000000
0.454000 0.000000
0.454200 0.000000
0.454400 0.000000
0.454600 0.000000
0.454800 0.000000
0.455000 0.000000
0.455200 0.000000
0.455400 0.000000
0.455600 0.000000
0.455800 0.000000
0.456000 0.000000
0.456200 0.000000
0.456400 0.000000
0.456600 0.000000
0.456800 0.000000
0.457000 0.000000
0.457200 0.000000
0.457400 0.000001
0.457600 0.000001
0.457800 0.000001
0.458000 0.000001
0.458200 0.000001
0.458400 0.000001
0.458600 0.000001
0.458800 0.000001
0.459000 0.000001
0.459200 0.000001
0.459400 0.000001
0.459600 0.000001
0.459800 0.000001
0.460000 0.000001
0.460200 0.000001
0.460400 0.000001
0.460600 0.000001
0.460800 0.000001
0.461000 0.000001
0.461200 0.000001
0.461400 0.000001
0.461600 0.000001
0.461800 0.000001
0.462000 0.000001
0.462200 0.000001
0.462400 0.000001
0.462600 0.000001
0.462800 0.000001
0.463000 0.000001
0.463200 0.000001
0.463400 0.000001
0.463600 0.000001
0.463800 0.000001
0.464000 0.000001
0.464200 0.000001
0.464400 0.000001
0.464600 0.000001
0.464800 0.000001
0.465000 0.000001
0.465200 0.000001
0.465400 0.000001
0.465600 0.000001
0.465800 0.000001
0.466000 0.000001
0.466200 0.000001
0.466400 0.000001
0.466600 0.000001
0.466800 0.000001
0.467000 0.000001
0.467200 0.000001
0.467400 0.000001
0.467600 0.000001
0.467800 0.000001
0.468000 0.000001
0.468200 0.000001
0.468400 0.000002
0.468600 0.000002
0.468800 0.000002
0.469000 0.000002
0.469200 0.000002
0.469400 0.000002
0.469600 0.000002
0.469800 0.000002
0.470000 0.000002
0.470200 0.000002
0.470400 0.000002
0.470600 0.000002
0.470800 0.000002
0.471000 0.000002
0.471200 0.000002
0.471400 0.000002
0.471600 0.000002
0.471800 0.000002
0.472000 0.000002
0.472200 0.000002
0.472400 0.000002
0.472600 0.000002
0.472800 0.000002
0.473000 0.000002
0.473200 0.000002
0.473400 0.000002
0.473600 0.000003
0.473800 0.000003
0.474000 0.000003
0.474200 0.000003
0.474400 0.000003
0.474600 0.000003
0.474800 0.000003
0.475000 0.000003
0.475200 0.000003
0.475400 0.000003
0.475600 0.000003
0.475800 0.000003
0.476000 0.000003
0.476200 0.000003
0.476400 0.000003
0.476600 0.000003
0.476800 0.000003
0.477000 0.000003
0.477200 0.000004
0.477400 0.000004
0.477600 0.000004
0.477800 0.000004
0.478000 0.000004
0.478200 0.000004
0.478400 0.000004
0.478600 0.000004
0.478800 0.000004
0.479000 0.000004
0.479200 0.000004
0.479400 0.000004
0.479600 0.000004
0.479800 0.000005
0.480000 0.000005
0.480200 0.000005
0.480400 0.000005
0.480600 0.000005
0.480800 0.000005
0.481000 0.000005
0.481200 0.000005
0.481400 0.000005
0.481600 0.000005
0.481800 0.000005
0.482000 0.000006
0.482200 0.000006
0.482400 0.000006
0.482600 0.000006
0.482800 0.000006
0.483000 0.000006
0.483200 0.000006
0.483400 0.000006
0.483600 0.000006
0.483800 0.000007
0.484000 0.000007
0.484200 0.000007
0.484400 0.000007
0.484600 0.000007
0.484800 0.000007
0.485000 0.000007
0.485200 0.000008
0.485400 0.000008
0.485600 0.000008
0.485800 0.000008
0.486000 0.000008
0.486200 0.000008
0.486400 0.000008
0.486600 0.000009
0.486800 0.000009
0.487000 0.000009
0.487200 0.000009
0.487400 0.000009
0.487600 0.000009
0.487800 0.000010
0.488000 0.000010
0.488200 0.000010
0.488400 0.000010
0.488600 0.000010
0.488800 0.000010
0.489000 0.000011
0.489200 0.000011
0.489400 0.000011
0.489600 0.000011
0.489800 0.000011
0.490000 0.000012
0.490200 0.000012
0.490400 0.000012
0.490600 0.000012
0.490800 0.000012
0.491000 0.000013
0.491200 0.000013
0.491400 0.000013
0.491600 0.000013
0.491800 0.000014
0.492000 0.000014
0.492200 0.000014
0.492400 0.000014
0.492600 0.000015
0.492800 0.000015
0.493000 0.000015
0.493200 0.000015
0.493400 0.000016
0.493600 0.000016
0.493800 0.000016
0.494000 0.000017
0.494200 0.000017
0.494400 0.000017
0.494600 0.000018
0.494800 0.000018
0.495000 0.000018
0.495200 0.000019
0.495400 0.000019
0.495600 0.000019
0.495800 0.000020
0.496000 0.000020
0.496200 0.000020
0.496400 0.000021
0.496600 0.000021
0.496800 0.000021
0.497000 0.000022
0.497200 0.000022
0.497400 0.000022
0.497600 0.000023
0.497800 0.000023
0.498000 0.000024
0.498200 0.000024
0.498400 0.000025
0.498600 0.000025
0.498800 0.000025
0.499000 0.000026
0.499200 0.000026
0.499400 0.000027
0.499600 0.000027
0.499800 0.000028
0.500000 0.000028
0.500200 0.000029
0.500400 0.000029
0.500600 0.000030
0.500800 0.000030
0.501000 0.000031
0.501200 0.000031
0.501400 0.000032
0.501600 0.000032
0.501800 0.000033
0.502000 0.000033
0.502200 0.000034
0.502400 0.000035
0.502600 0.000035
0.502800 0.000036
0.503000 0.000036
0.503200 0.000037
0.503400 0.000038
0.503600 0.000038
0.503800 0.000039
0.504000 0.000040
0.504200 0.000040
0.504400 0.000041
0.504600 0.000042
0.504800 0.000043
0.505000 0.000043
0.505200 0.000044
0.505400 0.000045
0.505600 0.000046
0.505800 0.000046
0.506000 0.000047
0.506200 0.000048
0.506400 0.000049
0.506600 0.000050
0.506800 0.000050
0.507000 0.000051
0.507200 0.000052
0.507400 0.000053
0.507600 0.000054
0.507800 0.000055
0.508000 0.000056
0.508200 0.000057
0.508400 0.000058
0.508600 0.000059
0.508800 0.000060
0.509000 0.000061
0.509200 0.000062
0.509400 0.000063
0.509600 0.000064
0.509800 0.000065
0.510000 0.000066
0.510200 0.000067
0.510400 0.000068
0.510600 0.000069
0.510800 0.000070
0.511000 0.000072
0.511200 0.000073
0.511400 0.000074
0.511600 0.000075
0.511800 0.000076
0.512000 0.000078
0.512200 0.000079
0.512400 0.000080
0.512600 0.000082
0.512800 0.000083
0.513000 0.000084
0.513200 0.000086
0.513400 0.000087
0.513600 0.000089
0.513800 0.000090
0.514000 0.000092
0.514200 0.000093
0.514400 0.000095
0.514600 0.000096
0.514800 0.000098
0.515000 0.000099
0.515200 0.000101
0.515400 0.000103
0.515600 0.000104
0.515800 0.000106
0.516000 0.000108
0.516200 0.000110
0.516400 0.000111
0.516600 0.000113
0.516800 0.000115
0.517000 0.000117
0.517200 0.000119
0.517400 0.000121
0.517600 0.000123
0.517800 0.000125
0.518000 0.000127
0.518200 0.000129
0.518400 0.000131
0.518600 0.000133
0.518800 0.000135
0.519000 0.000137
0.519200 0.000139
0.519400 0.000142
0.519600 0.000144
0.519800 0.000146
0.520000 0.000149
0.520200 0.000151
0.520400 0.000153
0.520600 0.000156
0.520800 0.000158
0.521000 0.000161
0.521200 0.000163
0.521400 0.000166
0.521600 0.000169
0.521800 0.000171
0.522000 0.000174
0.522200 0.000177
0.522400 0.000180
0.522600 0.000182
0.522800 0.000185
0.523000 0.000188
0.523200 0.000191
0.523400 0.000194
0.523600 0.000197
0.523800 0.000200
0.524000 0.000204
0.524200 0.000207
0.524400 0.000210
0.524600 0.000213
0.524800 0.000217
0.525000 0.000220
0.525200 0.000224
0.525400 0.000227
0.525600 0.000231
0.525800 0.000234
0.526000 0.000238
0.526200 0.000242
0.526400 0.000245
0.526600 0.000249
0.526800 0.000253
0.527000 0.000257
0.527200 0.000261
0.527400 0.000265
0.527600 0.000269
0.527800 0.000273
0.528000 0.000278
0.528200 0.000282
0.528400 0.000286
0.528600 0.000291
0.528800 0.000295
0.529000 0.000300
0.529200 0.000304
0.529400 0.000309
0.529600 0.000314
0.529800 0.000318
0.530000 0.000323
0.530200 0.000328
0.530400 0.000333
0.530600 0.000338
0.530800 0.000343
0.531000 0.000349
0.531200 0.000354
0.531400 0.000359
0.531600 0.000365
0.531800 0.000370
0.532000 0.000376
0.532200 0.000382
0.532400 0.000387
0.532600 0.000393
0.532800 0.000399
0.533000 0.000405
0.533200 0.000411
0.533400 0.000418
0.533600 0.000424
0.533800 0.000430
0.534000 0.000437
0.534200 0.000443
0.534400 0.000450
0.534600 0.000457
0.534800 0.000463
0.535000 0.000470
0.535200 0.000477
0.535400 0.000485
0.535600 0.000492
0.535800 0.000499
0.536000 0.000507
0.536200 0.000514
0.536400 0.000522
0.536600 0.000529
0.536800 0.000537
0.537000 0.000545
0.537200 0.000553
0.537400 0.000561
0.537600 0.000570
0.537800 0.000578
0.538000 0.000587
0.538200 0.000595
0.538400 0.000604
0.538600 0.000613
0.538800 0.000622
0.539000 0.000631
0.539200 0.000640
0.539400 0.000650
0.539600 0.000659
0.539800 0.000669
0.540000 0.000678
0.540200 0.000688
0.540400 0.000698
0.540600 0.000709
0.540800 0.000719
0.541000 0.000729
0.541200 0.000740
0.541400 0.000750
0.541600 0.000761
0.541800 0.000772
0.542000 0.000784
0.542200 0.000795
0.542400 0.000806
0.542600 0.000818
0.542800 0.000830
0.543000 0.000842
0.543200 0.000854
0.543400 0.000866
0.543600 0.000878
0.543800 0.000891
0.544000 0.000904
0.544200 0.000916
0.544400 0.000929
0.544600 0.000943
0.544800 0.000956
0.545000 0.000970
0.545200 0.000983
0.545400 0.000997
0.545600 0.001012
0.545800 0.001026
0.546000 0.001040
0.546200 0.001055
0.546400 0.001070
0.546600 0.001085
0.546800 0.001100
0.547000 0.001116
0.547200 0.001132
0.547400 0.001147
0.547600 0.001164
0.547800 0.001180
0.548000 0.001196
0.548200 0.001213
0.548400 0.001230
0.548600 0.001247
0.548800 0.001265
0.549000 0.001282
0.549200 0.001300
0.549400 0.001318
0.549600 0.001336
0.549800 0.001355
0.550000 0.001374
0.550200 0.001393
0.550400 0.001412
0.550600 0.001431
0.550800 0.001451
0.551000 0.001471
0.551200 0.001491
0.551400 0.001512
0.551600 0.001533
0.551800 0.001554
0.552000 0.001575
0.552200 0.001597
0.552400 0.001618
0.552600 0.001640
0.552800 0.001663
0.553000 0.001686
0.553200 0.001708
0.553400 0.001732
0.553600 0.001755
0.553800 0.001779
0.554000 0.001803
0.554200 0.001828
0.554400 0.001852
0.554600 0.001877
0.554800 0.001903
0.555000 0.001928
0.555200 0.001954
0.555400 0.001981
0.555600 0.002007
0.555800 0.002034
0.556000 0.002061
0.556200 0.002089
0.556400 0.002117
0.556600 0.002145
0.556800 0.002174
0.557000 0.002203
0.557200 0.002232
0.557400 0.002262
0.557600 0.002292
0.557800 0.002323
0.558000 0.002353
0.558200 0.002385
0.558400 0.002416
0.558600 0.002448
0.558800 0.002480
0.559000 0.002513
0.559200 0.002546
0.559400 0.002580
0.559600 0.002614
0.559800 0.002648
0.560000 0.002683
0.560200 0.002718
0.560400 0.002754
0.560600 0.002790
0.560800 0.002826
0.561000 0.002863
0.561200 0.002900
0.561400 0.002938
0.561600 0.002976
0.561800 0.003015
0.562000 0.003054
0.562200 0.003094
0.562400 0.003134
0.562600 0.003174
0.562800 0.003215
0.563000 0.003257
0.563200 0.003299
0.563400 0.003341
0.563600 0.003384
0.563800 0.003428
0.564000 0.003471
0.564200 0.003516
0.564400 0.003561
0.564600 0.003607
0.564800 0.003653
0.565000 0.003699
0.565200 0.003746
0.565400 0.003794
0.565600 0.003842
0.565800 0.003891
0.566000 0.003940
0.566200 0.003990
0.566400 0.004041
0.566600 0.004092
0.566800 0.004144
0.567000 0.004196
0.567200 0.004249
0.567400 0.004302
0.567600 0.004356
0.567800 0.004411
0.568000 0.004466
0.568200 0.004522
0.568400 0.004579
0.568600 0.004636
0.568800 0.004694
0.569000 0.004752
0.569200 0.004811
0.569400 0.004871
0.569600 0.004932
0.569800 0.004993
0.570000 0.005055
0.570200 0.005117
0.570400 0.005181
0.570600 0.005245
0.570800 0.005309
0.571000 0.005375
0.571200 0.005441
0.571400 0.005508
0.571600 0.005575
0.571800 0.005644
0.572000 0.005713
0.572200 0.005783
0.572400 0.005853
0.572600 0.005925
0.572800 0.005997
0.573000 0.006070
0.573200 0.006144
0.573400 0.006218
0.573600 0.006294
0.573800 0.006370
0.574000 0.006447
0.574200 0.006525
0.574400 0.006604
0.574600 0.006684
0.574800 0.006764
0.575000 0.006845
0.575200 0.006928
0.575400 0.007011
0.575600 0.007095
0.575800 0.007180
0.576000 0.007266
0.576200 0.007352
0.576400 0.007440
0.576600 0.007529
0.576800 0.007618
0.577000 0.007709
0.577200 0.007800
0.577400 0.007893
0.577600 0.007986
0.577800 0.008081
0.578000 0.008176
0.578200 0.008272
0.578400 0.008370
0.578600 0.008468
0.578800 0.008568
0.579000 0.008668
0.579200 0.008770
0.579400 0.008873
0.579600 0.008977
0.579800 0.009081
0.580000 0.009187
0.580200 0.009294
0.580400 0.009403
0.580600 0.009512
0.580800 0.009622
0.581000 0.009734
0.581200 0.009846
0.581400 0.009960
0.581600 0.010075
0.581800 0.010191
0.582000 0.010309
0.582200 0.010427
0.582400 0.010547
0.582600 0.010668
0.582800 0.010791
0.583000 0.010914
0.583200 0.011039
0.583400 0.011165
0.583600 0.011292
0.583800 0.011421
0.584000 0.011551
0.584200 0.011682
0.584400 0.011814
0.584600 0.011948
0.584800 0.012083
0.585000 0.012220
0.585200 0.012358
0.585400 0.012497
0.585600 0.012638
0.585800 0.012780
0.586000 0.012924
0.586200 0.013068
0.586400 0.013215
0.586600 0.013363
0.586800 0.013512
0.587000 0.013663
0.587200 0.013815
0.587400 0.013968
0.587600 0.014124
0.587800 0.014280
0.588000 0.014439
0.588200 0.014599
0.588400 0.014760
0.588600 0.014923
0.588800 0.015087
0.589000 0.015253
0.589200 0.015421
0.589400 0.015590
0.589600 0.015761
0.589800 0.015934
0.590000 0.016108
0.590200 0.016284
0.590400 0.016462
0.590600 0.016641
0.590800 0.016822
0.591000 0.017005
0.591200 0.017190
0.591400 0.017376
0.591600 0.017564
0.591800 0.017754
0.592000 0.017945
0.592200 0.018139
0.592400 0.018334
0.592600 0.018531
0.592800 0.018730
0.593000 0.018931
0.593200 0.019133
0.593400 0.019338
0.593600 0.019544
0.593800 0.019753
0.594000 0.019963
0.594200 0.020175
0.594400 0.020389
0.594600 0.020605
0.594800 0.020824
0.595000 0.021044
0.595200 0.021266
0.595400 0.021490
0.595600 0.021716
0.595800 0.021945
0.596000 0.022175
0.596200 0.022408
0.596400 0.022642
0.596600 0.022879
0.596800 0.023118
0.597000 0.023359
0.597200 0.023603
0.597400 0.023848
0.597600 0.024096
0.597800 0.024345
0.598000 0.024598
0.598200 0.024852
0.598400 0.025109
0.598600 0.025367
0.598800 0.025629
0.599000 0.025892
0.599200 0.026158
0.599400 0.026426
0.599600 0.026697
0.599800 0.026970
0.600000 0.027245
0.600200 0.027523
0.600400 0.027803
0.600600 0.028086
0.600800 0.028371
0.601000 0.028659
0.601200 0.028949
0.601400 0.029241
0.601600 0.029537
0.601800 0.029834
0.602000 0.030134
0.602200 0.030437
0.602400 0.030743
0.602600 0.031051
0.602800 0.031362
0.603000 0.031675
0.603200 0.031991
0.603400 0.032310
0.603600 0.032631
0.603800 0.032955
0.604000 0.033282
0.604200 0.033612
0.604400 0.033944
0.604600 0.034280
0.604800 0.034618
0.605000 0.034958
0.605200 0.035302
0.605400 0.035649
0.605600 0.035998
0.605800 0.036351
0.606000 0.036706
0.606200 0.037064
0.606400 0.037425
0.606600 0.037789
0.606800 0.038157
0.607000 0.038527
0.607200 0.038900
0.607400 0.039276
0.607600 0.039656
0.607800 0.040038
0.608000 0.040424
0.608200 0.040812
0.608400 0.041204
0.608600 0.041599
0.608800 0.041997
0.609000 0.042398
0.609200 0.042803
0.609400 0.043211
0.609600 0.043622
0.609800 0.044036
0.610000 0.044454
0.610200 0.044875
0.610400 0.045299
0.610600 0.045727
0.610800 0.046158
0.611000 0.046592
0.611200 0.047030
0.611400 0.047471
0.611600 0.047916
0.611800 0.048364
0.612000 0.048815
0.612200 0.049271
0.612400 0.049729
0.612600 0.050191
0.612800 0.050657
0.613000 0.051127
0.613200 0.051600
0.613400 0.052076
0.613600 0.052556
0.613800 0.053040
0.614000 0.053528
0.614200 0.054019
0.614400 0.054514
0.614600 0.055013
0.614800 0.055516
0.615000 0.056022
0.615200 0.056532
0.615400 0.057046
0.615600 0.057564
0.615800 0.058086
0.616000 0.058611
0.616200 0.059141
0.616400 0.059674
0.616600 0.060211
0.616800 0.060753
0.617000 0.061298
0.617200 0.061847
0.617400 0.062401
0.617600 0.062958
0.617800 0.063519
0.618000 0.064085
0.618200 0.064654
0.618400 0.065228
0.618600 0.065806
0.618800 0.066388
0.619000 0.066974
0.619200 0.067565
0.619400 0.068159
0.619600 0.068758
0.619800 0.069361
0.620000 0.069969
0.620200 0.070581
0.620400 0.071197
0.620600 0.071817
0.620800 0.072442
0.621000 0.073071
0.621200 0.073705
0.621400 0.074343
0.621600 0.074985
0.621800 0.075632
0.622000 0.076283
0.622200 0.076939
0.622400 0.077600
0.622600 0.078264
0.622800 0.078934
0.623000 0.079608
0.623200 0.080287
0.623400 0.080970
0.623600 0.081658
0.623800 0.082351
0.624000 0.083048
0.624200 0.083750
0.624400 0.084457
0.624600 0.085168
0.624800 0.085884
0.625000 0.086605
0.625200 0.087331
0.625400 0.088062
0.625600 0.088797
0.625800 0.089537
0.626000 0.090283
0.626200 0.091033
0.626400 0.091788
0.626600 0.092547
0.626800 0.093312
0.627000 0.094082
0.627200 0.094857
0.627400 0.095637
0.627600 0.096422
0.627800 0.097211
0.628000 0.098006
0.628200 0.098806
0.628400 0.099611
0.628600 0.100422
0.628800 0.101237
0.629000 0.102058
0.629200 0.102883
0.629400 0.103714
0.629600 0.104550
0.629800 0.105391
0.630000 0.106238
0.630200 0.107090
0.630400 0.107947
0.630600 0.108809
0.630800 0.109677
0.631000 0.110550
0.631200 0.111428
0.631400 0.112312
0.631600 0.113201
0.631800 0.114095
0.632000 0.114995
0.632200 0.115901
0.632400 0.116811
0.632600 0.117728
0.632800 0.118649
0.633000 0.119577
0.633200 0.120509
0.633400 0.121448
0.633600 0.122391
0.633800 0.123341
0.634000 0.124296
0.634200 0.125256
0.634400 0.126222
0.634600 0.127194
0.634800 0.128172
0.635000 0.129155
0.635200 0.130143
0.635400 0.131138
0.635600 0.132138
0.635800 0.133144
0.636000 0.134155
0.636200 0.135172
0.636400 0.136195
0.636600 0.137224
0.636800 0.138259
0.637000 0.139299
0.637200 0.140345
0.637400 0.141397
0.637600 0.142455
0.637800 0.143519
0.638000 0.144588
0.638200 0.145664
0.638400 0.146745
0.638600 0.147832
0.638800 0.148926
0.639000 0.150025
0.639200 0.151130
0.639400 0.152241
0.639600 0.153357
0.639800 0.154480
0.640000 0.155609
0.640200 0.156744
0.640400 0.157885
0.640600 0.159032
0.640800 0.160185
0.641000 0.161344
0.641200 0.162509
0.641400 0.163680
0.641600 0.164857
0.641800 0.166040
0.642000 0.167229
0.642200 0.168425
0.642400 0.169626
0.642600 0.170834
0.642800 0.172047
0.643000 0.173267
0.643200 0.174493
0.643400 0.175725
0.643600 0.176964
0.643800 0.178208
0.644000 0.179459
0.644200 0.180716
0.644400 0.181978
0.644600 0.183248
0.644800 0.184523
0.645000 0.185805
0.645200 0.187092
0.645400 0.188386
0.645600 0.189687
0.645800 0.190993
0.646000 0.192306
0.646200 0.193625
0.646400 0.194950
0.646600 0.196281
0.646800 0.197619
0.647000 0.198963
0.647200 0.200313
0.647400 0.201669
0.647600 0.203032
0.647800 0.204401
0.648000 0.205776
0.648200 0.207158
0.648400 0.208545
0.648600 0.209940
0.648800 0.211340
0.649000 0.212746
0.649200 0.214159
0.649400 0.215579
0.649600 0.217004
0.649800 0.218436
0.650000 0.219874
0.650200 0.221318
0.650400 0.222769
0.650600 0.224226
0.650800 0.225689
0.651000 0.227158
0.651200 0.228634
0.651400 0.230116
0.651600 0.231604
0.651800 0.233099
0.652000 0.234600
0.652200 0.236107
0.652400 0.237620
0.652600 0.239140
0.652800 0.240666
0.653000 0.242198
0.653200 0.243736
0.653400 0.245281
0.653600 0.246832
0.653800 0.248389
0.654000 0.249952
0.654200 0.251522
0.654400 0.253097
0.654600 0.254679
0.654800 0.256267
0.655000 0.257862
0.655200 0.259462
0.655400 0.261069
0.655600 0.262682
0.655800 0.264301
0.656000 0.265926
0.656200 0.267558
0.656400 0.269195
0.656600 0.270839
0.656800 0.272489
0.657000 0.274145
0.657200 0.275807
0.657400 0.277475
0.657600 0.279149
0.657800 0.280829
0.658000 0.282515
0.658200 0.284208
0.658400 0.285906
0.658600 0.287610
0.658800 0.289321
0.659000 0.291037
0.659200 0.292759
0.659400 0.294487
0.659600 0.296222
0.659800 0.297962
0.660000 0.299708
0.660200 0.301460
0.660400 0.303218
0.660600 0.304981
0.660800 0.306751
0.661000 0.308526
0.661200 0.310307
0.661400 0.312094
0.661600 0.313887
0.661800 0.315686
0.662000 0.317490
0.662200 0.319300
0.662400 0.321116
0.662600 0.322937
0.662800 0.324764
0.663000 0.326597
0.663200 0.328435
0.663400 0.330279
0.663600 0.332128
0.663800 0.333983
0.664000 0.335844
0.664200 0.337710
0.664400 0.339582
0.664600 0.341459
0.664800 0.343341
0.665000 0.345229
0.665200 0.347122
0.665400 0.349021
0.665600 0.350925
0.665800 0.352834
0.666000 0.354749
0.666200 0.356669
0.666400 0.358594
0.666600 0.360524
0.666800 0.362460
0.667000 0.364400
0.667200 0.366346
0.667400 0.368297
0.667600 0.370253
0.667800 0.372214
0.668000 0.374180
0.668200 0.376151
0.668400 0.378127
0.668600 0.380108
0.668800 0.382093
0.669000 0.384084
0.669200 0.386079
0.669400 0.388080
0.669600 0.390085
0.669800 0.392094
0.670000 0.394109
0.670200 0.396128
0.670400 0.398151
0.670600 0.400180
0.670800 0.402212
0.671000 0.404250
0.671200 0.406292
0.671400 0.408338
0.671600 0.410389
0.671800 0.412444
0.672000 0.414503
0.672200 0.416567
0.672400 0.418635
0.672600 0.420707
0.672800 0.422783
0.673000 0.424864
0.673200 0.426948
0.673400 0.429037
0.673600 0.431130
0.673800 0.433227
0.674000 0.435327
0.674200 0.437432
0.674400 0.439540
0.674600 0.441652
0.674800 0.443768
0.675000 0.445888
0.675200 0.448012
0.675400 0.450139
0.675600 0.452270
0.675800 0.454404
0.676000 0.456542
0.676200 0.458683
0.676400 0.460828
0.676600 0.462976
0.676800 0.465127
0.677000 0.467282
0.677200 0.469440
0.677400 0.471601
0.677600 0.473765
0.677800 0.475933
0.678000 0.478103
0.678200 0.480277
0.678400 0.482453
0.678600 0.484633
0.678800 0.486815
0.679000 0.489000
0.679200 0.491188
0.679400 0.493378
0.679600 0.495571
0.679800 0.497767
0.680000 0.499965
0.680200 0.502166
0.680400 0.504370
0.680600 0.506575
0.680800 0.508783
0.681000 0.510994
0.681200 0.513206
0.681400 0.515421
0.681600 0.517638
0.681800 0.519857
0.682000 0.522078
0.682200 0.524301
0.682400 0.526526
0.682600 0.528753
0.682800 0.530981
0.683000 0.533211
0.683200 0.535444
0.683400 0.537677
0.683600 0.539912
0.683800 0.542149
0.684000 0.544387
0.684200 0.546627
0.684400 0.548868
0.684600 0.551110
0.684800 0.553354
0.685000 0.555598
0.685200 0.557844
0.685400 0.560091
0.685600 0.562339
0.685800 0.564588
0.686000 0.566837
0.686200 0.569088
0.686400 0.571339
0.686600 0.573591
0.686800 0.575843
0.687000 0.578097
0.687200 0.580350
0.687400 0.582604
0.687600 0.584859
0.687800 0.587113
0.688000 0.589368
0.688200 0.591624
0.688400 0.593879
0.688600 0.596134
0.688800 0.598390
0.689000 0.600645
0.689200 0.602900
0.689400 0.605155
0.689600 0.607410
0.689800 0.609665
0.690000 0.611919
0.690200 0.614172
0.690400 0.616425
0.690600 0.618678
0.690800 0.620930
0.691000 0.623181
0.691200 0.625431
0.691400 0.627681
0.691600 0.629929
0.691800 0.632177
0.692000 0.634423
0.692200 0.636669
0.692400 0.638913
0.692600 0.641156
0.692800 0.643398
0.693000 0.645638
0.693200 0.647877
0.693400 0.650114
0.693600 0.652350
0.693800 0.654584
0.694000 0.656817
0.694200 0.659047
0.694400 0.661276
0.694600 0.663502
0.694800 0.665727
0.695000 0.667950
0.695200 0.670170
0.695400 0.672389
0.695600 0.674605
0.695800 0.676818
0.696000 0.679030
0.696200 0.681238
0.696400 0.683445
0.696600 0.685648
0.696800 0.687849
0.697000 0.690047
0.697200 0.692242
0.697400 0.694435
0.697600 0.696624
0.697800 0.698810
0.698000 0.700993
0.698200 0.703173
0.698400 0.705350
0.698600 0.707523
0.698800 0.709693
0.699000 0.711859
0.699200 0.714022
0.699400 0.716181
0.699600 0.718337
0.699800 0.720489
0.700000 0.722637
0.700200 0.724781
0.700400 0.726921
0.700600 0.729057
0.700800 0.731188
0.701000 0.733316
0.701200 0.735439
0.701400 0.737559
0.701600 0.739673
0.701800 0.741783
0.702000 0.743889
0.702200 0.745990
0.702400 0.748086
0.702600 0.750178
0.702800 0.752264
0.703000 0.754346
0.703200 0.756423
0.703400 0.758494
0.703600 0.760561
0.703800 0.762622
0.704000 0.764679
0.704200 0.766729
0.704400 0.768775
0.704600 0.770815
0.704800 0.772849
0.705000 0.774878
0.705200 0.776901
0.705400 0.778918
0.705600 0.780929
0.705800 0.782935
0.706000 0.784935
0.706200 0.786928
0.706400 0.788916
0.706600 0.790897
0.706800 0.792872
0.707000 0.794841
0.707200 0.796803
0.707400 0.798759
0.707600 0.800708
0.707800 0.802651
0.708000 0.804587
0.708200 0.806516
0.708400 0.808439
0.708600 0.810355
0.708800 0.812263
0.709000 0.814165
0.709200 0.816060
0.709400 0.817947
0.709600 0.819828
0.709800 0.821701
0.710000 0.823566
0.710200 0.825425
0.710400 0.827276
0.710600 0.829119
0.710800 0.830955
0.711000 0.832783
0.711200 0.834603
0.711400 0.836416
0.711600 0.838220
0.711800 0.840017
0.712000 0.841806
0.712200 0.843586
0.712400 0.845359
0.712600 0.847123
0.712800 0.848880
0.713000 0.850627
0.713200 0.852367
0.713400 0.854098
0.713600 0.855821
0.713800 0.857535
0.714000 0.859240
0.714200 0.860937
0.714400 0.862625
0.714600 0.864304
0.714800 0.865974
0.715000 0.867635
0.715200 0.869288
0.715400 0.870931
0.715600 0.872565
0.715800 0.874190
0.716000 0.875806
0.716200 0.877413
0.716400 0.879010
0.716600 0.880598
0.716800 0.882176
0.717000 0.883745
0.717200 0.885305
0.717400 0.886855
0.717600 0.888395
0.717800 0.889925
0.718000 0.891446
0.718200 0.892956
0.718400 0.894457
0.718600 0.895948
0.718800 0.897429
0.719000 0.898900
0.719200 0.900361
0.719400 0.901812
0.719600 0.903252
0.719800 0.904682
0.720000 0.906102
0.720200 0.907512
0.720400 0.908911
0.720600 0.910300
0.720800 0.911678
0.721000 0.913046
0.721200 0.914403
0.721400 0.915749
0.721600 0.917085
0.721800 0.918410
0.722000 0.919725
0.722200 0.921028
0.722400 0.922321
0.722600 0.923603
0.722800 0.924873
0.723000 0.926133
0.723200 0.927382
0.723400 0.928620
0.723600 0.929846
0.723800 0.931062
0.724000 0.932266
0.724200 0.933459
0.724400 0.934641
0.724600 0.935811
0.724800 0.936970
0.725000 0.938118
0.725200 0.939254
0.725400 0.940379
0.725600 0.941492
0.725800 0.942594
0.726000 0.943684
0.726200 0.944762
0.726400 0.945829
0.726600 0.946884
0.726800 0.947928
0.727000 0.948960
0.727200 0.949980
0.727400 0.950988
0.727600 0.951984
0.727800 0.952969
0.728000 0.953942
0.728200 0.954902
0.728400 0.955851
0.728600 0.956788
0.728800 0.957713
0.729000 0.958626
0.729200 0.959527
0.729400 0.960415
0.729600 0.961292
0.729800 0.962156
0.730000 0.963009
0.730200 0.963849
0.730400 0.964677
0.730600 0.965493
0.730800 0.966296
0.731000 0.967088
0.731200 0.967867
0.731400 0.968634
0.731600 0.969388
0.731800 0.970130
0.732000 0.970860
0.732200 0.971578
0.732400 0.972283
0.732600 0.972976
0.732800 0.973656
0.733000 0.974324
0.733200 0.974980
0.733400 0.975623
0.733600 0.976254
0.733800 0.976872
0.734000 0.977478
0.734200 0.978071
0.734400 0.978652
0.734600 0.979220
0.734800 0.979776
0.735000 0.980320
0.735200 0.980851
0.735400 0.981369
0.735600 0.981875
0.735800 0.982369
0.736000 0.982850
0.736200 0.983318
0.736400 0.983774
0.736600 0.984218
0.736800 0.984649
0.737000 0.985067
0.737200 0.985473
0.737400 0.985867
0.737600 0.986248
0.737800 0.986616
0.738000 0.986972
0.738200 0.987316
0.738400 0.987647
0.738600 0.987965
0.738800 0.988271
0.739000 0.988565
0.739200 0.988846
0.739400 0.989115
0.739600 0.989371
0.739800 0.989615
0.740000 0.989847
0.740200 0.990066
0.740400 0.990273
0.740600 0.990468
0.740800 0.990650
0.741000 0.990820
0.741200 0.990977
0.741400 0.991123
0.741600 0.991256
0.741800 0.991376
0.742000 0.991485
0.742200 0.991581
0.742400 0.991666
0.742600 0.991738
0.742800 0.991798
0.743000 0.991845
0.743200 0.991881
0.743400 0.991905
0.743600 0.991916
0.743800 0.991916
0.744000 0.991904
0.744200 0.991879
0.744400 0.991843
0.744600 0.991795
0.744800 0.991735
0.745000 0.991663
0.745200 0.991580
0.745400 0.991485
0.745600 0.991377
0.745800 0.991259
0.746000 0.991128
0.746200 0.990986
0.746400 0.990833
0.746600 0.990668
0.746800 0.990491
0.747000 0.990303
0.747200 0.990104
0.747400 0.989893
0.747600 0.989671
0.747800 0.989437
0.748000 0.989192
0.748200 0.988936
0.748400 0.988669
0.748600 0.988391
0.748800 0.988102
0.749000 0.987802
0.749200 0.987490
0.749400 0.987168
0.749600 0.986835
0.749800 0.986491
0.750000 0.986137
0.750200 0.985771
0.750400 0.985395
0.750600 0.985008
0.750800 0.984611
0.751000 0.984204
0.751200 0.983785
0.751400 0.983357
0.751600 0.982918
0.751800 0.982469
0.752000 0.982010
0.752200 0.981540
0.752400 0.981060
0.752600 0.980571
0.752800 0.980071
0.753000 0.979562
0.753200 0.979042
0.753400 0.978513
0.753600 0.977974
0.753800 0.977426
0.754000 0.976868
0.754200 0.976300
0.754400 0.975723
0.754600 0.975137
0.754800 0.974541
0.755000 0.973936
0.755200 0.973322
0.755400 0.972699
0.755600 0.972066
0.755800 0.971425
0.756000 0.970775
0.756200 0.970116
0.756400 0.969449
0.756600 0.968773
0.756800 0.968088
0.757000 0.967394
0.757200 0.966693
0.757400 0.965983
0.757600 0.965264
0.757800 0.964538
0.758000 0.963803
0.758200 0.963061
0.758400 0.962310
0.758600 0.961552
0.758800 0.960786
0.759000 0.960012
0.759200 0.959231
0.759400 0.958442
0.759600 0.957645
0.759800 0.956842
0.760000 0.956031
0.760200 0.955213
0.760400 0.954388
0.760600 0.953556
0.760800 0.952717
0.761000 0.951871
0.761200 0.951019
0.761400 0.950160
0.761600 0.949294
0.761800 0.948422
0.762000 0.947544
0.762200 0.946659
0.762400 0.945769
0.762600 0.944872
0.762800 0.943969
0.763000 0.943061
0.763200 0.942147
0.763400 0.941227
0.763600 0.940302
0.763800 0.939371
0.764000 0.938435
0.764200 0.937494
0.764400 0.936547
0.764600 0.935596
0.764800 0.934639
0.765000 0.933678
0.765200 0.932712
0.765400 0.931741
0.765600 0.930766
0.765800 0.929787
0.766000 0.928803
0.766200 0.927815
0.766400 0.926823
0.766600 0.925828
0.766800 0.924828
0.767000 0.923824
0.767200 0.922817
0.767400 0.921807
0.767600 0.920793
0.767800 0.919775
0.768000 0.918755
0.768200 0.917731
0.768400 0.916705
0.768600 0.915676
0.768800 0.914644
0.769000 0.913609
0.769200 0.912572
0.769400 0.911532
0.769600 0.910491
0.769800 0.909447
0.770000 0.908401
0.770200 0.907354
0.770400 0.906304
0.770600 0.905253
0.770800 0.904200
0.771000 0.903146
0.771200 0.902091
0.771400 0.901035
0.771600 0.899977
0.771800 0.898919
0.772000 0.897860
0.772200 0.896800
0.772400 0.895740
0.772600 0.894679
0.772800 0.893618
0.773000 0.892557
0.773200 0.891495
0.773400 0.890434
0.773600 0.889373
0.773800 0.888313
0.774000 0.887253
0.774200 0.886194
0.774400 0.885135
0.774600 0.884077
0.774800 0.883020
0.775000 0.881965
0.775200 0.880910
0.775400 0.879858
0.775600 0.878806
0.775800 0.877756
0.776000 0.876709
0.776200 0.875663
0.776400 0.874619
0.776600 0.873577
0.776800 0.872538
0.777000 0.871501
0.777200 0.870467
0.777400 0.869435
0.777600 0.868406
0.777800 0.867381
0.778000 0.866359
0.778200 0.865339
0.778400 0.864324
0.778600 0.863312
0.778800 0.862303
0.779000 0.861299
0.779200 0.860298
0.779400 0.859302
0.779600 0.858310
0.779800 0.857322
0.780000 0.856339
0.780200 0.855361
0.780400 0.854387
0.780600 0.853419
0.780800 0.852455
0.781000 0.851497
0.781200 0.850544
0.781400 0.849597
0.781600 0.848655
0.781800 0.847720
0.782000 0.846790
0.782200 0.845867
0.782400 0.844949
0.782600 0.844039
0.782800 0.843134
0.783000 0.842237
0.783200 0.841346
0.783400 0.840462
0.783600 0.839586
0.783800 0.838717
0.784000 0.837855
0.784200 0.837001
0.784400 0.836154
0.784600 0.835316
0.784800 0.834485
0.785000 0.833663
0.785200 0.832849
0.785400 0.832043
0.785600 0.831246
0.785800 0.830458
0.786000 0.829679
0.786200 0.828909
0.786400 0.828148
0.786600 0.827396
0.786800 0.826654
0.787000 0.825922
0.787200 0.825200
0.787400 0.824487
0.787600 0.823785
0.787800 0.823093
0.788000 0.822411
0.788200 0.821740
0.788400 0.821079
0.788600 0.820430
0.788800 0.819792
0.789000 0.819164
0.789200 0.818548
0.789400 0.817944
0.789600 0.817351
0.789800 0.816770
0.790000 0.816201
0.790200 0.815644
0.790400 0.815099
0.790600 0.814567
0.790800 0.814047
0.791000 0.813540
0.791200 0.813046
0.791400 0.812564
0.791600 0.812096
0.791800 0.811642
0.792000 0.811200
0.792200 0.810773
0.792400 0.810359
0.792600 0.809959
0.792800 0.809573
0.793000 0.809201
0.793200 0.808844
0.793400 0.808501
0.793600 0.808173
0.793800 0.807860
0.794000 0.807562
0.794200 0.807279
0.794400 0.807011
0.794600 0.806759
0.794800 0.806522
0.795000 0.806301
0.795200 0.806096
0.795400 0.805907
0.795600 0.805734
0.795800 0.805578
0.796000 0.805438
0.796200 0.805315
0.796400 0.805209
0.796600 0.805119
0.796800 0.805047
0.797000 0.804992
0.797200 0.804955
0.797400 0.804935
0.797600 0.804933
0.797800 0.804949
0.798000 0.804982
0.798200 0.805034
0.798400 0.805105
0.798600 0.805194
0.798800 0.805301
0.799000 0.805428
0.799200 0.805573
0.799400 0.805737
0.799600 0.805921
0.799800 0.806124
0.800000 0.806347
0.800200 0.806589
0.800400 0.806852
0.800600 0.807134
0.800800 0.807437
0.801000 0.807759
0.801200 0.808103
0.801400 0.808467
0.801600 0.808851
0.801800 0.809257
0.802000 0.809683
0.802200 0.810131
0.802400 0.810601
0.802600 0.811091
0.802800 0.811604
0.803000 0.812138
0.803200 0.812694
0.803400 0.813272
0.803600 0.813873
0.803800 0.814496
0.804000 0.815141
0.804200 0.815810
0.804400 0.816501
0.804600 0.817215
0.804800 0.817952
0.805000 0.818712
0.805200 0.819496
0.805400 0.820304
0.805600 0.821135
0.805800 0.821990
0.806000 0.822869
0.806200 0.823772
0.806400 0.824700
0.806600 0.825652
0.806800 0.826628
0.807000 0.827629
0.807200 0.828655
0.807400 0.829706
0.807600 0.830783
0.807800 0.831884
0.808000 0.833011
0.808200 0.834164
0.808400 0.835342
0.808600 0.836546
0.808800 0.837776
0.809000 0.839032
0.809200 0.840315
0.809400 0.841624
0.809600 0.842959
0.809800 0.844321
0.810000 0.845710
0.810200 0.847126
0.810400 0.848569
0.810600 0.850039
0.810800 0.851537
0.811000 0.853062
0.811200 0.854615
0.811400 0.856195
0.811600 0.857804
0.811800 0.859440
0.812000 0.861105
0.812200 0.862798
0.812400 0.864519
0.812600 0.866269
0.812800 0.868048
0.813000 0.869855
0.813200 0.871691
0.813400 0.873557
0.813600 0.875452
0.813800 0.877376
0.814000 0.879329
0.814200 0.881312
0.814400 0.883325
0.814600 0.885368
0.814800 0.887440
0.815000 0.889543
0.815200 0.891676
0.815400 0.893840
0.815600 0.896033
0.815800 0.898258
0.816000 0.900513
0.816200 0.902799
0.816400 0.905116
0.816600 0.907464
0.816800 0.909843
0.817000 0.912254
0.817200 0.914696
0.817400 0.917169
0.817600 0.919674
0.817800 0.922211
0.818000 0.924780
0.818200 0.927381
0.818400 0.930015
0.818600 0.932680
0.818800 0.935378
0.819000 0.938108
0.819200 0.940871
0.819400 0.943666
0.819600 0.946495
0.819800 0.949356
0.820000 0.952250
0.820200 0.955178
0.820400 0.958138
0.820600 0.961132
0.820800 0.964160
0.821000 0.967221
0.821200 0.970316
0.821400 0.973444
0.821600 0.976607
0.821800 0.979803
0.822000 0.983034
0.822200 0.986299
0.822400 0.989598
0.822600 0.992931
0.822800 0.996299
0.823000 0.999702
0.823200 1.003139
0.823400 1.006611
0.823600 1.010118
0.823800 1.013660
0.824000 1.017236
0.824200 1.020849
0.824400 1.024496
0.824600 1.028179
0.824800 1.031897
0.825000 1.035651
0.825200 1.039440
0.825400 1.043265
0.825600 1.047126
0.825800 1.051022
0.826000 1.054955
0.826200 1.058924
0.826400 1.062929
0.826600 1.066970
0.826800 1.071047
0.827000 1.075161
0.827200 1.079311
0.827400 1.083498
0.827600 1.087722
0.827800 1.091982
0.828000 1.096279
0.828200 1.100612
0.828400 1.104983
0.828600 1.109391
0.828800 1.113836
0.829000 1.118317
0.829200 1.122837
0.829400 1.127393
0.829600 1.131987
0.829800 1.136618
0.830000 1.141287
0.830200 1.145993
0.830400 1.150737
0.830600 1.155518
0.830800 1.160338
0.831000 1.165195
0.831200 1.170090
0.831400 1.175023
0.831600 1.179994
0.831800 1.185003
0.832000 1.190050
0.832200 1.195135
0.832400 1.200258
0.832600 1.205420
0.832800 1.210620
0.833000 1.215859
0.833200 1.221135
0.833400 1.226451
0.833600 1.231805
0.833800 1.237197
0.834000 1.242628
0.834200 1.248097
0.834400 1.253606
0.834600 1.259153
0.834800 1.264739
0.835000 1.270363
0.835200 1.276027
0.835400 1.281729
0.835600 1.287470
0.835800 1.293251
0.836000 1.299070
0.836200 1.304928
0.836400 1.310826
0.836600 1.316762
0.836800 1.322738
0.837000 1.328752
0.837200 1.334806
0.837400 1.340899
0.837600 1.347031
0.837800 1.353203
0.838000 1.359414
0.838200 1.365664
0.838400 1.371953
0.838600 1.378282
0.838800 1.384650
0.839000 1.391057
0.839200 1.397504
0.839400 1.403990
0.839600 1.410516
0.839800 1.417081
0.840000 1.423685
0.840200 1.430329
0.840400 1.437012
0.840600 1.443734
0.840800 1.450496
0.841000 1.457298
0.841200 1.464139
0.841400 1.471019
0.841600 1.477939
0.841800 1.484898
0.842000 1.491896
0.842200 1.498934
0.842400 1.506012
0.842600 1.513128
0.842800 1.520285
0.843000 1.527480
0.843200 1.534715
0.843400 1.541989
0.843600 1.549303
0.843800 1.556655
0.844000 1.564047
0.844200 1.571479
0.844400 1.578949
0.844600 1.586459
0.844800 1.594008
0.845000 1.601596
0.845200 1.609224
0.845400 1.616890
0.845600 1.624596
0.845800 1.632340
0.846000 1.640124
0.846200 1.647946
0.846400 1.655808
0.846600 1.663708
0.846800 1.671647
0.847000 1.679625
0.847200 1.687642
0.847400 1.695698
0.847600 1.703792
0.847800 1.711925
0.848000 1.720096
0.848200 1.728306
0.848400 1.736555
0.848600 1.744842
0.848800 1.753167
0.849000 1.761530
0.849200 1.769932
0.849400 1.778372
0.849600 1.786851
0.849800 1.795367
0.850000 1.803921
0.850200 1.812513
0.850400 1.821144
0.850600 1.829812
0.850800 1.838517
0.851000 1.847261
0.851200 1.856041
0.851400 1.864860
0.851600 1.873716
0.851800 1.882609
0.852000 1.891539
0.852200 1.900507
0.852400 1.909512
0.852600 1.918554
0.852800 1.927633
0.853000 1.936748
0.853200 1.945901
0.853400 1.955090
0.853600 1.964315
0.853800 1.973577
0.854000 1.982876
0.854200 1.992211
0.854400 2.001582
0.854600 2.010989
0.854800 2.020432
0.855000 2.029910
0.855200 2.039425
0.855400 2.048975
0.855600 2.058561
0.855800 2.068182
0.856000 2.077839
0.856200 2.087531
0.856400 2.097257
0.856600 2.107019
0.856800 2.116816
0.857000 2.126647
0.857200 2.136513
0.857400 2.146414
0.857600 2.156349
0.857800 2.166318
0.858000 2.176321
0.858200 2.186358
0.858400 2.196429
0.858600 2.206533
0.858800 2.216671
0.859000 2.226843
0.859200 2.237047
0.859400 2.247285
0.859600 2.257556
0.859800 2.267860
0.860000 2.278196
0.860200 2.288565
0.860400 2.298966
0.860600 2.309400
0.860800 2.319866
0.861000 2.330363
0.861200 2.340892
0.861400 2.351453
0.861600 2.362046
0.861800 2.372669
0.862000 2.383324
0.862200 2.394010
0.862400 2.404726
0.862600 2.415473
0.862800 2.426251
0.863000 2.437058
0.863200 2.447896
0.863400 2.458764
0.863600 2.469661
0.863800 2.480588
0.864000 2.491545
0.864200 2.502530
0.864400 2.513545
0.864600 2.524588
0.864800 2.535660
0.865000 2.546761
0.865200 2.557890
0.865400 2.569046
0.865600 2.580231
0.865800 2.591443
0.866000 2.602683
0.866200 2.613950
0.866400 2.625244
0.866600 2.636565
0.866800 2.647912
0.867000 2.659286
0.867200 2.670686
0.867400 2.682112
0.867600 2.693564
0.867800 2.705042
0.868000 2.716545
0.868200 2.728073
0.868400 2.739626
0.868600 2.751204
0.868800 2.762806
0.869000 2.774432
0.869200 2.786083
0.869400 2.797757
0.869600 2.809455
0.869800 2.821176
0.870000 2.832921
0.870200 2.844688
0.870400 2.856478
0.870600 2.868290
0.870800 2.880125
0.871000 2.891981
0.871200 2.903859
0.871400 2.915759
0.871600 2.927680
0.871800 2.939622
0.872000 2.951584
0.872200 2.963567
0.872400 2.975570
0.872600 2.987593
0.872800 2.999636
0.873000 3.011698
0.873200 3.023780
0.873400 3.035880
0.873600 3.047999
0.873800 3.060136
0.874000 3.072292
0.874200 3.084465
0.874400 3.096656
0.874600 3.108864
0.874800 3.121090
0.875000 3.133332
0.875200 3.145591
0.875400 3.157865
0.875600 3.170156
0.875800 3.182463
0.876000 3.194785
0.876200 3.207122
0.876400 3.219474
0.876600 3.231841
0.876800 3.244221
0.877000 3.256616
0.877200 3.269025
0.877400 3.281446
0.877600 3.293882
0.877800 3.306329
0.878000 3.318790
0.878200 3.331262
0.878400 3.343747
0.878600 3.356243
0.878800 3.368751
0.879000 3.381269
0.879200 3.393799
0.879400 3.406339
0.879600 3.418889
0.879800 3.431448
0.880000 3.444018
0.880200 3.456596
0.880400 3.469184
0.880600 3.481780
0.880800 3.494384
0.881000 3.506996
0.881200 3.519616
0.881400 3.532244
0.881600 3.544878
0.881800 3.557519
0.882000 3.570167
0.882200 3.582820
0.882400 3.595479
0.882600 3.608144
0.882800 3.620814
0.883000 3.633488
0.883200 3.646167
0.883400 3.658850
0.883600 3.671537
0.883800 3.684228
0.884000 3.696921
0.884200 3.709618
0.884400 3.722316
0.884600 3.735017
0.884800 3.747720
0.885000 3.760424
0.885200 3.773129
0.885400 3.785835
0.885600 3.798542
0.885800 3.811248
0.886000 3.823955
0.886200 3.836661
0.886400 3.849365
0.886600 3.862069
0.886800 3.874771
0.887000 3.887471
0.887200 3.900169
0.887400 3.912864
0.887600 3.925556
0.887800 3.938245
0.888000 3.950930
0.888200 3.963611
0.888400 3.976287
0.888600 3.988959
0.888800 4.001626
0.889000 4.014287
0.889200 4.026942
0.889400 4.039592
0.889600 4.052234
0.889800 4.064870
0.890000 4.077499
0.890200 4.090120
0.890400 4.102733
0.890600 4.115338
0.890800 4.127934
0.891000 4.140521
0.891200 4.153098
0.891400 4.165666
0.891600 4.178224
0.891800 4.190771
0.892000 4.203307
0.892200 4.215832
0.892400 4.228346
0.892600 4.240847
0.892800 4.253337
0.893000 4.265813
0.893200 4.278277
0.893400 4.290727
0.893600 4.303163
0.893800 4.315585
0.894000 4.327993
0.894200 4.340386
0.894400 4.352763
0.894600 4.365125
0.894800 4.377471
0.895000 4.389800
0.895200 4.402113
0.895400 4.414408
0.895600 4.426687
0.895800 4.438947
0.896000 4.451189
0.896200 4.463412
0.896400 4.475617
0.896600 4.487802
0.896800 4.499967
0.897000 4.512113
0.897200 4.524237
0.897400 4.536341
0.897600 4.548424
0.897800 4.560485
0.898000 4.572525
0.898200 4.584542
0.898400 4.596536
0.898600 4.608507
0.898800 4.620455
0.899000 4.632378
0.899200 4.644278
0.899400 4.656153
0.899600 4.668003
0.899800 4.679828
0.900000 4.691627
0.900200 4.703401
0.900400 4.715147
0.900600 4.726867
0.900800 4.738560
0.901000 4.750225
0.901200 4.761862
0.901400 4.773471
0.901600 4.785052
0.901800 4.796603
0.902000 4.808125
0.902200 4.819617
0.902400 4.831079
0.902600 4.842510
0.902800 4.853911
0.903000 4.865280
0.903200 4.876618
0.903400 4.887923
0.903600 4.899197
0.903800 4.910437
0.904000 4.921645
0.904200 4.932819
0.904400 4.943959
0.904600 4.955065
0.904800 4.966137
0.905000 4.977173
0.905200 4.988175
0.905400 4.999140
0.905600 5.010070
0.905800 5.020963
0.906000 5.031820
0.906200 5.042639
0.906400 5.053422
0.906600 5.064166
0.906800 5.074872
0.907000 5.085540
0.907200 5.096168
0.907400 5.106758
0.907600 5.117308
0.907800 5.127818
0.908000 5.138287
0.908200 5.148716
0.908400 5.159104
0.908600 5.169451
0.908800 5.179756
0.909000 5.190019
0.909200 5.200240
0.909400 5.210417
0.909600 5.220552
0.909800 5.230643
0.910000 5.240691
0.910200 5.250694
0.910400 5.260653
0.910600 5.270568
0.910800 5.280437
0.911000 5.290260
0.911200 5.300038
0.911400 5.309770
0.911600 5.319455
0.911800 5.329093
0.912000 5.338684
0.912200 5.348228
0.912400 5.357724
0.912600 5.367171
0.912800 5.376571
0.913000 5.385921
0.913200 5.395222
0.913400 5.404474
0.913600 5.413677
0.913800 5.422829
0.914000 5.431930
0.914200 5.440981
0.914400 5.449981
0.914600 5.458930
0.914800 5.467827
0.915000 5.476671
0.915200 5.485464
0.915400 5.494204
0.915600 5.502891
0.915800 5.511525
0.916000 5.520105
0.916200 5.528632
0.916400 5.537104
0.916600 5.545523
0.916800 5.553886
0.917000 5.562194
0.917200 5.570447
0.917400 5.578644
0.917600 5.586786
0.917800 5.594871
0.918000 5.602900
0.918200 5.610872
0.918400 5.618787
0.918600 5.626645
0.918800 5.634445
0.919000 5.642187
0.919200 5.649871
0.919400 5.657497
0.919600 5.665064
0.919800 5.672572
0.920000 5.680020
0.920200 5.687410
0.920400 5.694739
0.920600 5.702008
0.920800 5.709217
0.921000 5.716366
0.921200 5.723453
0.921400 5.730480
0.921600 5.737445
0.921800 5.744348
0.922000 5.751190
0.922200 5.757970
0.922400 5.764687
0.922600 5.771342
0.922800 5.777933
0.923000 5.784462
0.923200 5.790928
0.923400 5.797330
0.923600 5.803668
0.923800 5.809942
0.924000 5.816152
0.924200 5.822297
0.924400 5.828378
0.924600 5.834394
0.924800 5.840345
0.925000 5.846230
0.925200 5.852050
0.925400 5.857804
0.925600 5.863492
0.925800 5.869114
0.926000 5.874669
0.926200 5.880158
0.926400 5.885580
0.926600 5.890935
0.926800 5.896223
0.927000 5.901443
0.927200 5.906596
0.927400 5.911681
0.927600 5.916698
0.927800 5.921647
0.928000 5.926528
0.928200 5.931340
0.928400 5.936083
0.928600 5.940757
0.928800 5.945363
0.929000 5.949899
0.929200 5.954365
0.929400 5.958763
0.929600 5.963090
0.929800 5.967348
0.930000 5.971535
0.930200 5.975652
0.930400 5.979699
0.930600 5.983676
0.930800 5.987582
0.931000 5.991417
0.931200 5.995181
0.931400 5.998874
0.931600 6.002495
0.931800 6.006046
0.932000 6.009525
0.932200 6.012932
0.932400 6.016267
0.932600 6.019531
0.932800 6.022723
0.933000 6.025842
0.933200 6.028890
0.933400 6.031864
0.933600 6.034767
0.933800 6.037597
0.934000 6.040354
0.934200 6.043038
0.934400 6.045650
0.934600 6.048188
0.934800 6.050654
0.935000 6.053046
0.935200 6.055365
0.935400 6.057611
0.935600 6.059783
0.935800 6.061882
0.936000 6.063907
0.936200 6.065858
0.936400 6.067736
0.936600 6.069540
0.936800 6.071270
0.937000 6.072926
0.937200 6.074508
0.937400 6.076016
0.937600 6.077449
0.937800 6.078809
0.938000 6.080094
0.938200 6.081305
0.938400 6.082442
0.938600 6.083504
0.938800 6.084492
0.939000 6.085405
0.939200 6.086244
0.939400 6.087008
0.939600 6.087698
0.939800 6.088313
0.940000 6.088853
0.940200 6.089319
0.940400 6.089710
0.940600 6.090027
0.940800 6.090269
0.941000 6.090436
0.941200 6.090528
0.941400 6.090546
0.941600 6.090488
0.941800 6.090357
0.942000 6.090150
0.942200 6.089869
0.942400 6.089513
0.942600 6.089082
0.942800 6.088577
0.943000 6.087997
0.943200 6.087342
0.943400 6.086613
0.943600 6.085809
0.943800 6.084930
0.944000 6.083977
0.944200 6.082949
0.944400 6.081847
0.944600 6.080671
0.944800 6.079420
0.945000 6.078095
0.945200 6.076695
0.945400 6.075222
0.945600 6.073674
0.945800 6.072052
0.946000 6.070355
0.946200 6.068585
0.946400 6.066741
0.946600 6.064823
0.946800 6.062831
0.947000 6.060765
0.947200 6.058626
0.947400 6.056413
0.947600 6.054127
0.947800 6.051767
0.948000 6.049334
0.948200 6.046827
0.948400 6.044247
0.948600 6.041595
0.948800 6.038869
0.949000 6.036070
0.949200 6.033199
0.949400 6.030255
0.949600 6.027238
0.949800 6.024149
0.950000 6.020987
0.950200 6.017753
0.950400 6.014447
0.950600 6.011070
0.950800 6.007620
0.951000 6.004098
0.951200 6.000505
0.951400 5.996840
0.951600 5.993104
0.951800 5.989297
0.952000 5.985419
0.952200 5.981469
0.952400 5.977449
0.952600 5.973358
0.952800 5.969197
0.953000 5.964965
0.953200 5.960663
0.953400 5.956292
0.953600 5.951850
0.953800 5.947338
0.954000 5.942757
0.954200 5.938106
0.954400 5.933386
0.954600 5.928598
0.954800 5.923740
0.955000 5.918813
0.955200 5.913818
0.955400 5.908755
0.955600 5.903623
0.955800 5.898423
0.956000 5.893156
0.956200 5.887821
0.956400 5.882418
0.956600 5.876948
0.956800 5.871412
0.957000 5.865808
0.957200 5.860137
0.957400 5.854401
0.957600 5.848598
0.957800 5.842729
0.958000 5.836794
0.958200 5.830793
0.958400 5.824727
0.958600 5.818596
0.958800 5.812400
0.959000 5.806140
0.959200 5.799814
0.959400 5.793425
0.959600 5.786971
0.959800 5.780454
0.960000 5.773873
0.960200 5.767228
0.960400 5.760521
0.960600 5.753750
0.960800 5.746917
0.961000 5.740021
0.961200 5.733064
0.961400 5.726044
0.961600 5.718963
0.961800 5.711820
0.962000 5.704616
0.962200 5.697351
0.962400 5.690026
0.962600 5.682640
0.962800 5.675194
0.963000 5.667688
0.963200 5.660122
0.963400 5.652497
0.963600 5.644813
0.963800 5.637070
0.964000 5.629269
0.964200 5.621409
0.964400 5.613491
0.964600 5.605516
0.964800 5.597483
0.965000 5.589393
0.965200 5.581246
0.965400 5.573042
0.965600 5.564782
0.965800 5.556466
0.966000 5.548095
0.966200 5.539667
0.966400 5.531185
0.966600 5.522648
0.966800 5.514056
0.967000 5.505410
0.967200 5.496710
0.967400 5.487956
0.967600 5.479149
0.967800 5.470288
0.968000 5.461375
0.968200 5.452410
0.968400 5.443392
0.968600 5.434322
0.968800 5.425201
0.969000 5.416028
0.969200 5.406805
0.969400 5.397531
0.969600 5.388207
0.969800 5.378832
0.970000 5.369408
0.970200 5.359935
0.970400 5.350412
0.970600 5.340841
0.970800 5.331221
0.971000 5.321554
0.971200 5.311838
0.971400 5.302076
0.971600 5.292266
0.971800 5.282409
0.972000 5.272506
0.972200 5.262556
0.972400 5.252561
0.972600 5.242521
0.972800 5.232435
0.973000 5.222305
0.973200 5.212130
0.973400 5.201911
0.973600 5.191648
0.973800 5.181342
0.974000 5.170993
0.974200 5.160600
0.974400 5.150166
0.974600 5.139689
0.974800 5.129171
0.975000 5.118611
0.975200 5.108011
0.975400 5.097369
0.975600 5.086687
0.975800 5.075966
0.976000 5.065204
0.976200 5.054403
0.976400 5.043564
0.976600 5.032685
0.976800 5.021769
0.977000 5.010814
0.977200 4.999822
0.977400 4.988793
0.977600 4.977727
0.977800 4.966624
0.978000 4.955485
0.978200 4.944311
0.978400 4.933101
0.978600 4.921856
0.978800 4.910576
0.979000 4.899262
0.979200 4.887913
0.979400 4.876532
0.979600 4.865116
0.979800 4.853668
0.980000 4.842188
0.980200 4.830675
0.980400 4.819130
0.980600 4.807554
0.980800 4.795946
0.981000 4.784308
0.981200 4.772639
0.981400 4.760941
0.981600 4.749212
0.981800 4.737454
0.982000 4.725668
0.982200 4.713852
0.982400 4.702009
0.982600 4.690137
0.982800 4.678238
0.983000 4.666312
0.983200 4.654359
0.983400 4.642380
0.983600 4.630374
0.983800 4.618343
0.984000 4.606286
0.984200 4.594204
0.984400 4.582098
0.984600 4.569968
0.984800 4.557813
0.985000 4.545635
0.985200 4.533434
0.985400 4.521210
0.985600 4.508963
0.985800 4.496695
0.986000 4.484404
0.986200 4.472093
0.986400 4.459760
0.986600 4.447407
0.986800 4.435033
0.987000 4.422639
0.987200 4.410226
0.987400 4.397794
0.987600 4.385342
0.987800 4.372872
0.988000 4.360384
0.988200 4.347879
0.988400 4.335356
0.988600 4.322815
0.988800 4.310258
0.989000 4.297685
0.989200 4.285096
0.989400 4.272491
0.989600 4.259871
0.989800 4.247235
0.990000 4.234586
0.990200 4.221922
0.990400 4.209244
0.990600 4.196553
0.990800 4.183848
0.991000 4.171131
0.991200 4.158401
0.991400 4.145659
0.991600 4.132905
0.991800 4.120140
0.992000 4.107364
0.992200 4.094577
0.992400 4.081780
0.992600 4.068973
0.992800 4.056156
0.993000 4.043329
0.993200 4.030494
0.993400 4.017650
0.993600 4.004798
0.993800 3.991938
0.994000 3.979070
0.994200 3.966195
0.994400 3.953313
0.994600 3.940424
0.994800 3.927530
0.995000 3.914629
0.995200 3.901722
0.995400 3.888811
0.995600 3.875894
0.995800 3.862973
0.996000 3.850048
0.996200 3.837118
0.996400 3.824185
0.996600 3.811249
0.996800 3.798310
0.997000 3.785368
0.997200 3.772424
0.997400 3.759478
0.997600 3.746531
0.997800 3.733582
0.998000 3.720632
0.998200 3.707682
0.998400 3.694731
0.998600 3.681780
0.998800 3.668829
0.999000 3.655879
0.999200 3.642930
0.999400 3.629982
0.999600 3.617036
0.999800 3.604092
