0.000000 0.000000
0.000200 0.000000
0.000400 0.000000
0.000600 0.000000
0.000800 0.000000
0.001000 0.000000
0.001200 0.000000
0.001400 0.000000
0.001600 0.000000
0.001800 0.000000
0.002000 0.000000
0.002200 0.000000
0.002400 0.000000
0.002600 0.000000
0.002800 0.000000
0.003000 0.000000
0.003200 0.000000
0.003400 0.000000
0.003600 0.000000
0.003800 0.000000
0.004000 0.000000
0.004200 0.000000
0.004400 0.000000
0.004600 0.000000
0.004800 0.000000
0.005000 0.000000
0.005200 0.000000
0.005400 0.000000
0.005600 0.000000
0.005800 0.000000
0.006000 0.000000
0.006200 0.000000
0.006400 0.000000
0.006600 0.000000
0.006800 0.000000
0.007000 0.000000
0.007200 0.000000
0.007400 0.000000
0.007600 0.000000
0.007800 0.000000
0.008000 0.000000
0.008200 0.000000
0.008400 0.000000
0.008600 0.000000
0.008800 0.000000
0.009000 0.000000
0.009200 0.000000
0.009400 0.000000
0.009600 0.000000
0.009800 0.000000
0.010000 0.000000
0.010200 0.000000
0.010400 0.000000
0.010600 0.000000
0.010800 0.000000
0.011000 0.000000
0.011200 0.000000
0.011400 0.000000
0.011600 0.000000
0.011800 0.000000
0.012000 0.000000
0.012200 0.000000
0.012400 0.000000
0.012600 0.000000
0.012800 0.000000
0.013000 0.000000
0.013200 0.000000
0.013400 0.000000
0.013600 0.000000
0.013800 0.000000
0.014000 0.000000
0.014200 0.000000
0.014400 0.000000
0.014600 0.000000
0.014800 0.000000
0.015000 0.000000
0.015200 0.000000
0.015400 0.000000
0.015600 0.000000
0.015800 0.000000
0.016000 0.000000
0.016200 0.000000
0.016400 0.000000
0.016600 0.000000
0.016800 0.000000
0.017000 0.000000
0.017200 0.000000
0.017400 0.000000
0.017600 0.000000
0.017800 0.000000
0.018000 0.000000
0.018200 0.000000
0.018400 0.000000
0.018600 0.000000
0.018800 0.000000
0.019000 0.000000
0.019200 0.000000
0.019400 0.000000
0.019600 0.000000
0.019800 0.000000
0.020000 0.000000
0.020200 0.000000
0.020400 0.000000
0.020600 0.000000
0.020800 0.000000
0.021000 0.000000
0.021200 0.000000
0.021400 0.000000
0.021600 0.000000
0.021800 0.000000
0.022000 0.000000
0.022200 0.000000
0.022400 0.000000
0.022600 0.000000
0.022800 0.000000
0.023000 0.000000
0.023200 0.000000
0.023400 0.000000
0.023600 0.000000
0.023800 0.000000
0.024000 0.000000
0.024200 0.000000
0.024400 0.000000
0.024600 0.000000
0.024800 0.000000
0.025000 0.000000
0.025200 0.000000
0.025400 0.000000
0.025600 0.000000
0.025800 0.000000
0.026000 0.000000
0.026200 0.000000
0.026400 0.000000
0.026600 0.000000
0.026800 0.000000
0.027000 0.000000
0.027200 0.000000
0.027400 0.000000
0.027600 0.000000
0.027800 0.000000
0.028000 0.000000
0.028200 0.000000
0.028400 0.000000
0.028600 0.000000
0.028800 0.000000
0.029000 0.000000
0.029200 0.000000
0.029400 0.000000
0.029600 0.000000
0.029800 0.000000
0.030000 0.000000
0.030200 0.000000
0.030400 0.000000
0.030600 0.000000
0.030800 0.000000
0.031000 0.000000
0.031200 0.000000
0.031400 0.000000
0.031600 0.000000
0.031800 0.000000
0.032000 0.000000
0.032200 0.000000
0.032400 0.000000
0.032600 0.000000
0.032800 0.000000
0.033000 0.000000
0.033200 0.000000
0.033400 0.000000
0.033600 0.000000
0.033800 0.000000
0.034000 0.000000
0.034200 0.000000
0.034400 0.000000
0.034600 0.000000
0.034800 0.000000
0.035000 0.000000
0.035200 0.000000
0.035400 0.000000
0.035600 0.000000
0.035800 0.000000
0.036000 0.000000
0.036200 0.000001
0.036400 0.000001
0.036600 0.000001
0.036800 0.000001
0.037000 0.000001
0.037200 0.000001
0.037400 0.000001
0.037600 0.000001
0.037800 0.000001
0.038000 0.000001
0.038200 0.000001
0.038400 0.000001
0.038600 0.000001
0.038800 0.000001
0.039000 0.000001
0.039200 0.000001
0.039400 0.000001
0.039600 0.000001
0.039800 0.000001
0.040000 0.000001
0.040200 0.000001
0.040400 0.000001
0.040600 0.000002
0.040800 0.000002
0.041000 0.000002
0.041200 0.000002
0.041400 0.000002
0.041600 0.000002
0.041800 0.000002
0.042000 0.000002
0.042200 0.000002
0.042400 0.000002
0.042600 0.000003
0.042800 0.000003
0.043000 0.000003
0.043200 0.000003
0.043400 0.000003
0.043600 0.000003
0.043800 0.000003
0.044000 0.000004
0.044200 0.000004
0.044400 0.000004
0.044600 0.000004
0.044800 0.000004
0.045000 0.000005
0.045200 0.000005
0.045400 0.000005
0.045600 0.000005
0.045800 0.000006
0.046000 0.000006
0.046200 0.000006
0.046400 0.000006
0.046600 0.000007
0.046800 0.000007
0.047000 0.000007
0.047200 0.000008
0.047400 0.000008
0.047600 0.000009
0.047800 0.000009
0.048000 0.000009
0.048200 0.000010
0.048400 0.000010
0.048600 0.000011
0.048800 0.000011
0.049000 0.000012
0.049200 0.000012
0.049400 0.000013
0.049600 0.000014
0.049800 0.000014
0.050000 0.000015
0.050200 0.000016
0.050400 0.000016
0.050600 0.000017
0.050800 0.000018
0.051000 0.000019
0.051200 0.000020
0.051400 0.000021
0.051600 0.000022
0.051800 0.000023
0.052000 0.000024
0.052200 0.000025
0.052400 0.000026
0.052600 0.000027
0.052800 0.000028
0.053000 0.000030
0.053200 0.000031
0.053400 0.000032
0.053600 0.000034
0.053800 0.000035
0.054000 0.000037
0.054200 0.000039
0.054400 0.000040
0.054600 0.000042
0.054800 0.000044
0.055000 0.000046
0.055200 0.000048
0.055400 0.000050
0.055600 0.000053
0.055800 0.000055
0.056000 0.000057
0.056200 0.000060
0.056400 0.000063
0.056600 0.000066
0.056800 0.000068
0.057000 0.000071
0.057200 0.000075
0.057400 0.000078
0.057600 0.000081
0.057800 0.000085
0.058000 0.000089
0.058200 0.000093
0.058400 0.000097
0.058600 0.000101
0.058800 0.000105
0.059000 0.000110
0.059200 0.000115
0.059400 0.000120
0.059600 0.000125
0.059800 0.000130
0.060000 0.000136
0.060200 0.000142
0.060400 0.000148
0.060600 0.000154
0.060800 0.000161
0.061000 0.000168
0.061200 0.000175
0.061400 0.000182
0.061600 0.000190
0.061800 0.000198
0.062000 0.000206
0.062200 0.000215
0.062400 0.000224
0.062600 0.000233
0.062800 0.000243
0.063000 0.000253
0.063200 0.000264
0.063400 0.000275
0.063600 0.000287
0.063800 0.000298
0.064000 0.000311
0.064200 0.000324
0.064400 0.000337
0.064600 0.000351
0.064800 0.000365
0.065000 0.000380
0.065200 0.000396
0.065400 0.000412
0.065600 0.000429
0.065800 0.000446
0.066000 0.000465
0.066200 0.000483
0.066400 0.000503
0.066600 0.000523
0.066800 0.000544
0.067000 0.000566
0.067200 0.000589
0.067400 0.000613
0.067600 0.000637
0.067800 0.000663
0.068000 0.000689
0.068200 0.000716
0.068400 0.000745
0.068600 0.000774
0.068800 0.000805
0.069000 0.000836
0.069200 0.000869
0.069400 0.000903
0.069600 0.000939
0.069800 0.000975
0.070000 0.001014
0.070200 0.001053
0.070400 0.001094
0.070600 0.001136
0.070800 0.001180
0.071000 0.001226
0.071200 0.001273
0.071400 0.001322
0.071600 0.001372
0.071800 0.001425
0.072000 0.001479
0.072200 0.001535
0.072400 0.001594
0.072600 0.001654
0.072800 0.001716
0.073000 0.001781
0.073200 0.001848
0.073400 0.001918
0.073600 0.001990
0.073800 0.002064
0.074000 0.002141
0.074200 0.002221
0.074400 0.002303
0.074600 0.002389
0.074800 0.002477
0.075000 0.002568
0.075200 0.002663
0.075400 0.002761
0.075600 0.002862
0.075800 0.002966
0.076000 0.003075
0.076200 0.003187
0.076400 0.003302
0.076600 0.003422
0.076800 0.003546
0.077000 0.003673
0.077200 0.003806
0.077400 0.003942
0.077600 0.004083
0.077800 0.004229
0.078000 0.004380
0.078200 0.004536
0.078400 0.004697
0.078600 0.004863
0.078800 0.005035
0.079000 0.005212
0.079200 0.005396
0.079400 0.005585
0.079600 0.005780
0.079800 0.005982
0.080000 0.006190
0.080200 0.006405
0.080400 0.006627
0.080600 0.006856
0.080800 0.007093
0.081000 0.007337
0.081200 0.007589
0.081400 0.007849
0.081600 0.008117
0.081800 0.008393
0.082000 0.008679
0.082200 0.008973
0.082400 0.009276
0.082600 0.009589
0.082800 0.009912
0.083000 0.010245
0.083200 0.010588
0.083400 0.010942
0.083600 0.011307
0.083800 0.011683
0.084000 0.012070
0.084200 0.012469
0.084400 0.012881
0.084600 0.013305
0.084800 0.013742
0.085000 0.014192
0.085200 0.014655
0.085400 0.015133
0.085600 0.015625
0.085800 0.016131
0.086000 0.016653
0.086200 0.017190
0.086400 0.017743
0.086600 0.018312
0.086800 0.018899
0.087000 0.019502
0.087200 0.020123
0.087400 0.020762
0.087600 0.021420
0.087800 0.022096
0.088000 0.022793
0.088200 0.023509
0.088400 0.024246
0.088600 0.025004
0.088800 0.025783
0.089000 0.026585
0.089200 0.027410
0.089400 0.028257
0.089600 0.029129
0.089800 0.030025
0.090000 0.030947
0.090200 0.031894
0.090400 0.032867
0.090600 0.033867
0.090800 0.034895
0.091000 0.035952
0.091200 0.037037
0.091400 0.038152
0.091600 0.039298
0.091800 0.040474
0.092000 0.041683
0.092200 0.042924
0.092400 0.044199
0.092600 0.045507
0.092800 0.046851
0.093000 0.048231
0.093200 0.049647
0.093400 0.051101
0.093600 0.052593
0.093800 0.054124
0.094000 0.055696
0.094200 0.057308
0.094400 0.058962
0.094600 0.060660
0.094800 0.062401
0.095000 0.064187
0.095200 0.066019
0.095400 0.067898
0.095600 0.069824
0.095800 0.071800
0.096000 0.073825
0.096200 0.075902
0.096400 0.078030
0.096600 0.080212
0.096800 0.082449
0.097000 0.084741
0.097200 0.087089
0.097400 0.089496
0.097600 0.091962
0.097800 0.094488
0.098000 0.097076
0.098200 0.099726
0.098400 0.102441
0.098600 0.105221
0.098800 0.108068
0.099000 0.110983
0.099200 0.113968
0.099400 0.117023
0.099600 0.120151
0.099800 0.123353
0.100000 0.126630
0.100200 0.129983
0.100400 0.133415
0.100600 0.136926
0.100800 0.140518
0.101000 0.144193
0.101200 0.147952
0.101400 0.151797
0.101600 0.155730
0.101800 0.159751
0.102000 0.163863
0.102200 0.168068
0.102400 0.172367
0.102600 0.176761
0.102800 0.181253
0.103000 0.185845
0.103200 0.190537
0.103400 0.195332
0.103600 0.200232
0.103800 0.205239
0.104000 0.210353
0.104200 0.215578
0.104400 0.220915
0.104600 0.226366
0.104800 0.231933
0.105000 0.237617
0.105200 0.243422
0.105400 0.249348
0.105600 0.255398
0.105800 0.261574
0.106000 0.267878
0.106200 0.274312
0.106400 0.280877
0.106600 0.287577
0.106800 0.294414
0.107000 0.301388
0.107200 0.308503
0.107400 0.315761
0.107600 0.323163
0.107800 0.330713
0.108000 0.338412
0.108200 0.346262
0.108400 0.354266
0.108600 0.362426
0.108800 0.370744
0.109000 0.379223
0.109200 0.387865
0.109400 0.396672
0.109600 0.405646
0.109800 0.414790
0.110000 0.424106
0.110200 0.433597
0.110400 0.443265
0.110600 0.453112
0.110800 0.463140
0.111000 0.473353
0.111200 0.483751
0.111400 0.494339
0.111600 0.505118
0.111800 0.516091
0.112000 0.527260
0.112200 0.538627
0.112400 0.550196
0.112600 0.561968
0.112800 0.573945
0.113000 0.586132
0.113200 0.598528
0.113400 0.611139
0.113600 0.623964
0.113800 0.637008
0.114000 0.650273
0.114200 0.663760
0.114400 0.677473
0.114600 0.691414
0.114800 0.705586
0.115000 0.719990
0.115200 0.734629
0.115400 0.749506
0.115600 0.764623
0.115800 0.779982
0.116000 0.795586
0.116200 0.811437
0.116400 0.827538
0.116600 0.843890
0.116800 0.860497
0.117000 0.877360
0.117200 0.894483
0.117400 0.911866
0.117600 0.929512
0.117800 0.947424
0.118000 0.965604
0.118200 0.984054
0.118400 1.002777
0.118600 1.021773
0.118800 1.041046
0.119000 1.060597
0.119200 1.080430
0.119400 1.100544
0.119600 1.120944
0.119800 1.141630
0.120000 1.162605
0.120200 1.183870
0.120400 1.205428
0.120600 1.227280
0.120800 1.249428
0.121000 1.271873
0.121200 1.294619
0.121400 1.317665
0.121600 1.341014
0.121800 1.364668
0.122000 1.388628
0.122200 1.412895
0.122400 1.437471
0.122600 1.462357
0.122800 1.487555
0.123000 1.513066
0.123200 1.538891
0.123400 1.565032
0.123600 1.591489
0.123800 1.618264
0.124000 1.645357
0.124200 1.672770
0.124400 1.700503
0.124600 1.728558
0.124800 1.756935
0.125000 1.785635
0.125200 1.814658
0.125400 1.844005
0.125600 1.873676
0.125800 1.903673
0.126000 1.933994
0.126200 1.964642
0.126400 1.995615
0.126600 2.026914
0.126800 2.058539
0.127000 2.090490
0.127200 2.122766
0.127400 2.155369
0.127600 2.188297
0.127800 2.221550
0.128000 2.255127
0.128200 2.289029
0.128400 2.323254
0.128600 2.357802
0.128800 2.392672
0.129000 2.427863
0.129200 2.463375
0.129400 2.499205
0.129600 2.535354
0.129800 2.571819
0.130000 2.608600
0.130200 2.645695
0.130400 2.683103
0.130600 2.720821
0.130800 2.758849
0.131000 2.797184
0.131200 2.835825
0.131400 2.874769
0.131600 2.914014
0.131800 2.953559
0.132000 2.993400
0.132200 3.033536
0.132400 3.073964
0.132600 3.114680
0.132800 3.155684
0.133000 3.196971
0.133200 3.238539
0.133400 3.280384
0.133600 3.322504
0.133800 3.364895
0.134000 3.407554
0.134200 3.450477
0.134400 3.493662
0.134600 3.537103
0.134800 3.580797
0.135000 3.624741
0.135200 3.668930
0.135400 3.713361
0.135600 3.758028
0.135800 3.802928
0.136000 3.848056
0.136200 3.893408
0.136400 3.938979
0.136600 3.984764
0.136800 4.030758
0.137000 4.076956
0.137200 4.123354
0.137400 4.169945
0.137600 4.216725
0.137800 4.263689
0.138000 4.310830
0.138200 4.358143
0.138400 4.405622
0.138600 4.453262
0.138800 4.501056
0.139000 4.548999
0.139200 4.597084
0.139400 4.645305
0.139600 4.693656
0.139800 4.742131
0.140000 4.790722
0.140200 4.839424
0.140400 4.888228
0.140600 4.937130
0.140800 4.986121
0.141000 5.035195
0.141200 5.084345
0.141400 5.133563
0.141600 5.182842
0.141800 5.232176
0.142000 5.281555
0.142200 5.330974
0.142400 5.380424
0.142600 5.429897
0.142800 5.479387
0.143000 5.528885
0.143200 5.578382
0.143400 5.627873
0.143600 5.677347
0.143800 5.726797
0.144000 5.776216
0.144200 5.825594
0.144400 5.874923
0.144600 5.924196
0.144800 5.973403
0.145000 6.022537
0.145200 6.071588
0.145400 6.120548
0.145600 6.169409
0.145800 6.218162
0.146000 6.266798
0.146200 6.315308
0.146400 6.363685
0.146600 6.411918
0.146800 6.459999
0.147000 6.507919
0.147200 6.555669
0.147400 6.603241
0.147600 6.650625
0.147800 6.697812
0.148000 6.744794
0.148200 6.791562
0.148400 6.838106
0.148600 6.884417
0.148800 6.930487
0.149000 6.976306
0.149200 7.021865
0.149400 7.067156
0.149600 7.112169
0.149800 7.156895
0.150000 7.201326
0.150200 7.245452
0.150400 7.289264
0.150600 7.332754
0.150800 7.375912
0.151000 7.418730
0.151200 7.461199
0.151400 7.503310
0.151600 7.545054
0.151800 7.586423
0.152000 7.627407
0.152200 7.667998
0.152400 7.708188
0.152600 7.747967
0.152800 7.787329
0.153000 7.826263
0.153200 7.864761
0.153400 7.902816
0.153600 7.940419
0.153800 7.977561
0.154000 8.014235
0.154200 8.050433
0.154400 8.086147
0.154600 8.121368
0.154800 8.156089
0.155000 8.190303
0.155200 8.224001
0.155400 8.257176
0.155600 8.289821
0.155800 8.321928
0.156000 8.353491
0.156200 8.384501
0.156400 8.414952
0.156600 8.444838
0.156800 8.474150
0.157000 8.502883
0.157200 8.531030
0.157400 8.558585
0.157600 8.585540
0.157800 8.611891
0.158000 8.637630
0.158200 8.662753
0.158400 8.687252
0.158600 8.711123
0.158800 8.734360
0.159000 8.756957
0.159200 8.778909
0.159400 8.800211
0.159600 8.820858
0.159800 8.840845
0.160000 8.860168
0.160200 8.878822
0.160400 8.896802
0.160600 8.914104
0.160800 8.930725
0.161000 8.946659
0.161200 8.961905
0.161400 8.976457
0.161600 8.990312
0.161800 9.003467
0.162000 9.015920
0.162200 9.027666
0.162400 9.038703
0.162600 9.049029
0.162800 9.058641
0.163000 9.067537
0.163200 9.075714
0.163400 9.083171
0.163600 9.089906
0.163800 9.095917
0.164000 9.101203
0.164200 9.105763
0.164400 9.109595
0.164600 9.112698
0.164800 9.115073
0.165000 9.116717
0.165200 9.117631
0.165400 9.117815
0.165600 9.117269
0.165800 9.115992
0.166000 9.113985
0.166200 9.111249
0.166400 9.107784
0.166600 9.103591
0.166800 9.098670
0.167000 9.093024
0.167200 9.086654
0.167400 9.079560
0.167600 9.071745
0.167800 9.063211
0.168000 9.053960
0.168200 9.043993
0.168400 9.033314
0.168600 9.021924
0.168800 9.009827
0.169000 8.997025
0.169200 8.983522
0.169400 8.969321
0.169600 8.954424
0.169800 8.938836
0.170000 8.922561
0.170200 8.905601
0.170400 8.887962
0.170600 8.869647
0.170800 8.850661
0.171000 8.831007
0.171200 8.810692
0.171400 8.789719
0.171600 8.768094
0.171800 8.745821
0.172000 8.722906
0.172200 8.699354
0.172400 8.675170
0.172600 8.650361
0.172800 8.624931
0.173000 8.598888
0.173200 8.572236
0.173400 8.544983
0.173600 8.517133
0.173800 8.488694
0.174000 8.459673
0.174200 8.430075
0.174400 8.399908
0.174600 8.369179
0.174800 8.337893
0.175000 8.306060
0.175200 8.273685
0.175400 8.240775
0.175600 8.207340
0.175800 8.173385
0.176000 8.138918
0.176200 8.103948
0.176400 8.068481
0.176600 8.032526
0.176800 7.996091
0.177000 7.959184
0.177200 7.921812
0.177400 7.883983
0.177600 7.845707
0.177800 7.806992
0.178000 7.767845
0.178200 7.728275
0.178400 7.688290
0.178600 7.647900
0.178800 7.607113
0.179000 7.565937
0.179200 7.524381
0.179400 7.482454
0.179600 7.440164
0.179800 7.397521
0.180000 7.354533
0.180200 7.311209
0.180400 7.267558
0.180600 7.223588
0.180800 7.179310
0.181000 7.134732
0.181200 7.089862
0.181400 7.044710
0.181600 6.999285
0.181800 6.953595
0.182000 6.907651
0.182200 6.861460
0.182400 6.815032
0.182600 6.768376
0.182800 6.721501
0.183000 6.674416
0.183200 6.627130
0.183400 6.579651
0.183600 6.531990
0.183800 6.484154
0.184000 6.436153
0.184200 6.387996
0.184400 6.339690
0.184600 6.291247
0.184800 6.242673
0.185000 6.193978
0.185200 6.145170
0.185400 6.096259
0.185600 6.047252
0.185800 5.998159
0.186000 5.948988
0.186200 5.899747
0.186400 5.850445
0.186600 5.801091
0.186800 5.751691
0.187000 5.702256
0.187200 5.652793
0.187400 5.603310
0.187600 5.553815
0.187800 5.504316
0.188000 5.454821
0.188200 5.405339
0.188400 5.355876
0.188600 5.306441
0.188800 5.257040
0.189000 5.207683
0.189200 5.158375
0.189400 5.109126
0.189600 5.059940
0.189800 5.010827
0.190000 4.961794
0.190200 4.912846
0.190400 4.863992
0.190600 4.815237
0.190800 4.766590
0.191000 4.718056
0.191200 4.669642
0.191400 4.621354
0.191600 4.573200
0.191800 4.525184
0.192000 4.477314
0.192200 4.429596
0.192400 4.382035
0.192600 4.334638
0.192800 4.287409
0.193000 4.240356
0.193200 4.193483
0.193400 4.146796
0.193600 4.100300
0.193800 4.054001
0.194000 4.007903
0.194200 3.962012
0.194400 3.916333
0.194600 3.870870
0.194800 3.825629
0.195000 3.780613
0.195200 3.735828
0.195400 3.691278
0.195600 3.646967
0.195800 3.602899
0.196000 3.559078
0.196200 3.515509
0.196400 3.472195
0.196600 3.429140
0.196800 3.386347
0.197000 3.343821
0.197200 3.301564
0.197400 3.259580
0.197600 3.217872
0.197800 3.176443
0.198000 3.135296
0.198200 3.094435
0.198400 3.053861
0.198600 3.013578
0.198800 2.973588
0.199000 2.933894
0.199200 2.894497
0.199400 2.855401
0.199600 2.816608
0.199800 2.778118
0.200000 2.739936
0.200200 2.702061
0.200400 2.664497
0.200600 2.627244
0.200800 2.590305
0.201000 2.553680
0.201200 2.517372
0.201400 2.481381
0.201600 2.445708
0.201800 2.410356
0.202000 2.375324
0.202200 2.340614
0.202400 2.306226
0.202600 2.272161
0.202800 2.238420
0.203000 2.205004
0.203200 2.171912
0.203400 2.139146
0.203600 2.106705
0.203800 2.074590
0.204000 2.042801
0.204200 2.011338
0.204400 1.980201
0.204600 1.949389
0.204800 1.918904
0.205000 1.888743
0.205200 1.858908
0.205400 1.829398
0.205600 1.800212
0.205800 1.771349
0.206000 1.742810
0.206200 1.714593
0.206400 1.686698
0.206600 1.659124
0.206800 1.631869
0.207000 1.604934
0.207200 1.578317
0.207400 1.552017
0.207600 1.526034
0.207800 1.500364
0.208000 1.475009
0.208200 1.449966
0.208400 1.425234
0.208600 1.400811
0.208800 1.376697
0.209000 1.352889
0.209200 1.329387
0.209400 1.306188
0.209600 1.283291
0.209800 1.260695
0.210000 1.238397
0.210200 1.216397
0.210400 1.194691
0.210600 1.173279
0.210800 1.152158
0.211000 1.131327
0.211200 1.110783
0.211400 1.090525
0.211600 1.070551
0.211800 1.050858
0.212000 1.031445
0.212200 1.012310
0.212400 0.993450
0.212600 0.974863
0.212800 0.956547
0.213000 0.938500
0.213200 0.920720
0.213400 0.903205
0.213600 0.885951
0.213800 0.868958
0.214000 0.852222
0.214200 0.835742
0.214400 0.819515
0.214600 0.803538
0.214800 0.787810
0.215000 0.772328
0.215200 0.757089
0.215400 0.742092
0.215600 0.727333
0.215800 0.712811
0.216000 0.698523
0.216200 0.684466
0.216400 0.670639
0.216600 0.657038
0.216800 0.643661
0.217000 0.630506
0.217200 0.617571
0.217400 0.604853
0.217600 0.592349
0.217800 0.580057
0.218000 0.567974
0.218200 0.556099
0.218400 0.544429
0.218600 0.532960
0.218800 0.521692
0.219000 0.510620
0.219200 0.499744
0.219400 0.489060
0.219600 0.478567
0.219800 0.468260
0.220000 0.458140
0.220200 0.448201
0.220400 0.438444
0.220600 0.428864
0.220800 0.419461
0.221000 0.410230
0.221200 0.401171
0.221400 0.392280
0.221600 0.383555
0.221800 0.374995
0.222000 0.366596
0.222200 0.358356
0.222400 0.350274
0.222600 0.342347
0.222800 0.334572
0.223000 0.326947
0.223200 0.319471
0.223400 0.312140
0.223600 0.304954
0.223800 0.297909
0.224000 0.291003
0.224200 0.284235
0.224400 0.277602
0.224600 0.271102
0.224800 0.264733
0.225000 0.258493
0.225200 0.252380
0.225400 0.246391
0.225600 0.240526
0.225800 0.234781
0.226000 0.229155
0.226200 0.223646
0.226400 0.218252
0.226600 0.212971
0.226800 0.207801
0.227000 0.202740
0.227200 0.197787
0.227400 0.192939
0.227600 0.188195
0.227800 0.183553
0.228000 0.179011
0.228200 0.174568
0.228400 0.170221
0.228600 0.165969
0.228800 0.161811
0.229000 0.157744
0.229200 0.153767
0.229400 0.149878
0.229600 0.146075
0.229800 0.142358
0.230000 0.138725
0.230200 0.135173
0.230400 0.131701
0.230600 0.128309
0.230800 0.124994
0.231000 0.121755
0.231200 0.118590
0.231400 0.115498
0.231600 0.112478
0.231800 0.109528
0.232000 0.106647
0.232200 0.103833
0.232400 0.101085
0.232600 0.098403
0.232800 0.095783
0.233000 0.093226
0.233200 0.090730
0.233400 0.088294
0.233600 0.085916
0.233800 0.083596
0.234000 0.081332
0.234200 0.079123
0.234400 0.076967
0.234600 0.074865
0.234800 0.072814
0.235000 0.070813
0.235200 0.068862
0.235400 0.066959
0.235600 0.065104
0.235800 0.063295
0.236000 0.061531
0.236200 0.059812
0.236400 0.058136
0.236600 0.056502
0.236800 0.054910
0.237000 0.053359
0.237200 0.051847
0.237400 0.050374
0.237600 0.048939
0.237800 0.047541
0.238000 0.046180
0.238200 0.044853
0.238400 0.043562
0.238600 0.042304
0.238800 0.041079
0.239000 0.039886
0.239200 0.038725
0.239400 0.037595
0.239600 0.036495
0.239800 0.035424
0.240000 0.034382
0.240200 0.033367
0.240400 0.032381
0.240600 0.031420
0.240800 0.030486
0.241000 0.029577
0.241200 0.028693
0.241400 0.027834
0.241600 0.026997
0.241800 0.026184
0.242000 0.025394
0.242200 0.024625
0.242400 0.023877
0.242600 0.023151
0.242800 0.022444
0.243000 0.021758
0.243200 0.021091
0.243400 0.020442
0.243600 0.019812
0.243800 0.019200
0.244000 0.018606
0.244200 0.018028
0.244400 0.017467
0.244600 0.016921
0.244800 0.016392
0.245000 0.015878
0.245200 0.015379
0.245400 0.014894
0.245600 0.014424
0.245800 0.013967
0.246000 0.013523
0.246200 0.013093
0.246400 0.012675
0.246600 0.012270
0.246800 0.011876
0.247000 0.011495
0.247200 0.011124
0.247400 0.010765
0.247600 0.010417
0.247800 0.010079
0.248000 0.009751
0.248200 0.009433
0.248400 0.009125
0.248600 0.008826
0.248800 0.008536
0.249000 0.008255
0.249200 0.007983
0.249400 0.007719
0.249600 0.007463
0.249800 0.007215
0.250000 0.006975
0.250200 0.006742
0.250400 0.006516
0.250600 0.006298
0.250800 0.006086
0.251000 0.005881
0.251200 0.005682
0.251400 0.005490
0.251600 0.005304
0.251800 0.005124
0.252000 0.004949
0.252200 0.004780
0.252400 0.004616
0.252600 0.004458
0.252800 0.004305
0.253000 0.004156
0.253200 0.004013
0.253400 0.003874
0.253600 0.003740
0.253800 0.003609
0.254000 0.003484
0.254200 0.003362
0.254400 0.003244
0.254600 0.003131
0.254800 0.003020
0.255000 0.002914
0.255200 0.002811
0.255400 0.002712
0.255600 0.002615
0.255800 0.002523
0.256000 0.002433
0.256200 0.002346
0.256400 0.002262
0.256600 0.002181
0.256800 0.002102
0.257000 0.002027
0.257200 0.001954
0.257400 0.001883
0.257600 0.001815
0.257800 0.001749
0.258000 0.001685
0.258200 0.001624
0.258400 0.001564
0.258600 0.001507
0.258800 0.001452
0.259000 0.001398
0.259200 0.001347
0.259400 0.001297
0.259600 0.001249
0.259800 0.001203
0.260000 0.001158
0.260200 0.001115
0.260400 0.001073
0.260600 0.001033
0.260800 0.000994
0.261000 0.000957
0.261200 0.000921
0.261400 0.000886
0.261600 0.000853
0.261800 0.000821
0.262000 0.000789
0.262200 0.000759
0.262400 0.000731
0.262600 0.000703
0.262800 0.000676
0.263000 0.000650
0.263200 0.000625
0.263400 0.000601
0.263600 0.000578
0.263800 0.000555
0.264000 0.000534
0.264200 0.000513
0.264400 0.000493
0.264600 0.000474
0.264800 0.000456
0.265000 0.000438
0.265200 0.000421
0.265400 0.000404
0.265600 0.000388
0.265800 0.000373
0.266000 0.000358
0.266200 0.000344
0.266400 0.000330
0.266600 0.000317
0.266800 0.000305
0.267000 0.000292
0.267200 0.000281
0.267400 0.000270
0.267600 0.000259
0.267800 0.000248
0.268000 0.000238
0.268200 0.000229
0.268400 0.000220
0.268600 0.000211
0.268800 0.000202
0.269000 0.000194
0.269200 0.000186
0.269400 0.000178
0.269600 0.000171
0.269800 0.000164
0.270000 0.000157
0.270200 0.000151
0.270400 0.000145
0.270600 0.000139
0.270800 0.000133
0.271000 0.000127
0.271200 0.000122
0.271400 0.000117
0.271600 0.000112
0.271800 0.000108
0.272000 0.000103
0.272200 0.000099
0.272400 0.000095
0.272600 0.000091
0.272800 0.000087
0.273000 0.000083
0.273200 0.000080
0.273400 0.000076
0.273600 0.000073
0.273800 0.000070
0.274000 0.000067
0.274200 0.000064
0.274400 0.000061
0.274600 0.000059
0.274800 0.000056
0.275000 0.000054
0.275200 0.000052
0.275400 0.000049
0.275600 0.000047
0.275800 0.000045
0.276000 0.000043
0.276200 0.000041
0.276400 0.000039
0.276600 0.000038
0.276800 0.000036
0.277000 0.000035
0.277200 0.000033
0.277400 0.000032
0.277600 0.000030
0.277800 0.000029
0.278000 0.000028
0.278200 0.000026
0.278400 0.000025
0.278600 0.000024
0.278800 0.000023
0.279000 0.000022
0.279200 0.000021
0.279400 0.000020
0.279600 0.000019
0.279800 0.000018
0.280000 0.000018
0.280200 0.000017
0.280400 0.000016
0.280600 0.000015
0.280800 0.000015
0.281000 0.000014
0.281200 0.000013
0.281400 0.000013
0.281600 0.000012
0.281800 0.000012
0.282000 0.000011
0.282200 0.000011
0.282400 0.000010
0.282600 0.000010
0.282800 0.000009
0.283000 0.000009
0.283200 0.000008
0.283400 0.000008
0.283600 0.000008
0.283800 0.000007
0.284000 0.000007
0.284200 0.000007
0.284400 0.000006
0.284600 0.000006
0.284800 0.000006
0.285000 0.000005
0.285200 0.000005
0.285400 0.000005
0.285600 0.000005
0.285800 0.000004
0.286000 0.000004
0.286200 0.000004
0.286400 0.000004
0.286600 0.000004
0.286800 0.000004
0.287000 0.000003
0.287200 0.000003
0.287400 0.000003
0.287600 0.000003
0.287800 0.000003
0.288000 0.000003
0.288200 0.000002
0.288400 0.000002
0.288600 0.000002
0.288800 0.000002
0.289000 0.000002
0.289200 0.000002
0.289400 0.000002
0.289600 0.000002
0.289800 0.000002
0.290000 0.000002
0.290200 0.000002
0.290400 0.000001
0.290600 0.000001
0.290800 0.000001
0.291000 0.000001
0.291200 0.000001
0.291400 0.000001
0.291600 0.000001
0.291800 0.000001
0.292000 0.000001
0.292200 0.000001
0.292400 0.000001
0.292600 0.000001
0.292800 0.000001
0.293000 0.000001
0.293200 0.000001
0.293400 0.000001
0.293600 0.000001
0.293800 0.000001
0.294000 0.000001
0.294200 0.000001
0.294400 0.000001
0.294600 0.000000
0.294800 0.000000
0.295000 0.000000
0.295200 0.000000
0.295400 0.000000
0.295600 0.000000
0.295800 0.000000
0.296000 0.000000
0.296200 0.000000
0.296400 0.000000
0.296600 0.000000
0.296800 0.000000
0.297000 0.000000
0.297200 0.000000
0.297400 0.000000
0.297600 0.000000
0.297800 0.000000
0.298000 0.000000
0.298200 0.000000
0.298400 0.000000
0.298600 0.000000
0.298800 0.000000
0.299000 0.000000
0.299200 0.000000
0.299400 0.000000
0.299600 0.000000
0.299800 0.000000
0.300000 0.000000
0.300200 0.000000
0.300400 0.000000
0.300600 0.000000
0.300800 0.000000
0.301000 0.000000
0.301200 0.000000
0.301400 0.000000
0.301600 0.000000
0.301800 0.000000
0.302000 0.000000
0.302200 0.000000
0.302400 0.000000
0.302600 0.000000
0.302800 0.000000
0.303000 0.000000
0.303200 0.000000
0.303400 0.000000
0.303600 0.000000
0.303800 0.000000
0.304000 0.000000
0.304200 0.000000
0.304400 0.000000
0.304600 0.000000
0.304800 0.000000
0.305000 0.000000
0.305200 0.000000
0.305400 0.000000
0.305600 0.000000
0.305800 0.000000
0.306000 0.000000
0.306200 0.000000
0.306400 0.000000
0.306600 0.000000
0.306800 0.000000
0.307000 0.000000
0.307200 0.000000
0.307400 0.000000
0.307600 0.000000
0.307800 0.000000
0.308000 0.000000
0.308200 0.000000
0.308400 0.000000
0.308600 0.000000
0.308800 0.000000
0.309000 0.000000
0.309200 0.000000
0.309400 0.000000
0.309600 0.000000
0.309800 0.000000
0.310000 0.000000
0.310200 0.000000
0.310400 0.000000
0.310600 0.000000
0.310800 0.000000
0.311000 0.000000
0.311200 0.000000
0.311400 0.000000
0.311600 0.000000
0.311800 0.000000
0.312000 0.000000
0.312200 0.000000
0.312400 0.000000
0.312600 0.000000
0.312800 0.000000
0.313000 0.000000
0.313200 0.000000
0.313400 0.000000
0.313600 0.000000
0.313800 0.000000
0.314000 0.000000
0.314200 0.000000
0.314400 0.000000
0.314600 0.000000
0.314800 0.000000
0.315000 0.000000
0.315200 0.000000
0.315400 0.000000
0.315600 0.000000
0.315800 0.000000
0.316000 0.000000
0.316200 0.000000
0.316400 0.000000
0.316600 0.000000
0.316800 0.000000
0.317000 0.000000
0.317200 0.000000
0.317400 0.000000
0.317600 0.000000
0.317800 0.000000
0.318000 0.000000
0.318200 0.000000
0.318400 0.000000
0.318600 0.000000
0.318800 0.000000
0.319000 0.000000
0.319200 0.000000
0.319400 0.000000
0.319600 0.000000
0.319800 0.000000
0.320000 0.000000
0.320200 0.000000
0.320400 0.000000
0.320600 0.000000
0.320800 0.000000
0.321000 0.000000
0.321200 0.000000
0.321400 0.000000
0.321600 0.000000
0.321800 0.000000
0.322000 0.000000
0.322200 0.000000
0.322400 0.000000
0.322600 0.000000
0.322800 0.000000
0.323000 0.000000
0.323200 0.000000
0.323400 0.000000
0.323600 0.000000
0.323800 0.000000
0.324000 0.000000
0.324200 0.000000
0.324400 0.000000
0.324600 0.000000
0.324800 0.000000
0.325000 0.000000
0.325200 0.000000
0.325400 0.000000
0.325600 0.000000
0.325800 0.000000
0.326000 0.000000
0.326200 0.000000
0.326400 0.000000
0.326600 0.000000
0.326800 0.000000
0.327000 0.000000
0.327200 0.000000
0.327400 0.000000
0.327600 0.000000
0.327800 0.000000
0.328000 0.000000
0.328200 0.000000
0.328400 0.000000
0.328600 0.000000
0.328800 0.000000
0.329000 0.000000
0.329200 0.000000
0.329400 0.000000
0.329600 0.000000
0.329800 0.000000
0.330000 0.000000
0.330200 0.000000
0.330400 0.000000
0.330600 0.000000
0.330800 0.000000
0.331000 0.000000
0.331200 0.000000
0.331400 0.000000
0.331600 0.000000
0.331800 0.000000
0.332000 0.000000
0.332200 0.000000
0.332400 0.000000
0.332600 0.000000
0.332800 0.000000
0.333000 0.000000
0.333200 0.000000
0.333400 0.000000
0.333600 0.000000
0.333800 0.000000
0.334000 0.000000
0.334200 0.000000
0.334400 0.000000
0.334600 0.000000
0.334800 0.000000
0.335000 0.000000
0.335200 0.000000
0.335400 0.000000
0.335600 0.000000
0.335800 0.000000
0.336000 0.000000
0.336200 0.000000
0.336400 0.000000
0.336600 0.000000
0.336800 0.000000
0.337000 0.000000
0.337200 0.000000
0.337400 0.000000
0.337600 0.000000
0.337800 0.000000
0.338000 0.000000
0.338200 0.000000
0.338400 0.000000
0.338600 0.000000
0.338800 0.000000
0.339000 0.000000
0.339200 0.000000
0.339400 0.000000
0.339600 0.000000
0.339800 0.000000
0.340000 0.000000
0.340200 0.000000
0.340400 0.000000
0.340600 0.000000
0.340800 0.000000
0.341000 0.000000
0.341200 0.000000
0.341400 0.000000
0.341600 0.000000
0.341800 0.000000
0.342000 0.000000
0.342200 0.000000
0.342400 0.000000
0.342600 0.000000
0.342800 0.000000
0.343000 0.000000
0.343200 0.000000
0.343400 0.000000
0.343600 0.000000
0.343800 0.000000
0.344000 0.000000
0.344200 0.000000
0.344400 0.000000
0.344600 0.000000
0.344800 0.000000
0.345000 0.000000
0.345200 0.000000
0.345400 0.000000
0.345600 0.000000
0.345800 0.000000
0.346000 0.000000
0.346200 0.000000
0.346400 0.000000
0.346600 0.000000
0.346800 0.000000
0.347000 0.000000
0.347200 0.000000
0.347400 0.000000
0.347600 0.000000
0.347800 0.000000
0.348000 0.000000
0.348200 0.000000
0.348400 0.000000
0.348600 0.000000
0.348800 0.000000
0.349000 0.000000
0.349200 0.000000
0.349400 0.000000
0.349600 0.000000
0.349800 0.000000
0.350000 0.000000
0.350200 0.000000
0.350400 0.000000
0.350600 0.000000
0.350800 0.000000
0.351000 0.000000
0.351200 0.000000
0.351400 0.000000
0.351600 0.000000
0.351800 0.000000
0.352000 0.000000
0.352200 0.000000
0.352400 0.000000
0.352600 0.000000
0.352800 0.000000
0.353000 0.000000
0.353200 0.000000
0.353400 0.000000
0.353600 0.000000
0.353800 0.000000
0.354000 0.000000
0.354200 0.000000
0.354400 0.000000
0.354600 0.000000
0.354800 0.000000
0.355000 0.000000
0.355200 0.000000
0.355400 0.000000
0.355600 0.000000
0.355800 0.000000
0.356000 0.000000
0.356200 0.000000
0.356400 0.000000
0.356600 0.000000
0.356800 0.000000
0.357000 0.000000
0.357200 0.000000
0.357400 0.000000
0.357600 0.000000
0.357800 0.000000
0.358000 0.000000
0.358200 0.000000
0.358400 0.000000
0.358600 0.000000
0.358800 0.000000
0.359000 0.000000
0.359200 0.000000
0.359400 0.000000
0.359600 0.000000
0.359800 0.000000
0.360000 0.000000
0.360200 0.000000
0.360400 0.000000
0.360600 0.000000
0.360800 0.000000
0.361000 0.000000
0.361200 0.000000
0.361400 0.000000
0.361600 0.000000
0.361800 0.000000
0.362000 0.000000
0.362200 0.000000
0.362400 0.000000
0.362600 0.000000
0.362800 0.000000
0.363000 0.000000
0.363200 0.000000
0.363400 0.000000
0.363600 0.000000
0.363800 0.000000
0.364000 0.000000
0.364200 0.000000
0.364400 0.000000
0.364600 0.000000
0.364800 0.000000
0.365000 0.000000
0.365200 0.000000
0.365400 0.000000
0.365600 0.000000
0.365800 0.000000
0.366000 0.000000
0.366200 0.000000
0.366400 0.000000
0.366600 0.000000
0.366800 0.000000
0.367000 0.000000
0.367200 0.000000
0.367400 0.000000
0.367600 0.000000
0.367800 0.000000
0.368000 0.000000
0.368200 0.000000
0.368400 0.000000
0.368600 0.000000
0.368800 0.000000
0.369000 0.000000
0.369200 0.000000
0.369400 0.000000
0.369600 0.000000
0.369800 0.000000
0.370000 0.000000
0.370200 0.000000
0.370400 0.000000
0.370600 0.000000
0.370800 0.000000
0.371000 0.000000
0.371200 0.000000
0.371400 0.000000
0.371600 0.000000
0.371800 0.000000
0.372000 0.000000
0.372200 0.000000
0.372400 0.000000
0.372600 0.000000
0.372800 0.000000
0.373000 0.000000
0.373200 0.000000
0.373400 0.000000
0.373600 0.000000
0.373800 0.000000
0.374000 0.000000
0.374200 0.000000
0.374400 0.000000
0.374600 0.000000
0.374800 0.000000
0.375000 0.000000
0.375200 0.000000
0.375400 0.000000
0.375600 0.000000
0.375800 0.000000
0.376000 0.000000
0.376200 0.000000
0.376400 0.000000
0.376600 0.000000
0.376800 0.000000
0.377000 0.000000
0.377200 0.000000
0.377400 0.000000
0.377600 0.000000
0.377800 0.000000
0.378000 0.000000
0.378200 0.000000
0.378400 0.000000
0.378600 0.000000
0.378800 0.000000
0.379000 0.000000
0.379200 0.000000
0.379400 0.000000
0.379600 0.000000
0.379800 0.000000
0.380000 0.000000
0.380200 0.000000
0.380400 0.000000
0.380600 0.000000
0.380800 0.000000
0.381000 0.000000
0.381200 0.000000
0.381400 0.000000
0.381600 0.000000
0.381800 0.000000
0.382000 0.000000
0.382200 0.000000
0.382400 0.000000
0.382600 0.000000
0.382800 0.000000
0.383000 0.000000
0.383200 0.000000
0.383400 0.000000
0.383600 0.000000
0.383800 0.000000
0.384000 0.000000
0.384200 0.000000
0.384400 0.000000
0.384600 0.000000
0.384800 0.000000
0.385000 0.000000
0.385200 0.000000
0.385400 0.000000
0.385600 0.000000
0.385800 0.000000
0.386000 0.000000
0.386200 0.000000
0.386400 0.000000
0.386600 0.000000
0.386800 0.000000
0.387000 0.000000
0.387200 0.000000
0.387400 0.000000
0.387600 0.000000
0.387800 0.000000
0.388000 0.000000
0.388200 0.000000
0.388400 0.000000
0.388600 0.000000
0.388800 0.000000
0.389000 0.000000
0.389200 0.000000
0.389400 0.000000
0.389600 0.000000
0.389800 0.000000
0.390000 0.000000
0.390200 0.000000
0.390400 0.000000
0.390600 0.000000
0.390800 0.000000
0.391000 0.000000
0.391200 0.000000
0.391400 0.000000
0.391600 0.000000
0.391800 0.000000
0.392000 0.000000
0.392200 0.000000
0.392400 0.000000
0.392600 0.000000
0.392800 0.000000
0.393000 0.000000
0.393200 0.000000
0.393400 0.000000
0.393600 0.000000
0.393800 0.000000
0.394000 0.000000
0.394200 0.000000
0.394400 0.000000
0.394600 0.000000
0.394800 0.000000
0.395000 0.000000
0.395200 0.000000
0.395400 0.000000
0.395600 0.000000
0.395800 0.000000
0.396000 0.000000
0.396200 0.000000
0.396400 0.000000
0.396600 0.000000
0.396800 0.000000
0.397000 0.000000
0.397200 0.000000
0.397400 0.000000
0.397600 0.000000
0.397800 0.000000
0.398000 0.000000
0.398200 0.000000
0.398400 0.000000
0.398600 0.000000
0.398800 0.000000
0.399000 0.000000
0.399200 0.000000
0.399400 0.000000
0.399600 0.000000
0.399800 0.000000
0.400000 0.000000
0.400200 0.000000
0.400400 0.000000
0.400600 0.000000
0.400800 0.000000
0.401000 0.000000
0.401200 0.000000
0.401400 0.000000
0.401600 0.000000
0.401800 0.000000
0.402000 0.000000
0.402200 0.000000
0.402400 0.000000
0.402600 0.000000
0.402800 0.000000
0.403000 0.000000
0.403200 0.000000
0.403400 0.000000
0.403600 0.000000
0.403800 0.000000
0.404000 0.000000
0.404200 0.000000
0.404400 0.000000
0.404600 0.000000
0.404800 0.000000
0.405000 0.000000
0.405200 0.000000
0.405400 0.000000
0.405600 0.000000
0.405800 0.000000
0.406000 0.000000
0.406200 0.000000
0.406400 0.000000
0.406600 0.000000
0.406800 0.000000
0.407000 0.000000
0.407200 0.000000
0.407400 0.000000
0.407600 0.000000
0.407800 0.000000
0.408000 0.000000
0.408200 0.000000
0.408400 0.000000
0.408600 0.000000
0.408800 0.000000
0.409000 0.000000
0.409200 0.000000
0.409400 0.000000
0.409600 0.000000
0.409800 0.000000
0.410000 0.000000
0.410200 0.000000
0.410400 0.000000
0.410600 0.000000
0.410800 0.000000
0.411000 0.000000
0.411200 0.000000
0.411400 0.000000
0.411600 0.000000
0.411800 0.000000
0.412000 0.000000
0.412200 0.000000
0.412400 0.000000
0.412600 0.000000
0.412800 0.000000
0.413000 0.000000
0.413200 0.000000
0.413400 0.000000
0.413600 0.000000
0.413800 0.000000
0.414000 0.000000
0.414200 0.000000
0.414400 0.000000
0.414600 0.000000
0.414800 0.000000
0.415000 0.000000
0.415200 0.000000
0.415400 0.000000
0.415600 0.000000
0.415800 0.000000
0.416000 0.000000
0.416200 0.000000
0.416400 0.000000
0.416600 0.000000
0.416800 0.000000
0.417000 0.000000
0.417200 0.000000
0.417400 0.000000
0.417600 0.000000
0.417800 0.000000
0.418000 0.000000
0.418200 0.000000
0.418400 0.000000
0.418600 0.000000
0.418800 0.000000
0.419000 0.000000
0.419200 0.000000
0.419400 0.000000
0.419600 0.000000
0.419800 0.000000
0.420000 0.000000
0.420200 0.000000
0.420400 0.000000
0.420600 0.000000
0.420800 0.000000
0.421000 0.000000
0.421200 0.000000
0.421400 0.000000
0.421600 0.000000
0.421800 0.000000
0.422000 0.000000
0.422200 0.000000
0.422400 0.000000
0.422600 0.000000
0.422800 0.000000
0.423000 0.000000
0.423200 0.000000
0.423400 0.000000
0.423600 0.000000
0.423800 0.000000
0.424000 0.000000
0.424200 0.000000
0.424400 0.000000
0.424600 0.000000
0.424800 0.000000
0.425000 0.000000
0.425200 0.000000
0.425400 0.000000
0.425600 0.000000
0.425800 0.000000
0.426000 0.000000
0.426200 0.000000
0.426400 0.000000
0.426600 0.000000
0.426800 0.000000
0.427000 0.000000
0.427200 0.000000
0.427400 0.000000
0.427600 0.000000
0.427800 0.000000
0.428000 0.000000
0.428200 0.000000
0.428400 0.000000
0.428600 0.000000
0.428800 0.000000
0.429000 0.000000
0.429200 0.000000
0.429400 0.000000
0.429600 0.000000
0.429800 0.000000
0.430000 0.000000
0.430200 0.000000
0.430400 0.000000
0.430600 0.000000
0.430800 0.000000
0.431000 0.000000
0.431200 0.000000
0.431400 0.000000
0.431600 0.000000
0.431800 0.000000
0.432000 0.000000
0.432200 0.000000
0.432400 0.000000
0.432600 0.000000
0.432800 0.000000
0.433000 0.000000
0.433200 0.000000
0.433400 0.000000
0.433600 0.000000
0.433800 0.000000
0.434000 0.000000
0.434200 0.000000
0.434400 0.000000
0.434600 0.000000
0.434800 0.000000
0.435000 0.000000
0.435200 0.000000
0.435400 0.000000
0.435600 0.000000
0.435800 0.000000
0.436000 0.000000
0.436200 0.000000
0.436400 0.000000
0.436600 0.000000
0.436800 0.000000
0.437000 0.000000
0.437200 0.000000
0.437400 0.000000
0.437600 0.000000
0.437800 0.000000
0.438000 0.000000
0.438200 0.000000
0.438400 0.000000
0.438600 0.000000
0.438800 0.000000
0.439000 0.000000
0.439200 0.000000
0.439400 0.000000
0.439600 0.000000
0.439800 0.000000
0.440000 0.000000
0.440200 0.000000
0.440400 0.000000
0.440600 0.000000
0.440800 0.000000
0.441000 0.000000
0.441200 0.000000
0.441400 0.000000
0.441600 0.000000
0.441800 0.000000
0.442000 0.000000
0.442200 0.000000
0.442400 0.000000
0.442600 0.000000
0.442800 0.000000
0.443000 0.000000
0.443200 0.000000
0.443400 0.000000
0.443600 0.000000
0.443800 0.000000
0.444000 0.000000
0.444200 0.000000
0.444400 0.000000
0.444600 0.000000
0.444800 0.000000
0.445000 0.000000
0.445200 0.000000
0.445400 0.000000
0.445600 0.000000
0.445800 0.000000
0.446000 0.000000
0.446200 0.000000
0.446400 0.000000
0.446600 0.000000
0.446800 0.000000
0.447000 0.000000
0.447200 0.000000
0.447400 0.000000
0.447600 0.000000
0.447800 0.000000
0.448000 0.000000
0.448200 0.000000
0.448400 0.000000
0.448600 0.000000
0.448800 0.000000
0.449000 0.000000
0.449200 0.000000
0.449400 0.000000
0.449600 0.000000
0.449800 0.000000
0.450000 0.000000
0.450200 0.000000
0.450400 0.000000
0.450600 0.000000
0.450800 0.000000
0.451000 0.000000
0.451200 0.000000
0.451400 0.000000
0.451600 0.000000
0.451800 0.000000
0.452000 0.000000
0.452200 0.000000
0.452400 0.000000
0.452600 0.000000
0.452800 0.000000
0.453000 0.000000
0.453200 0.000000
0.453400 0.000000
0.453600 0.000000
0.453800 0.000000
0.454000 0.000000
0.454200 0.000000
0.454400 0.000000
0.454600 0.000000
0.454800 0.000000
0.455000 0.000000
0.455200 0.000000
0.455400 0.000000
0.455600 0.000000
0.455800 0.000000
0.456000 0.000000
0.456200 0.000000
0.456400 0.000000
0.456600 0.000000
0.456800 0.000000
0.457000 0.000000
0.457200 0.000000
0.457400 0.000000
0.457600 0.000000
0.457800 0.000000
0.458000 0.000000
0.458200 0.000000
0.458400 0.000000
0.458600 0.000000
0.458800 0.000000
0.459000 0.000000
0.459200 0.000000
0.459400 0.000000
0.459600 0.000000
0.459800 0.000000
0.460000 0.000000
0.460200 0.000000
0.460400 0.000000
0.460600 0.000000
0.460800 0.000000
0.461000 0.000000
0.461200 0.000000
0.461400 0.000000
0.461600 0.000000
0.461800 0.000000
0.462000 0.000000
0.462200 0.000000
0.462400 0.000000
0.462600 0.000000
0.462800 0.000000
0.463000 0.000000
0.463200 0.000000
0.463400 0.000000
0.463600 0.000000
0.463800 0.000000
0.464000 0.000000
0.464200 0.000000
0.464400 0.000000
0.464600 0.000000
0.464800 0.000000
0.465000 0.000000
0.465200 0.000000
0.465400 0.000000
0.465600 0.000000
0.465800 0.000000
0.466000 0.000000
0.466200 0.000000
0.466400 0.000000
0.466600 0.000000
0.466800 0.000000
0.467000 0.000000
0.467200 0.000000
0.467400 0.000000
0.467600 0.000000
0.467800 0.000000
0.468000 0.000000
0.468200 0.000000
0.468400 0.000000
0.468600 0.000000
0.468800 0.000000
0.469000 0.000000
0.469200 0.000000
0.469400 0.000000
0.469600 0.000000
0.469800 0.000000
0.470000 0.000000
0.470200 0.000000
0.470400 0.000000
0.470600 0.000000
0.470800 0.000000
0.471000 0.000000
0.471200 0.000000
0.471400 0.000000
0.471600 0.000000
0.471800 0.000000
0.472000 0.000000
0.472200 0.000000
0.472400 0.000000
0.472600 0.000000
0.472800 0.000000
0.473000 0.000000
0.473200 0.000000
0.473400 0.000000
0.473600 0.000000
0.473800 0.000000
0.474000 0.000000
0.474200 0.000000
0.474400 0.000000
0.474600 0.000000
0.474800 0.000000
0.475000 0.000000
0.475200 0.000000
0.475400 0.000000
0.475600 0.000000
0.475800 0.000000
0.476000 0.000000
0.476200 0.000000
0.476400 0.000000
0.476600 0.000000
0.476800 0.000000
0.477000 0.000000
0.477200 0.000000
0.477400 0.000000
0.477600 0.000000
0.477800 0.000000
0.478000 0.000000
0.478200 0.000000
0.478400 0.000000
0.478600 0.000000
0.478800 0.000000
0.479000 0.000000
0.479200 0.000000
0.479400 0.000000
0.479600 0.000000
0.479800 0.000000
0.480000 0.000000
0.480200 0.000000
0.480400 0.000000
0.480600 0.000000
0.480800 0.000000
0.481000 0.000000
0.481200 0.000000
0.481400 0.000000
0.481600 0.000000
0.481800 0.000000
0.482000 0.000000
0.482200 0.000000
0.482400 0.000000
0.482600 0.000000
0.482800 0.000000
0.483000 0.000000
0.483200 0.000000
0.483400 0.000000
0.483600 0.000000
0.483800 0.000000
0.484000 0.000000
0.484200 0.000000
0.484400 0.000000
0.484600 0.000000
0.484800 0.000000
0.485000 0.000000
0.485200 0.000000
0.485400 0.000000
0.485600 0.000000
0.485800 0.000000
0.486000 0.000000
0.486200 0.000000
0.486400 0.000000
0.486600 0.000000
0.486800 0.000000
0.487000 0.000000
0.487200 0.000000
0.487400 0.000000
0.487600 0.000000
0.487800 0.000000
0.488000 0.000000
0.488200 0.000000
0.488400 0.000000
0.488600 0.000000
0.488800 0.000000
0.489000 0.000000
0.489200 0.000000
0.489400 0.000000
0.489600 0.000000
0.489800 0.000000
0.490000 0.000000
0.490200 0.000000
0.490400 0.000000
0.490600 0.000000
0.490800 0.000000
0.491000 0.000000
0.491200 0.000000
0.491400 0.000000
0.491600 0.000000
0.491800 0.000000
0.492000 0.000000
0.492200 0.000000
0.492400 0.000000
0.492600 0.000000
0.492800 0.000000
0.493000 0.000000
0.493200 0.000000
0.493400 0.000000
0.493600 0.000000
0.493800 0.000000
0.494000 0.000000
0.494200 0.000000
0.494400 0.000000
0.494600 0.000000
0.494800 0.000000
0.495000 0.000000
0.495200 0.000000
0.495400 0.000000
0.495600 0.000000
0.495800 0.000000
0.496000 0.000000
0.496200 0.000000
0.496400 0.000000
0.496600 0.000000
0.496800 0.000000
0.497000 0.000000
0.497200 0.000000
0.497400 0.000000
0.497600 0.000000
0.497800 0.000000
0.498000 0.000000
0.498200 0.000000
0.498400 0.000000
0.498600 0.000000
0.498800 0.000000
0.499000 0.000000
0.499200 0.000000
0.499400 0.000000
0.499600 0.000000
0.499800 0.000000
0.500000 0.000000
0.500200 0.000000
0.500400 0.000000
0.500600 0.000000
0.500800 0.000000
0.501000 0.000000
0.501200 0.000000
0.501400 0.000000
0.501600 0.000000
0.501800 0.000000
0.502000 0.000000
0.502200 0.000000
0.502400 0.000000
0.502600 0.000000
0.502800 0.000000
0.503000 0.000000
0.503200 0.000000
0.503400 0.000000
0.503600 0.000000
0.503800 0.000000
0.504000 0.000000
0.504200 0.000000
0.504400 0.000000
0.504600 0.000000
0.504800 0.000000
0.505000 0.000000
0.505200 0.000000
0.505400 0.000000
0.505600 0.000000
0.505800 0.000000
0.506000 0.000000
0.506200 0.000000
0.506400 0.000000
0.506600 0.000000
0.506800 0.000000
0.507000 0.000000
0.507200 0.000000
0.507400 0.000000
0.507600 0.000000
0.507800 0.000000
0.508000 0.000000
0.508200 0.000000
0.508400 0.000000
0.508600 0.000000
0.508800 0.000000
0.509000 0.000000
0.509200 0.000000
0.509400 0.000000
0.509600 0.000000
0.509800 0.000000
0.510000 0.000000
0.510200 0.000000
0.510400 0.000000
0.510600 0.000000
0.510800 0.000000
0.511000 0.000000
0.511200 0.000000
0.511400 0.000000
0.511600 0.000000
0.511800 0.000000
0.512000 0.000000
0.512200 0.000000
0.512400 0.000000
0.512600 0.000001
0.512800 0.000001
0.513000 0.000001
0.513200 0.000001
0.513400 0.000001
0.513600 0.000001
0.513800 0.000001
0.514000 0.000001
0.514200 0.000001
0.514400 0.000001
0.514600 0.000001
0.514800 0.000001
0.515000 0.000001
0.515200 0.000001
0.515400 0.000001
0.515600 0.000001
0.515800 0.000001
0.516000 0.000001
0.516200 0.000001
0.516400 0.000001
0.516600 0.000001
0.516800 0.000001
0.517000 0.000001
0.517200 0.000001
0.517400 0.000002
0.517600 0.000002
0.517800 0.000002
0.518000 0.000002
0.518200 0.000002
0.518400 0.000002
0.518600 0.000002
0.518800 0.000002
0.519000 0.000002
0.519200 0.000002
0.519400 0.000002
0.519600 0.000003
0.519800 0.000003
0.520000 0.000003
0.520200 0.000003
0.520400 0.000003
0.520600 0.000003
0.520800 0.000003
0.521000 0.000003
0.521200 0.000004
0.521400 0.000004
0.521600 0.000004
0.521800 0.000004
0.522000 0.000004
0.522200 0.000004
0.522400 0.000005
0.522600 0.000005
0.522800 0.000005
0.523000 0.000005
0.523200 0.000006
0.523400 0.000006
0.523600 0.000006
0.523800 0.000006
0.524000 0.000007
0.524200 0.000007
0.524400 0.000007
0.524600 0.000007
0.524800 0.000008
0.525000 0.000008
0.525200 0.000008
0.525400 0.000009
0.525600 0.000009
0.525800 0.000010
0.526000 0.000010
0.526200 0.000010
0.526400 0.000011
0.526600 0.000011
0.526800 0.000012
0.527000 0.000012
0.527200 0.000013
0.527400 0.000013
0.527600 0.000014
0.527800 0.000015
0.528000 0.000015
0.528200 0.000016
0.528400 0.000016
0.528600 0.000017
0.528800 0.000018
0.529000 0.000019
0.529200 0.000019
0.529400 0.000020
0.529600 0.000021
0.529800 0.000022
0.530000 0.000023
0.530200 0.000024
0.530400 0.000025
0.530600 0.000026
0.530800 0.000027
0.531000 0.000028
0.531200 0.000029
0.531400 0.000030
0.531600 0.000032
0.531800 0.000033
0.532000 0.000034
0.532200 0.000036
0.532400 0.000037
0.532600 0.000038
0.532800 0.000040
0.533000 0.000042
0.533200 0.000043
0.533400 0.000045
0.533600 0.000047
0.533800 0.000049
0.534000 0.000051
0.534200 0.000053
0.534400 0.000055
0.534600 0.000057
0.534800 0.000059
0.535000 0.000062
0.535200 0.000064
0.535400 0.000067
0.535600 0.000069
0.535800 0.000072
0.536000 0.000075
0.536200 0.000078
0.536400 0.000081
0.536600 0.000084
0.536800 0.000087
0.537000 0.000091
0.537200 0.000094
0.537400 0.000098
0.537600 0.000102
0.537800 0.000106
0.538000 0.000110
0.538200 0.000114
0.538400 0.000118
0.538600 0.000123
0.538800 0.000128
0.539000 0.000132
0.539200 0.000138
0.539400 0.000143
0.539600 0.000148
0.539800 0.000154
0.540000 0.000160
0.540200 0.000166
0.540400 0.000172
0.540600 0.000178
0.540800 0.000185
0.541000 0.000192
0.541200 0.000199
0.541400 0.000207
0.541600 0.000215
0.541800 0.000223
0.542000 0.000231
0.542200 0.000239
0.542400 0.000248
0.542600 0.000257
0.542800 0.000267
0.543000 0.000277
0.543200 0.000287
0.543400 0.000298
0.543600 0.000308
0.543800 0.000320
0.544000 0.000331
0.544200 0.000343
0.544400 0.000356
0.544600 0.000369
0.544800 0.000382
0.545000 0.000396
0.545200 0.000410
0.545400 0.000425
0.545600 0.000440
0.545800 0.000456
0.546000 0.000473
0.546200 0.000489
0.546400 0.000507
0.546600 0.000525
0.546800 0.000544
0.547000 0.000563
0.547200 0.000583
0.547400 0.000603
0.547600 0.000625
0.547800 0.000646
0.548000 0.000669
0.548200 0.000693
0.548400 0.000717
0.548600 0.000742
0.548800 0.000768
0.549000 0.000794
0.549200 0.000822
0.549400 0.000850
0.549600 0.000880
0.549800 0.000910
0.550000 0.000941
0.550200 0.000973
0.550400 0.001007
0.550600 0.001041
0.550800 0.001077
0.551000 0.001113
0.551200 0.001151
0.551400 0.001190
0.551600 0.001230
0.551800 0.001272
0.552000 0.001315
0.552200 0.001359
0.552400 0.001404
0.552600 0.001451
0.552800 0.001500
0.553000 0.001550
0.553200 0.001601
0.553400 0.001654
0.553600 0.001709
0.553800 0.001766
0.554000 0.001824
0.554200 0.001884
0.554400 0.001946
0.554600 0.002009
0.554800 0.002075
0.555000 0.002143
0.555200 0.002212
0.555400 0.002284
0.555600 0.002358
0.555800 0.002435
0.556000 0.002513
0.556200 0.002594
0.556400 0.002677
0.556600 0.002763
0.556800 0.002851
0.557000 0.002942
0.557200 0.003036
0.557400 0.003132
0.557600 0.003232
0.557800 0.003334
0.558000 0.003439
0.558200 0.003547
0.558400 0.003659
0.558600 0.003773
0.558800 0.003891
0.559000 0.004013
0.559200 0.004137
0.559400 0.004266
0.559600 0.004398
0.559800 0.004534
0.560000 0.004674
0.560200 0.004818
0.560400 0.004966
0.560600 0.005118
0.560800 0.005274
0.561000 0.005435
0.561200 0.005600
0.561400 0.005770
0.561600 0.005945
0.561800 0.006124
0.562000 0.006309
0.562200 0.006499
0.562400 0.006693
0.562600 0.006894
0.562800 0.007099
0.563000 0.007311
0.563200 0.007528
0.563400 0.007751
0.563600 0.007980
0.563800 0.008216
0.564000 0.008458
0.564200 0.008706
0.564400 0.008961
0.564600 0.009223
0.564800 0.009491
0.565000 0.009767
0.565200 0.010051
0.565400 0.010341
0.565600 0.010640
0.565800 0.010946
0.566000 0.011261
0.566200 0.011583
0.566400 0.011914
0.566600 0.012254
0.566800 0.012603
0.567000 0.012960
0.567200 0.013327
0.567400 0.013703
0.567600 0.014089
0.567800 0.014485
0.568000 0.014890
0.568200 0.015307
0.568400 0.015733
0.568600 0.016171
0.568800 0.016619
0.569000 0.017079
0.569200 0.017550
0.569400 0.018034
0.569600 0.018529
0.569800 0.019036
0.570000 0.019556
0.570200 0.020089
0.570400 0.020635
0.570600 0.021194
0.570800 0.021767
0.571000 0.022355
0.571200 0.022956
0.571400 0.023572
0.571600 0.024203
0.571800 0.024849
0.572000 0.025510
0.572200 0.026188
0.572400 0.026882
0.572600 0.027592
0.572800 0.028319
0.573000 0.029064
0.573200 0.029826
0.573400 0.030606
0.573600 0.031405
0.573800 0.032222
0.574000 0.033059
0.574200 0.033916
0.574400 0.034792
0.574600 0.035690
0.574800 0.036608
0.575000 0.037548
0.575200 0.038510
0.575400 0.039494
0.575600 0.040502
0.575800 0.041533
0.576000 0.042589
0.576200 0.043669
0.576400 0.044775
0.576600 0.045908
0.576800 0.047067
0.577000 0.048255
0.577200 0.049471
0.577400 0.050717
0.577600 0.051993
0.577800 0.053300
0.578000 0.054641
0.578200 0.056015
0.578400 0.057424
0.578600 0.058870
0.578800 0.060353
0.579000 0.061876
0.579200 0.063440
0.579400 0.065048
0.579600 0.066700
0.579800 0.068400
0.580000 0.070149
0.580200 0.071951
0.580400 0.073808
0.580600 0.075724
0.580800 0.077701
0.581000 0.079743
0.581200 0.081855
0.581400 0.084041
0.581600 0.086306
0.581800 0.088655
0.582000 0.091094
0.582200 0.093628
0.582400 0.096266
0.582600 0.099014
0.582800 0.101880
0.583000 0.104874
0.583200 0.108005
0.583400 0.111283
0.583600 0.114720
0.583800 0.118328
0.584000 0.122121
0.584200 0.126113
0.584400 0.130319
0.584600 0.134758
0.584800 0.139447
0.585000 0.144405
0.585200 0.149656
0.585400 0.155220
0.585600 0.161125
0.585800 0.167395
0.586000 0.174061
0.586200 0.181152
0.586400 0.188702
0.586600 0.196746
0.586800 0.205322
0.587000 0.214470
0.587200 0.224234
0.587400 0.234659
0.587600 0.245795
0.587800 0.257692
0.588000 0.270407
0.588200 0.283997
0.588400 0.298524
0.588600 0.314053
0.588800 0.330654
0.589000 0.348398
0.589200 0.367363
0.589400 0.387628
0.589600 0.409278
0.589800 0.432400
0.590000 0.457087
0.590200 0.483435
0.590400 0.511544
0.590600 0.541519
0.590800 0.573468
0.591000 0.607504
0.591200 0.643742
0.591400 0.682302
0.591600 0.723309
0.591800 0.766891
0.592000 0.813177
0.592200 0.862301
0.592400 0.914401
0.592600 0.969616
0.592800 1.028089
0.593000 1.089963
0.593200 1.155383
0.593400 1.224498
0.593600 1.297455
0.593800 1.374403
0.594000 1.455489
0.594200 1.540861
0.594400 1.630665
0.594600 1.725046
0.594800 1.824147
0.595000 1.928105
0.595200 2.037055
0.595400 2.151128
0.595600 2.270449
0.595800 2.395136
0.596000 2.525301
0.596200 2.661047
0.596400 2.802471
0.596600 2.949657
0.596800 3.102681
0.597000 3.261606
0.597200 3.426485
0.597400 3.597356
0.597600 3.774244
0.597800 3.957159
0.598000 4.146096
0.598200 4.341033
0.598400 4.541931
0.598600 4.748735
0.598800 4.961368
0.599000 5.179738
0.599200 5.403730
0.599400 5.633210
0.599600 5.868023
0.599800 6.107995
0.600000 6.352929
0.600200 6.602606
0.600400 6.856787
0.600600 7.115210
0.600800 7.377592
0.601000 7.643628
0.601200 7.912994
0.601400 8.185342
0.601600 8.460307
0.601800 8.737501
0.602000 9.016520
0.602200 9.296940
0.602400 9.578321
0.602600 9.860204
0.602800 10.142118
0.603000 10.423577
0.603200 10.704082
0.603400 10.983122
0.603600 11.260179
0.603800 11.534724
0.604000 11.806223
0.604200 12.074137
0.604400 12.337925
0.604600 12.597043
0.604800 12.850949
0.605000 13.099105
0.605200 13.340976
0.605400 13.576034
0.605600 13.803761
0.605800 14.023648
0.606000 14.235200
0.606200 14.437936
0.606400 14.631392
0.606600 14.815123
0.606800 14.988704
0.607000 15.151731
0.607200 15.303824
0.607400 15.444630
0.607600 15.573822
0.607800 15.691100
0.608000 15.796194
0.608200 15.888866
0.608400 15.968909
0.608600 16.036148
0.608800 16.090441
0.609000 16.131682
0.609200 16.159797
0.609400 16.174748
0.609600 16.176533
0.609800 16.165182
0.610000 16.140762
0.610200 16.103375
0.610400 16.053155
0.610600 15.990270
0.610800 15.914923
0.611000 15.827345
0.611200 15.727801
0.611400 15.616584
0.611600 15.494017
0.611800 15.360448
0.612000 15.216253
0.612200 15.061829
0.612400 14.897597
0.612600 14.724000
0.612800 14.541498
0.613000 14.350568
0.613200 14.151701
0.613400 13.945405
0.613600 13.732194
0.613800 13.512595
0.614000 13.287140
0.614200 13.056367
0.614400 12.820816
0.614600 12.581030
0.614800 12.337549
0.615000 12.090913
0.615200 11.841656
0.615400 11.590305
0.615600 11.337381
0.615800 11.083395
0.616000 10.828846
0.616200 10.574222
0.616400 10.319996
0.616600 10.066628
0.616800 9.814559
0.617000 9.564215
0.617200 9.316004
0.617400 9.070313
0.617600 8.827512
0.617800 8.587950
0.618000 8.351953
0.618200 8.119828
0.618400 7.891862
0.618600 7.668318
0.618800 7.449438
0.619000 7.235443
0.619200 7.026531
0.619400 6.822881
0.619600 6.624648
0.619800 6.431969
0.620000 6.244960
0.620200 6.063717
0.620400 5.888315
0.620600 5.718813
0.620800 5.555252
0.621000 5.397654
0.621200 5.246026
0.621400 5.100359
0.621600 4.960628
0.621800 4.826796
0.622000 4.698811
0.622200 4.576610
0.622400 4.460117
0.622600 4.349248
0.622800 4.243906
0.623000 4.143988
0.623200 4.049382
0.623400 3.959968
0.623600 3.875621
0.623800 3.796209
0.624000 3.721597
0.624200 3.651644
0.624400 3.586208
0.624600 3.525142
0.624800 3.468298
0.625000 3.415528
0.625200 3.366681
0.625400 3.321607
0.625600 3.280155
0.625800 3.242178
0.626000 3.207526
0.626200 3.176053
0.626400 3.147616
0.626600 3.122072
0.626800 3.099281
0.627000 3.079107
0.627200 3.061417
0.627400 3.046080
0.627600 3.032971
0.627800 3.021966
0.628000 3.012946
0.628200 3.005797
0.628400 3.000406
0.628600 2.996667
0.628800 2.994477
0.629000 2.993737
0.629200 2.994351
0.629400 2.996228
0.629600 2.999283
0.629800 3.003431
0.630000 3.008593
0.630200 3.014695
0.630400 3.021664
0.630600 3.029432
0.630800 3.037934
0.631000 3.047111
0.631200 3.056903
0.631400 3.067256
0.631600 3.078119
0.631800 3.089442
0.632000 3.101181
0.632200 3.113292
0.632400 3.125735
0.632600 3.138471
0.632800 3.151465
0.633000 3.164683
0.633200 3.178095
0.633400 3.191671
0.633600 3.205383
0.633800 3.219207
0.634000 3.233117
0.634200 3.247092
0.634400 3.261111
0.634600 3.275154
0.634800 3.289204
0.635000 3.303244
0.635200 3.317257
0.635400 3.331229
0.635600 3.345147
0.635800 3.358998
0.636000 3.372770
0.636200 3.386451
0.636400 3.400033
0.636600 3.413504
0.636800 3.426856
0.637000 3.440081
0.637200 3.453171
0.637400 3.466118
0.637600 3.478917
0.637800 3.491559
0.638000 3.504040
0.638200 3.516353
0.638400 3.528494
0.638600 3.540458
0.638800 3.552239
0.639000 3.563833
0.639200 3.575237
0.639400 3.586445
0.639600 3.597455
0.639800 3.608264
0.640000 3.618866
0.640200 3.629260
0.640400 3.639442
0.640600 3.649410
0.640800 3.659161
0.641000 3.668691
0.641200 3.677999
0.641400 3.687082
0.641600 3.695938
0.641800 3.704564
0.642000 3.712959
0.642200 3.721120
0.642400 3.729046
0.642600 3.736735
0.642800 3.744184
0.643000 3.751393
0.643200 3.758359
0.643400 3.765081
0.643600 3.771557
0.643800 3.777787
0.644000 3.783768
0.644200 3.789500
0.644400 3.794980
0.644600 3.800209
0.644800 3.805184
0.645000 3.809905
0.645200 3.814371
0.645400 3.818580
0.645600 3.822533
0.645800 3.826227
0.646000 3.829662
0.646200 3.832838
0.646400 3.835754
0.646600 3.838409
0.646800 3.840803
0.647000 3.842935
0.647200 3.844804
0.647400 3.846411
0.647600 3.847755
0.647800 3.848835
0.648000 3.849652
0.648200 3.850205
0.648400 3.850495
0.648600 3.850520
0.648800 3.850282
0.649000 3.849779
0.649200 3.849013
0.649400 3.847983
0.649600 3.846690
0.649800 3.845134
0.650000 3.843315
0.650200 3.841233
0.650400 3.838890
0.650600 3.836284
0.650800 3.833418
0.651000 3.830292
0.651200 3.826905
0.651400 3.823260
0.651600 3.819356
0.651800 3.815195
0.652000 3.810777
0.652200 3.806103
0.652400 3.801174
0.652600 3.795992
0.652800 3.790556
0.653000 3.784870
0.653200 3.778932
0.653400 3.772745
0.653600 3.766310
0.653800 3.759629
0.654000 3.752702
0.654200 3.745531
0.654400 3.738117
0.654600 3.730463
0.654800 3.722569
0.655000 3.714437
0.655200 3.706069
0.655400 3.697466
0.655600 3.688630
0.655800 3.679563
0.656000 3.670267
0.656200 3.660743
0.656400 3.650994
0.656600 3.641021
0.656800 3.630827
0.657000 3.620413
0.657200 3.609781
0.657400 3.598934
0.657600 3.587873
0.657800 3.576601
0.658000 3.565121
0.658200 3.553433
0.658400 3.541541
0.658600 3.529447
0.658800 3.517153
0.659000 3.504662
0.659200 3.491976
0.659400 3.479097
0.659600 3.466028
0.659800 3.452771
0.660000 3.439330
0.660200 3.425706
0.660400 3.411902
0.660600 3.397920
0.660800 3.383764
0.661000 3.369436
0.661200 3.354939
0.661400 3.340275
0.661600 3.325447
0.661800 3.310458
0.662000 3.295311
0.662200 3.280008
0.662400 3.264553
0.662600 3.248948
0.662800 3.233195
0.663000 3.217299
0.663200 3.201261
0.663400 3.185084
0.663600 3.168773
0.663800 3.152328
0.664000 3.135754
0.664200 3.119054
0.664400 3.102229
0.664600 3.085284
0.664800 3.068222
0.665000 3.051044
0.665200 3.033755
0.665400 3.016356
0.665600 2.998852
0.665800 2.981246
0.666000 2.963539
0.666200 2.945736
0.666400 2.927839
0.666600 2.909851
0.666800 2.891775
0.667000 2.873615
0.667200 2.855373
0.667400 2.837053
0.667600 2.818656
0.667800 2.800187
0.668000 2.781649
0.668200 2.763043
0.668400 2.744374
0.668600 2.725645
0.668800 2.706857
0.669000 2.688015
0.669200 2.669121
0.669400 2.650178
0.669600 2.631190
0.669800 2.612158
0.670000 2.593086
0.670200 2.573977
0.670400 2.554833
0.670600 2.535659
0.670800 2.516455
0.671000 2.497226
0.671200 2.477974
0.671400 2.458702
0.671600 2.439412
0.671800 2.420108
0.672000 2.400792
0.672200 2.381467
0.672400 2.362136
0.672600 2.342801
0.672800 2.323465
0.673000 2.304130
0.673200 2.284800
0.673400 2.265477
0.673600 2.246163
0.673800 2.226861
0.674000 2.207574
0.674200 2.188303
0.674400 2.169053
0.674600 2.149824
0.674800 2.130620
0.675000 2.111442
0.675200 2.092294
0.675400 2.073177
0.675600 2.054094
0.675800 2.035047
0.676000 2.016039
0.676200 1.997071
0.676400 1.978146
0.676600 1.959266
0.676800 1.940433
0.677000 1.921650
0.677200 1.902918
0.677400 1.884239
0.677600 1.865616
0.677800 1.847051
0.678000 1.828544
0.678200 1.810100
0.678400 1.791718
0.678600 1.773401
0.678800 1.755152
0.679000 1.736971
0.679200 1.718860
0.679400 1.700822
0.679600 1.682858
0.679800 1.664969
0.680000 1.647158
0.680200 1.629425
0.680400 1.611773
0.680600 1.594203
0.680800 1.576716
0.681000 1.559314
0.681200 1.541999
0.681400 1.524771
0.681600 1.507633
0.681800 1.490584
0.682000 1.473628
0.682200 1.456765
0.682400 1.439996
0.682600 1.423322
0.682800 1.406745
0.683000 1.390266
0.683200 1.373885
0.683400 1.357605
0.683600 1.341426
0.683800 1.325348
0.684000 1.309374
0.684200 1.293503
0.684400 1.277737
0.684600 1.262077
0.684800 1.246523
0.685000 1.231076
0.685200 1.215738
0.685400 1.200508
0.685600 1.185388
0.685800 1.170379
0.686000 1.155480
0.686200 1.140692
0.686400 1.126016
0.686600 1.111454
0.686800 1.097004
0.687000 1.082668
0.687200 1.068446
0.687400 1.054338
0.687600 1.040346
0.687800 1.026469
0.688000 1.012707
0.688200 0.999062
0.688400 0.985533
0.688600 0.972120
0.688800 0.958824
0.689000 0.945646
0.689200 0.932584
0.689400 0.919640
0.689600 0.906813
0.689800 0.894104
0.690000 0.881513
0.690200 0.869039
0.690400 0.856683
0.690600 0.844445
0.690800 0.832325
0.691000 0.820323
0.691200 0.808438
0.691400 0.796670
0.691600 0.785020
0.691800 0.773488
0.692000 0.762073
0.692200 0.750774
0.692400 0.739593
0.692600 0.728528
0.692800 0.717579
0.693000 0.706747
0.693200 0.696030
0.693400 0.685429
0.693600 0.674943
0.693800 0.664572
0.694000 0.654315
0.694200 0.644173
0.694400 0.634144
0.694600 0.624229
0.694800 0.614426
0.695000 0.604736
0.695200 0.595158
0.695400 0.585692
0.695600 0.576337
0.695800 0.567092
0.696000 0.557957
0.696200 0.548932
0.696400 0.540016
0.696600 0.531208
0.696800 0.522508
0.697000 0.513915
0.697200 0.505429
0.697400 0.497049
0.697600 0.488774
0.697800 0.480605
0.698000 0.472539
0.698200 0.464577
0.698400 0.456718
0.698600 0.448960
0.698800 0.441305
0.699000 0.433750
0.699200 0.426295
0.699400 0.418940
0.699600 0.411684
0.699800 0.404525
0.700000 0.397464
0.700200 0.390499
0.700400 0.383630
0.700600 0.376855
0.700800 0.370175
0.701000 0.363589
0.701200 0.357095
0.701400 0.350694
0.701600 0.344383
0.701800 0.338163
0.702000 0.332032
0.702200 0.325990
0.702400 0.320036
0.702600 0.314170
0.702800 0.308390
0.703000 0.302695
0.703200 0.297085
0.703400 0.291559
0.703600 0.286116
0.703800 0.280756
0.704000 0.275477
0.704200 0.270279
0.704400 0.265161
0.704600 0.260122
0.704800 0.255161
0.705000 0.250278
0.705200 0.245471
0.705400 0.240740
0.705600 0.236084
0.705800 0.231503
0.706000 0.226994
0.706200 0.222558
0.706400 0.218194
0.706600 0.213901
0.706800 0.209678
0.707000 0.205524
0.707200 0.201439
0.707400 0.197421
0.707600 0.193470
0.707800 0.189586
0.708000 0.185766
0.708200 0.182011
0.708400 0.178320
0.708600 0.174691
0.708800 0.171125
0.709000 0.167620
0.709200 0.164176
0.709400 0.160791
0.709600 0.157465
0.709800 0.154198
0.710000 0.150988
0.710200 0.147834
0.710400 0.144737
0.710600 0.141695
0.710800 0.138707
0.711000 0.135773
0.711200 0.132891
0.711400 0.130063
0.711600 0.127285
0.711800 0.124558
0.712000 0.121882
0.712200 0.119255
0.712400 0.116676
0.712600 0.114145
0.712800 0.111662
0.713000 0.109225
0.713200 0.106834
0.713400 0.104488
0.713600 0.102187
0.713800 0.099929
0.714000 0.097715
0.714200 0.095543
0.714400 0.093413
0.714600 0.091324
0.714800 0.089276
0.715000 0.087268
0.715200 0.085299
0.715400 0.083369
0.715600 0.081477
0.715800 0.079622
0.716000 0.077804
0.716200 0.076023
0.716400 0.074277
0.716600 0.072567
0.716800 0.070890
0.717000 0.069248
0.717200 0.067640
0.717400 0.066064
0.717600 0.064520
0.717800 0.063008
0.718000 0.061528
0.718200 0.060078
0.718400 0.058658
0.718600 0.057268
0.718800 0.055907
0.719000 0.054574
0.719200 0.053270
0.719400 0.051993
0.719600 0.050744
0.719800 0.049521
0.720000 0.048324
0.720200 0.047153
0.720400 0.046007
0.720600 0.044886
0.720800 0.043789
0.721000 0.042716
0.721200 0.041666
0.721400 0.040640
0.721600 0.039636
0.721800 0.038654
0.722000 0.037694
0.722200 0.036755
0.722400 0.035838
0.722600 0.034940
0.722800 0.034063
0.723000 0.033206
0.723200 0.032368
0.723400 0.031549
0.723600 0.030748
0.723800 0.029966
0.724000 0.029202
0.724200 0.028455
0.724400 0.027725
0.724600 0.027013
0.724800 0.026317
0.725000 0.025637
0.725200 0.024972
0.725400 0.024324
0.725600 0.023690
0.725800 0.023072
0.726000 0.022468
0.726200 0.021879
0.726400 0.021303
0.726600 0.020741
0.726800 0.020193
0.727000 0.019658
0.727200 0.019135
0.727400 0.018625
0.727600 0.018128
0.727800 0.017643
0.728000 0.017169
0.728200 0.016707
0.728400 0.016257
0.728600 0.015817
0.728800 0.015388
0.729000 0.014970
0.729200 0.014562
0.729400 0.014165
0.729600 0.013777
0.729800 0.013399
0.730000 0.013030
0.730200 0.012671
0.730400 0.012321
0.730600 0.011979
0.730800 0.011647
0.731000 0.011322
0.731200 0.011006
0.731400 0.010699
0.731600 0.010399
0.731800 0.010106
0.732000 0.009822
0.732200 0.009544
0.732400 0.009274
0.732600 0.009011
0.732800 0.008755
0.733000 0.008505
0.733200 0.008262
0.733400 0.008025
0.733600 0.007795
0.733800 0.007571
0.734000 0.007352
0.734200 0.007140
0.734400 0.006933
0.734600 0.006732
0.734800 0.006536
0.735000 0.006345
0.735200 0.006160
0.735400 0.005979
0.735600 0.005804
0.735800 0.005633
0.736000 0.005466
0.736200 0.005305
0.736400 0.005148
0.736600 0.004995
0.736800 0.004846
0.737000 0.004701
0.737200 0.004561
0.737400 0.004424
0.737600 0.004291
0.737800 0.004162
0.738000 0.004036
0.738200 0.003914
0.738400 0.003796
0.738600 0.003681
0.738800 0.003569
0.739000 0.003460
0.739200 0.003354
0.739400 0.003251
0.739600 0.003151
0.739800 0.003054
0.740000 0.002960
0.740200 0.002869
0.740400 0.002780
0.740600 0.002694
0.740800 0.002610
0.741000 0.002529
0.741200 0.002450
0.741400 0.002373
0.741600 0.002298
0.741800 0.002226
0.742000 0.002156
0.742200 0.002088
0.742400 0.002022
0.742600 0.001958
0.742800 0.001896
0.743000 0.001835
0.743200 0.001777
0.743400 0.001720
0.743600 0.001665
0.743800 0.001611
0.744000 0.001560
0.744200 0.001509
0.744400 0.001461
0.744600 0.001413
0.744800 0.001368
0.745000 0.001323
0.745200 0.001280
0.745400 0.001238
0.745600 0.001198
0.745800 0.001159
0.746000 0.001121
0.746200 0.001084
0.746400 0.001048
0.746600 0.001013
0.746800 0.000980
0.747000 0.000947
0.747200 0.000916
0.747400 0.000885
0.747600 0.000856
0.747800 0.000827
0.748000 0.000800
0.748200 0.000773
0.748400 0.000747
0.748600 0.000722
0.748800 0.000697
0.749000 0.000674
0.749200 0.000651
0.749400 0.000629
0.749600 0.000607
0.749800 0.000587
0.750000 0.000567
0.750200 0.000547
0.750400 0.000528
0.750600 0.000510
0.750800 0.000493
0.751000 0.000476
0.751200 0.000459
0.751400 0.000443
0.751600 0.000428
0.751800 0.000413
0.752000 0.000399
0.752200 0.000385
0.752400 0.000371
0.752600 0.000358
0.752800 0.000346
0.753000 0.000334
0.753200 0.000322
0.753400 0.000311
0.753600 0.000300
0.753800 0.000289
0.754000 0.000279
0.754200 0.000269
0.754400 0.000259
0.754600 0.000250
0.754800 0.000241
0.755000 0.000232
0.755200 0.000224
0.755400 0.000216
0.755600 0.000208
0.755800 0.000201
0.756000 0.000194
0.756200 0.000187
0.756400 0.000180
0.756600 0.000173
0.756800 0.000167
0.757000 0.000161
0.757200 0.000155
0.757400 0.000149
0.757600 0.000144
0.757800 0.000139
0.758000 0.000133
0.758200 0.000129
0.758400 0.000124
0.758600 0.000119
0.758800 0.000115
0.759000 0.000111
0.759200 0.000106
0.759400 0.000102
0.759600 0.000099
0.759800 0.000095
0.760000 0.000091
0.760200 0.000088
0.760400 0.000085
0.760600 0.000081
0.760800 0.000078
0.761000 0.000075
0.761200 0.000073
0.761400 0.000070
0.761600 0.000067
0.761800 0.000065
0.762000 0.000062
0.762200 0.000060
0.762400 0.000057
0.762600 0.000055
0.762800 0.000053
0.763000 0.000051
0.763200 0.000049
0.763400 0.000047
0.763600 0.000045
0.763800 0.000044
0.764000 0.000042
0.764200 0.000040
0.764400 0.000039
0.764600 0.000037
0.764800 0.000036
0.765000 0.000034
0.765200 0.000033
0.765400 0.000032
0.765600 0.000031
0.765800 0.000029
0.766000 0.000028
0.766200 0.000027
0.766400 0.000026
0.766600 0.000025
0.766800 0.000024
0.767000 0.000023
0.767200 0.000022
0.767400 0.000021
0.767600 0.000020
0.767800 0.000020
0.768000 0.000019
0.768200 0.000018
0.768400 0.000017
0.768600 0.000017
0.768800 0.000016
0.769000 0.000015
0.769200 0.000015
0.769400 0.000014
0.769600 0.000013
0.769800 0.000013
0.770000 0.000012
0.770200 0.000012
0.770400 0.000011
0.770600 0.000011
0.770800 0.000011
0.771000 0.000010
0.771200 0.000010
0.771400 0.000009
0.771600 0.000009
0.771800 0.000009
0.772000 0.000008
0.772200 0.000008
0.772400 0.000007
0.772600 0.000007
0.772800 0.000007
0.773000 0.000007
0.773200 0.000006
0.773400 0.000006
0.773600 0.000006
0.773800 0.000006
0.774000 0.000005
0.774200 0.000005
0.774400 0.000005
0.774600 0.000005
0.774800 0.000004
0.775000 0.000004
0.775200 0.000004
0.775400 0.000004
0.775600 0.000004
0.775800 0.000004
0.776000 0.000003
0.776200 0.000003
0.776400 0.000003
0.776600 0.000003
0.776800 0.000003
0.777000 0.000003
0.777200 0.000003
0.777400 0.000003
0.777600 0.000002
0.777800 0.000002
0.778000 0.000002
0.778200 0.000002
0.778400 0.000002
0.778600 0.000002
0.778800 0.000002
0.779000 0.000002
0.779200 0.000002
0.779400 0.000002
0.779600 0.000002
0.779800 0.000001
0.780000 0.000001
0.780200 0.000001
0.780400 0.000001
0.780600 0.000001
0.780800 0.000001
0.781000 0.000001
0.781200 0.000001
0.781400 0.000001
0.781600 0.000001
0.781800 0.000001
0.782000 0.000001
0.782200 0.000001
0.782400 0.000001
0.782600 0.000001
0.782800 0.000001
0.783000 0.000001
0.783200 0.000001
0.783400 0.000001
0.783600 0.000001
0.783800 0.000001
0.784000 0.000001
0.784200 0.000001
0.784400 0.000001
0.784600 0.000000
0.784800 0.000000
0.785000 0.000000
0.785200 0.000000
0.785400 0.000000
0.785600 0.000000
0.785800 0.000000
0.786000 0.000000
0.786200 0.000000
0.786400 0.000000
0.786600 0.000000
0.786800 0.000000
0.787000 0.000000
0.787200 0.000000
0.787400 0.000000
0.787600 0.000000
0.787800 0.000000
0.788000 0.000000
0.788200 0.000000
0.788400 0.000000
0.788600 0.000000
0.788800 0.000000
0.789000 0.000000
0.789200 0.000000
0.789400 0.000000
0.789600 0.000000
0.789800 0.000000
0.790000 0.000000
0.790200 0.000000
0.790400 0.000000
0.790600 0.000000
0.790800 0.000000
0.791000 0.000000
0.791200 0.000000
0.791400 0.000000
0.791600 0.000000
0.791800 0.000000
0.792000 0.000000
0.792200 0.000000
0.792400 0.000000
0.792600 0.000000
0.792800 0.000000
0.793000 0.000000
0.793200 0.000000
0.793400 0.000000
0.793600 0.000000
0.793800 0.000000
0.794000 0.000000
0.794200 0.000000
0.794400 0.000000
0.794600 0.000000
0.794800 0.000000
0.795000 0.000000
0.795200 0.000000
0.795400 0.000000
0.795600 0.000000
0.795800 0.000000
0.796000 0.000000
0.796200 0.000000
0.796400 0.000000
0.796600 0.000000
0.796800 0.000000
0.797000 0.000000
0.797200 0.000000
0.797400 0.000000
0.797600 0.000000
0.797800 0.000000
0.798000 0.000000
0.798200 0.000000
0.798400 0.000000
0.798600 0.000000
0.798800 0.000000
0.799000 0.000000
0.799200 0.000000
0.799400 0.000000
0.799600 0.000000
0.799800 0.000000
0.800000 0.000000
0.800200 0.000000
0.800400 0.000000
0.800600 0.000000
0.800800 0.000000
0.801000 0.000000
0.801200 0.000000
0.801400 0.000000
0.801600 0.000000
0.801800 0.000000
0.802000 0.000000
0.802200 0.000000
0.802400 0.000000
0.802600 0.000000
0.802800 0.000000
0.803000 0.000000
0.803200 0.000000
0.803400 0.000000
0.803600 0.000000
0.803800 0.000000
0.804000 0.000000
0.804200 0.000000
0.804400 0.000000
0.804600 0.000000
0.804800 0.000000
0.805000 0.000000
0.805200 0.000000
0.805400 0.000000
0.805600 0.000000
0.805800 0.000000
0.806000 0.000000
0.806200 0.000000
0.806400 0.000000
0.806600 0.000000
0.806800 0.000000
0.807000 0.000000
0.807200 0.000000
0.807400 0.000000
0.807600 0.000000
0.807800 0.000000
0.808000 0.000000
0.808200 0.000000
0.808400 0.000000
0.808600 0.000000
0.808800 0.000000
0.809000 0.000000
0.809200 0.000000
0.809400 0.000000
0.809600 0.000000
0.809800 0.000000
0.810000 0.000000
0.810200 0.000000
0.810400 0.000000
0.810600 0.000000
0.810800 0.000000
0.811000 0.000000
0.811200 0.000000
0.811400 0.000000
0.811600 0.000000
0.811800 0.000000
0.812000 0.000000
0.812200 0.000000
0.812400 0.000000
0.812600 0.000000
0.812800 0.000000
0.813000 0.000000
0.813200 0.000000
0.813400 0.000000
0.813600 0.000000
0.813800 0.000000
0.814000 0.000000
0.814200 0.000000
0.814400 0.000000
0.814600 0.000000
0.814800 0.000000
0.815000 0.000000
0.815200 0.000000
0.815400 0.000000
0.815600 0.000000
0.815800 0.000000
0.816000 0.000000
0.816200 0.000000
0.816400 0.000000
0.816600 0.000000
0.816800 0.000000
0.817000 0.000000
0.817200 0.000000
0.817400 0.000000
0.817600 0.000000
0.817800 0.000000
0.818000 0.000000
0.818200 0.000000
0.818400 0.000000
0.818600 0.000000
0.818800 0.000000
0.819000 0.000000
0.819200 0.000000
0.819400 0.000000
0.819600 0.000000
0.819800 0.000000
0.820000 0.000000
0.820200 0.000000
0.820400 0.000000
0.820600 0.000000
0.820800 0.000000
0.821000 0.000000
0.821200 0.000000
0.821400 0.000000
0.821600 0.000000
0.821800 0.000000
0.822000 0.000000
0.822200 0.000000
0.822400 0.000000
0.822600 0.000000
0.822800 0.000000
0.823000 0.000000
0.823200 0.000000
0.823400 0.000000
0.823600 0.000000
0.823800 0.000000
0.824000 0.000000
0.824200 0.000000
0.824400 0.000000
0.824600 0.000000
0.824800 0.000000
0.825000 0.000000
0.825200 0.000000
0.825400 0.000000
0.825600 0.000000
0.825800 0.000000
0.826000 0.000000
0.826200 0.000000
0.826400 0.000000
0.826600 0.000000
0.826800 0.000000
0.827000 0.000000
0.827200 0.000000
0.827400 0.000000
0.827600 0.000000
0.827800 0.000000
0.828000 0.000000
0.828200 0.000000
0.828400 0.000000
0.828600 0.000000
0.828800 0.000000
0.829000 0.000000
0.829200 0.000000
0.829400 0.000000
0.829600 0.000000
0.829800 0.000000
0.830000 0.000000
0.830200 0.000000
0.830400 0.000000
0.830600 0.000000
0.830800 0.000000
0.831000 0.000000
0.831200 0.000000
0.831400 0.000000
0.831600 0.000000
0.831800 0.000000
0.832000 0.000000
0.832200 0.000000
0.832400 0.000000
0.832600 0.000000
0.832800 0.000000
0.833000 0.000000
0.833200 0.000000
0.833400 0.000000
0.833600 0.000000
0.833800 0.000000
0.834000 0.000000
0.834200 0.000000
0.834400 0.000000
0.834600 0.000000
0.834800 0.000000
0.835000 0.000000
0.835200 0.000000
0.835400 0.000000
0.835600 0.000000
0.835800 0.000000
0.836000 0.000000
0.836200 0.000000
0.836400 0.000000
0.836600 0.000000
0.836800 0.000000
0.837000 0.000000
0.837200 0.000000
0.837400 0.000000
0.837600 0.000000
0.837800 0.000000
0.838000 0.000000
0.838200 0.000000
0.838400 0.000000
0.838600 0.000000
0.838800 0.000000
0.839000 0.000000
0.839200 0.000000
0.839400 0.000000
0.839600 0.000000
0.839800 0.000000
0.840000 0.000000
0.840200 0.000000
0.840400 0.000000
0.840600 0.000000
0.840800 0.000000
0.841000 0.000000
0.841200 0.000000
0.841400 0.000000
0.841600 0.000000
0.841800 0.000000
0.842000 0.000000
0.842200 0.000000
0.842400 0.000000
0.842600 0.000000
0.842800 0.000000
0.843000 0.000000
0.843200 0.000000
0.843400 0.000000
0.843600 0.000000
0.843800 0.000000
0.844000 0.000000
0.844200 0.000000
0.844400 0.000000
0.844600 0.000000
0.844800 0.000000
0.845000 0.000000
0.845200 0.000000
0.845400 0.000000
0.845600 0.000000
0.845800 0.000000
0.846000 0.000000
0.846200 0.000000
0.846400 0.000000
0.846600 0.000000
0.846800 0.000000
0.847000 0.000000
0.847200 0.000000
0.847400 0.000000
0.847600 0.000000
0.847800 0.000000
0.848000 0.000000
0.848200 0.000000
0.848400 0.000000
0.848600 0.000000
0.848800 0.000000
0.849000 0.000000
0.849200 0.000000
0.849400 0.000000
0.849600 0.000000
0.849800 0.000000
0.850000 0.000000
0.850200 0.000000
0.850400 0.000000
0.850600 0.000000
0.850800 0.000000
0.851000 0.000000
0.851200 0.000000
0.851400 0.000000
0.851600 0.000000
0.851800 0.000000
0.852000 0.000000
0.852200 0.000000
0.852400 0.000000
0.852600 0.000000
0.852800 0.000000
0.853000 0.000000
0.853200 0.000000
0.853400 0.000000
0.853600 0.000000
0.853800 0.000000
0.854000 0.000000
0.854200 0.000000
0.854400 0.000000
0.854600 0.000000
0.854800 0.000000
0.855000 0.000000
0.855200 0.000000
0.855400 0.000000
0.855600 0.000000
0.855800 0.000000
0.856000 0.000000
0.856200 0.000000
0.856400 0.000000
0.856600 0.000000
0.856800 0.000000
0.857000 0.000000
0.857200 0.000000
0.857400 0.000000
0.857600 0.000000
0.857800 0.000000
0.858000 0.000000
0.858200 0.000000
0.858400 0.000000
0.858600 0.000000
0.858800 0.000000
0.859000 0.000000
0.859200 0.000000
0.859400 0.000000
0.859600 0.000000
0.859800 0.000000
0.860000 0.000000
0.860200 0.000000
0.860400 0.000000
0.860600 0.000000
0.860800 0.000000
0.861000 0.000000
0.861200 0.000000
0.861400 0.000000
0.861600 0.000000
0.861800 0.000000
0.862000 0.000000
0.862200 0.000000
0.862400 0.000000
0.862600 0.000000
0.862800 0.000000
0.863000 0.000000
0.863200 0.000000
0.863400 0.000000
0.863600 0.000000
0.863800 0.000000
0.864000 0.000000
0.864200 0.000000
0.864400 0.000000
0.864600 0.000000
0.864800 0.000000
0.865000 0.000000
0.865200 0.000000
0.865400 0.000000
0.865600 0.000000
0.865800 0.000000
0.866000 0.000000
0.866200 0.000000
0.866400 0.000000
0.866600 0.000000
0.866800 0.000000
0.867000 0.000000
0.867200 0.000000
0.867400 0.000000
0.867600 0.000000
0.867800 0.000000
0.868000 0.000000
0.868200 0.000000
0.868400 0.000000
0.868600 0.000000
0.868800 0.000000
0.869000 0.000000
0.869200 0.000000
0.869400 0.000000
0.869600 0.000000
0.869800 0.000000
0.870000 0.000000
0.870200 0.000000
0.870400 0.000000
0.870600 0.000000
0.870800 0.000000
0.871000 0.000000
0.871200 0.000000
0.871400 0.000000
0.871600 0.000000
0.871800 0.000000
0.872000 0.000000
0.872200 0.000000
0.872400 0.000000
0.872600 0.000000
0.872800 0.000000
0.873000 0.000000
0.873200 0.000000
0.873400 0.000000
0.873600 0.000000
0.873800 0.000000
0.874000 0.000000
0.874200 0.000000
0.874400 0.000000
0.874600 0.000000
0.874800 0.000000
0.875000 0.000000
0.875200 0.000000
0.875400 0.000000
0.875600 0.000000
0.875800 0.000000
0.876000 0.000000
0.876200 0.000000
0.876400 0.000000
0.876600 0.000000
0.876800 0.000000
0.877000 0.000000
0.877200 0.000000
0.877400 0.000000
0.877600 0.000000
0.877800 0.000000
0.878000 0.000000
0.878200 0.000000
0.878400 0.000000
0.878600 0.000000
0.878800 0.000000
0.879000 0.000000
0.879200 0.000000
0.879400 0.000000
0.879600 0.000000
0.879800 0.000000
0.880000 0.000000
0.880200 0.000000
0.880400 0.000000
0.880600 0.000000
0.880800 0.000000
0.881000 0.000000
0.881200 0.000000
0.881400 0.000000
0.881600 0.000000
0.881800 0.000000
0.882000 0.000000
0.882200 0.000000
0.882400 0.000000
0.882600 0.000000
0.882800 0.000000
0.883000 0.000000
0.883200 0.000000
0.883400 0.000000
0.883600 0.000000
0.883800 0.000000
0.884000 0.000000
0.884200 0.000000
0.884400 0.000000
0.884600 0.000000
0.884800 0.000000
0.885000 0.000000
0.885200 0.000000
0.885400 0.000000
0.885600 0.000000
0.885800 0.000000
0.886000 0.000000
0.886200 0.000000
0.886400 0.000000
0.886600 0.000000
0.886800 0.000000
0.887000 0.000000
0.887200 0.000000
0.887400 0.000000
0.887600 0.000000
0.887800 0.000000
0.888000 0.000000
0.888200 0.000000
0.888400 0.000000
0.888600 0.000000
0.888800 0.000000
0.889000 0.000000
0.889200 0.000000
0.889400 0.000000
0.889600 0.000000
0.889800 0.000000
0.890000 0.000000
0.890200 0.000000
0.890400 0.000000
0.890600 0.000000
0.890800 0.000000
0.891000 0.000000
0.891200 0.000000
0.891400 0.000000
0.891600 0.000000
0.891800 0.000000
0.892000 0.000000
0.892200 0.000000
0.892400 0.000000
0.892600 0.000000
0.892800 0.000000
0.893000 0.000000
0.893200 0.000000
0.893400 0.000000
0.893600 0.000000
0.893800 0.000000
0.894000 0.000000
0.894200 0.000000
0.894400 0.000000
0.894600 0.000000
0.894800 0.000000
0.895000 0.000000
0.895200 0.000000
0.895400 0.000000
0.895600 0.000000
0.895800 0.000000
0.896000 0.000000
0.896200 0.000000
0.896400 0.000000
0.896600 0.000000
0.896800 0.000000
0.897000 0.000000
0.897200 0.000000
0.897400 0.000000
0.897600 0.000000
0.897800 0.000000
0.898000 0.000000
0.898200 0.000000
0.898400 0.000000
0.898600 0.000000
0.898800 0.000000
0.899000 0.000000
0.899200 0.000000
0.899400 0.000000
0.899600 0.000000
0.899800 0.000000
0.900000 0.000000
0.900200 0.000000
0.900400 0.000000
0.900600 0.000000
0.900800 0.000000
0.901000 0.000000
0.901200 0.000000
0.901400 0.000000
0.901600 0.000000
0.901800 0.000000
0.902000 0.000000
0.902200 0.000000
0.902400 0.000000
0.902600 0.000000
0.902800 0.000000
0.903000 0.000000
0.903200 0.000000
0.903400 0.000000
0.903600 0.000000
0.903800 0.000000
0.904000 0.000000
0.904200 0.000000
0.904400 0.000000
0.904600 0.000000
0.904800 0.000000
0.905000 0.000000
0.905200 0.000000
0.905400 0.000000
0.905600 0.000000
0.905800 0.000000
0.906000 0.000000
0.906200 0.000000
0.906400 0.000000
0.906600 0.000000
0.906800 0.000000
0.907000 0.000000
0.907200 0.000000
0.907400 0.000000
0.907600 0.000000
0.907800 0.000000
0.908000 0.000000
0.908200 0.000000
0.908400 0.000000
0.908600 0.000000
0.908800 0.000000
0.909000 0.000000
0.909200 0.000000
0.909400 0.000000
0.909600 0.000000
0.909800 0.000000
0.910000 0.000000
0.910200 0.000000
0.910400 0.000000
0.910600 0.000000
0.910800 0.000000
0.911000 0.000000
0.911200 0.000000
0.911400 0.000000
0.911600 0.000000
0.911800 0.000000
0.912000 0.000000
0.912200 0.000000
0.912400 0.000000
0.912600 0.000000
0.912800 0.000000
0.913000 0.000000
0.913200 0.000000
0.913400 0.000000
0.913600 0.000000
0.913800 0.000000
0.914000 0.000000
0.914200 0.000000
0.914400 0.000000
0.914600 0.000000
0.914800 0.000000
0.915000 0.000000
0.915200 0.000000
0.915400 0.000000
0.915600 0.000000
0.915800 0.000000
0.916000 0.000000
0.916200 0.000000
0.916400 0.000000
0.916600 0.000000
0.916800 0.000000
0.917000 0.000000
0.917200 0.000000
0.917400 0.000000
0.917600 0.000000
0.917800 0.000000
0.918000 0.000000
0.918200 0.000000
0.918400 0.000000
0.918600 0.000000
0.918800 0.000000
0.919000 0.000000
0.919200 0.000000
0.919400 0.000000
0.919600 0.000000
0.919800 0.000000
0.920000 0.000000
0.920200 0.000000
0.920400 0.000000
0.920600 0.000000
0.920800 0.000000
0.921000 0.000000
0.921200 0.000000
0.921400 0.000000
0.921600 0.000000
0.921800 0.000000
0.922000 0.000000
0.922200 0.000000
0.922400 0.000000
0.922600 0.000000
0.922800 0.000000
0.923000 0.000000
0.923200 0.000000
0.923400 0.000000
0.923600 0.000000
0.923800 0.000000
0.924000 0.000000
0.924200 0.000000
0.924400 0.000000
0.924600 0.000000
0.924800 0.000000
0.925000 0.000000
0.925200 0.000000
0.925400 0.000000
0.925600 0.000000
0.925800 0.000000
0.926000 0.000000
0.926200 0.000000
0.926400 0.000000
0.926600 0.000000
0.926800 0.000000
0.927000 0.000000
0.927200 0.000000
0.927400 0.000000
0.927600 0.000000
0.927800 0.000000
0.928000 0.000000
0.928200 0.000000
0.928400 0.000000
0.928600 0.000000
0.928800 0.000000
0.929000 0.000000
0.929200 0.000000
0.929400 0.000000
0.929600 0.000000
0.929800 0.000000
0.930000 0.000000
0.930200 0.000000
0.930400 0.000000
0.930600 0.000000
0.930800 0.000000
0.931000 0.000000
0.931200 0.000000
0.931400 0.000000
0.931600 0.000000
0.931800 0.000000
0.932000 0.000000
0.932200 0.000000
0.932400 0.000000
0.932600 0.000000
0.932800 0.000000
0.933000 0.000000
0.933200 0.000000
0.933400 0.000000
0.933600 0.000000
0.933800 0.000000
0.934000 0.000000
0.934200 0.000000
0.934400 0.000000
0.934600 0.000000
0.934800 0.000000
0.935000 0.000000
0.935200 0.000000
0.935400 0.000000
0.935600 0.000000
0.935800 0.000000
0.936000 0.000000
0.936200 0.000000
0.936400 0.000000
0.936600 0.000000
0.936800 0.000000
0.937000 0.000000
0.937200 0.000000
0.937400 0.000000
0.937600 0.000000
0.937800 0.000000
0.938000 0.000000
0.938200 0.000000
0.938400 0.000000
0.938600 0.000000
0.938800 0.000000
0.939000 0.000000
0.939200 0.000000
0.939400 0.000000
0.939600 0.000000
0.939800 0.000000
0.940000 0.000000
0.940200 0.000000
0.940400 0.000000
0.940600 0.000000
0.940800 0.000000
0.941000 0.000000
0.941200 0.000000
0.941400 0.000000
0.941600 0.000000
0.941800 0.000000
0.942000 0.000000
0.942200 0.000000
0.942400 0.000000
0.942600 0.000000
0.942800 0.000000
0.943000 0.000000
0.943200 0.000000
0.943400 0.000000
0.943600 0.000000
0.943800 0.000000
0.944000 0.000000
0.944200 0.000000
0.944400 0.000000
0.944600 0.000000
0.944800 0.000000
0.945000 0.000000
0.945200 0.000000
0.945400 0.000000
0.945600 0.000000
0.945800 0.000000
0.946000 0.000000
0.946200 0.000000
0.946400 0.000000
0.946600 0.000000
0.946800 0.000000
0.947000 0.000000
0.947200 0.000000
0.947400 0.000000
0.947600 0.000000
0.947800 0.000000
0.948000 0.000000
0.948200 0.000000
0.948400 0.000000
0.948600 0.000000
0.948800 0.000000
0.949000 0.000000
0.949200 0.000000
0.949400 0.000000
0.949600 0.000000
0.949800 0.000000
0.950000 0.000000
0.950200 0.000000
0.950400 0.000000
0.950600 0.000000
0.950800 0.000000
0.951000 0.000000
0.951200 0.000000
0.951400 0.000000
0.951600 0.000000
0.951800 0.000000
0.952000 0.000000
0.952200 0.000000
0.952400 0.000000
0.952600 0.000000
0.952800 0.000000
0.953000 0.000000
0.953200 0.000000
0.953400 0.000000
0.953600 0.000000
0.953800 0.000000
0.954000 0.000000
0.954200 0.000000
0.954400 0.000000
0.954600 0.000000
0.954800 0.000000
0.955000 0.000000
0.955200 0.000000
0.955400 0.000000
0.955600 0.000000
0.955800 0.000000
0.956000 0.000000
0.956200 0.000000
0.956400 0.000000
0.956600 0.000000
0.956800 0.000000
0.957000 0.000000
0.957200 0.000000
0.957400 0.000000
0.957600 0.000000
0.957800 0.000000
0.958000 0.000000
0.958200 0.000000
0.958400 0.000000
0.958600 0.000000
0.958800 0.000000
0.959000 0.000000
0.959200 0.000000
0.959400 0.000000
0.959600 0.000000
0.959800 0.000000
0.960000 0.000000
0.960200 0.000000
0.960400 0.000000
0.960600 0.000000
0.960800 0.000000
0.961000 0.000000
0.961200 0.000000
0.961400 0.000000
0.961600 0.000000
0.961800 0.000000
0.962000 0.000000
0.962200 0.000000
0.962400 0.000000
0.962600 0.000000
0.962800 0.000000
0.963000 0.000000
0.963200 0.000000
0.963400 0.000000
0.963600 0.000000
0.963800 0.000000
0.964000 0.000000
0.964200 0.000000
0.964400 0.000000
0.964600 0.000000
0.964800 0.000000
0.965000 0.000000
0.965200 0.000000
0.965400 0.000000
0.965600 0.000000
0.965800 0.000000
0.966000 0.000000
0.966200 0.000000
0.966400 0.000000
0.966600 0.000000
0.966800 0.000000
0.967000 0.000000
0.967200 0.000000
0.967400 0.000000
0.967600 0.000000
0.967800 0.000000
0.968000 0.000000
0.968200 0.000000
0.968400 0.000000
0.968600 0.000000
0.968800 0.000000
0.969000 0.000000
0.969200 0.000000
0.969400 0.000000
0.969600 0.000000
0.969800 0.000000
0.970000 0.000000
0.970200 0.000000
0.970400 0.000000
0.970600 0.000000
0.970800 0.000000
0.971000 0.000000
0.971200 0.000000
0.971400 0.000000
0.971600 0.000000
0.971800 0.000000
0.972000 0.000000
0.972200 0.000000
0.972400 0.000000
0.972600 0.000000
0.972800 0.000000
0.973000 0.000000
0.973200 0.000000
0.973400 0.000000
0.973600 0.000000
0.973800 0.000000
0.974000 0.000000
0.974200 0.000000
0.974400 0.000000
0.974600 0.000000
0.974800 0.000000
0.975000 0.000000
0.975200 0.000000
0.975400 0.000000
0.975600 0.000000
0.975800 0.000000
0.976000 0.000000
0.976200 0.000000
0.976400 0.000000
0.976600 0.000000
0.976800 0.000000
0.977000 0.000000
0.977200 0.000000
0.977400 0.000000
0.977600 0.000000
0.977800 0.000000
0.978000 0.000000
0.978200 0.000000
0.978400 0.000000
0.978600 0.000000
0.978800 0.000000
0.979000 0.000000
0.979200 0.000000
0.979400 0.000000
0.979600 0.000000
0.979800 0.000000
0.980000 0.000000
0.980200 0.000000
0.980400 0.000000
0.980600 0.000000
0.980800 0.000000
0.981000 0.000000
0.981200 0.000000
0.981400 0.000000
0.981600 0.000000
0.981800 0.000000
0.982000 0.000000
0.982200 0.000000
0.982400 0.000000
0.982600 0.000000
0.982800 0.000000
0.983000 0.000000
0.983200 0.000000
0.983400 0.000000
0.983600 0.000000
0.983800 0.000000
0.984000 0.000000
0.984200 0.000000
0.984400 0.000000
0.984600 0.000000
0.984800 0.000000
0.985000 0.000000
0.985200 0.000000
0.985400 0.000000
0.985600 0.000000
0.985800 0.000000
0.986000 0.000000
0.986200 0.000000
0.986400 0.000000
0.986600 0.000000
0.986800 0.000000
0.987000 0.000000
0.987200 0.000000
0.987400 0.000000
0.987600 0.000000
0.987800 0.000000
0.988000 0.000000
0.988200 0.000000
0.988400 0.000000
0.988600 0.000000
0.988800 0.000000
0.989000 0.000000
0.989200 0.000000
0.989400 0.000000
0.989600 0.000000
0.989800 0.000000
0.990000 0.000000
0.990200 0.000000
0.990400 0.000000
0.990600 0.000000
0.990800 0.000000
0.991000 0.000000
0.991200 0.000000
0.991400 0.000000
0.991600 0.000000
0.991800 0.000000
0.992000 0.000000
0.992200 0.000000
0.992400 0.000000
0.992600 0.000000
0.992800 0.000000
0.993000 0.000000
0.993200 0.000000
0.993400 0.000000
0.993600 0.000000
0.993800 0.000000
0.994000 0.000000
0.994200 0.000000
0.994400 0.000000
0.994600 0.000000
0.994800 0.000000
0.995000 0.000000
0.995200 0.000000
0.995400 0.000000
0.995600 0.000000
0.995800 0.000000
0.996000 0.000000
0.996200 0.000000
0.996400 0.000000
0.996600 0.000000
0.996800 0.000000
0.997000 0.000000
0.997200 0.000000
0.997400 0.000000
0.997600 0.000000
0.997800 0.000000
0.998000 0.000000
0.998200 0.000000
0.998400 0.000000
0.998600 0.000000
0.998800 0.000000
0.999000 0.000000
0.999200 0.000000
0.999400 0.000000
0.999600 0.000000
0.999800 0.000000
