0.000000 0.000056
0.000200 0.000057
0.000400 0.000058
0.000600 0.000059
0.000800 0.000060
0.001000 0.000061
0.001200 0.000062
0.001400 0.000063
0.001600 0.000064
0.001800 0.000065
0.002000 0.000066
0.002200 0.000067
0.002400 0.000068
0.002600 0.000069
0.002800 0.000070
0.003000 0.000071
0.003200 0.000072
0.003400 0.000073
0.003600 0.000074
0.003800 0.000076
0.004000 0.000077
0.004200 0.000078
0.004400 0.000079
0.004600 0.000080
0.004800 0.000082
0.005000 0.000083
0.005200 0.000084
0.005400 0.000085
0.005600 0.000087
0.005800 0.000088
0.006000 0.000089
0.006200 0.000091
0.006400 0.000092
0.006600 0.000094
0.006800 0.000095
0.007000 0.000097
0.007200 0.000098
0.007400 0.000100
0.007600 0.000101
0.007800 0.000103
0.008000 0.000104
0.008200 0.000106
0.008400 0.000107
0.008600 0.000109
0.008800 0.000111
0.009000 0.000112
0.009200 0.000114
0.009400 0.000116
0.009600 0.000117
0.009800 0.000119
0.010000 0.000121
0.010200 0.000123
0.010400 0.000125
0.010600 0.000127
0.010800 0.000128
0.011000 0.000130
0.011200 0.000132
0.011400 0.000134
0.011600 0.000136
0.011800 0.000138
0.012000 0.000141
0.012200 0.000143
0.012400 0.000145
0.012600 0.000147
0.012800 0.000149
0.013000 0.000151
0.013200 0.000154
0.013400 0.000156
0.013600 0.000158
0.013800 0.000161
0.014000 0.000163
0.014200 0.000165
0.014400 0.000168
0.014600 0.000170
0.014800 0.000173
0.015000 0.000175
0.015200 0.000178
0.015400 0.000181
0.015600 0.000183
0.015800 0.000186
0.016000 0.000189
0.016200 0.000191
0.016400 0.000194
0.016600 0.000197
0.016800 0.000200
0.017000 0.000203
0.017200 0.000206
0.017400 0.000209
0.017600 0.000212
0.017800 0.000215
0.018000 0.000218
0.018200 0.000221
0.018400 0.000225
0.018600 0.000228
0.018800 0.000231
0.019000 0.000234
0.019200 0.000238
0.019400 0.000241
0.019600 0.000245
0.019800 0.000248
0.020000 0.000252
0.020200 0.000256
0.020400 0.000259
0.020600 0.000263
0.020800 0.000267
0.021000 0.000271
0.021200 0.000275
0.021400 0.000279
0.021600 0.000283
0.021800 0.000287
0.022000 0.000291
0.022200 0.000295
0.022400 0.000299
0.022600 0.000303
0.022800 0.000308
0.023000 0.000312
0.023200 0.000317
0.023400 0.000321
0.023600 0.000326
0.023800 0.000330
0.024000 0.000335
0.024200 0.000340
0.024400 0.000345
0.024600 0.000349
0.024800 0.000354
0.025000 0.000359
0.025200 0.000365
0.025400 0.000370
0.025600 0.000375
0.025800 0.000380
0.026000 0.000386
0.026200 0.000391
0.026400 0.000396
0.026600 0.000402
0.026800 0.000408
0.027000 0.000413
0.027200 0.000419
0.027400 0.000425
0.027600 0.000431
0.027800 0.000437
0.028000 0.000443
0.028200 0.000449
0.028400 0.000456
0.028600 0.000462
0.028800 0.000468
0.029000 0.000475
0.029200 0.000481
0.029400 0.000488
0.029600 0.000495
0.029800 0.000502
0.030000 0.000509
0.030200 0.000516
0.030400 0.000523
0.030600 0.000530
0.030800 0.000537
0.031000 0.000545
0.031200 0.000552
0.031400 0.000560
0.031600 0.000568
0.031800 0.000575
0.032000 0.000583
0.032200 0.000591
0.032400 0.000599
0.032600 0.000608
0.032800 0.000616
0.033000 0.000624
0.033200 0.000633
0.033400 0.000642
0.033600 0.000650
0.033800 0.000659
0.034000 0.000668
0.034200 0.000677
0.034400 0.000686
0.034600 0.000696
0.034800 0.000705
0.035000 0.000715
0.035200 0.000724
0.035400 0.000734
0.035600 0.000744
0.035800 0.000754
0.036000 0.000764
0.036200 0.000774
0.036400 0.000785
0.036600 0.000795
0.036800 0.000806
0.037000 0.000817
0.037200 0.000828
0.037400 0.000839
0.037600 0.000850
0.037800 0.000862
0.038000 0.000873
0.038200 0.000885
0.038400 0.000896
0.038600 0.000908
0.038800 0.000920
0.039000 0.000933
0.039200 0.000945
0.039400 0.000958
0.039600 0.000970
0.039800 0.000983
0.040000 0.000996
0.040200 0.001009
0.040400 0.001023
0.040600 0.001036
0.040800 0.001050
0.041000 0.001064
0.041200 0.001078
0.041400 0.001092
0.041600 0.001106
0.041800 0.001121
0.042000 0.001135
0.042200 0.001150
0.042400 0.001165
0.042600 0.001180
0.042800 0.001196
0.043000 0.001211
0.043200 0.001227
0.043400 0.001243
0.043600 0.001259
0.043800 0.001276
0.044000 0.001292
0.044200 0.001309
0.044400 0.001326
0.044600 0.001343
0.044800 0.001360
0.045000 0.001378
0.045200 0.001396
0.045400 0.001414
0.045600 0.001432
0.045800 0.001450
0.046000 0.001469
0.046200 0.001488
0.046400 0.001507
0.046600 0.001526
0.046800 0.001546
0.047000 0.001565
0.047200 0.001585
0.047400 0.001606
0.047600 0.001626
0.047800 0.001647
0.048000 0.001668
0.048200 0.001689
0.048400 0.001710
0.048600 0.001732
0.048800 0.001754
0.049000 0.001776
0.049200 0.001799
0.049400 0.001822
0.049600 0.001845
0.049800 0.001868
0.050000 0.001891
0.050200 0.001915
0.050400 0.001939
0.050600 0.001964
0.050800 0.001988
0.051000 0.002013
0.051200 0.002038
0.051400 0.002064
0.051600 0.002090
0.051800 0.002116
0.052000 0.002142
0.052200 0.002169
0.052400 0.002196
0.052600 0.002223
0.052800 0.002251
0.053000 0.002279
0.053200 0.002307
0.053400 0.002336
0.053600 0.002365
0.053800 0.002394
0.054000 0.002423
0.054200 0.002453
0.054400 0.002484
0.054600 0.002514
0.054800 0.002545
0.055000 0.002576
0.055200 0.002608
0.055400 0.002640
0.055600 0.002672
0.055800 0.002705
0.056000 0.002738
0.056200 0.002772
0.056400 0.002805
0.056600 0.002840
0.056800 0.002874
0.057000 0.002909
0.057200 0.002945
0.057400 0.002980
0.057600 0.003016
0.057800 0.003053
0.058000 0.003090
0.058200 0.003127
0.058400 0.003165
0.058600 0.003203
0.058800 0.003242
0.059000 0.003281
0.059200 0.003320
0.059400 0.003360
0.059600 0.003401
0.059800 0.003441
0.060000 0.003483
0.060200 0.003524
0.060400 0.003566
0.060600 0.003609
0.060800 0.003652
0.061000 0.003696
0.061200 0.003740
0.061400 0.003784
0.061600 0.003829
0.061800 0.003875
0.062000 0.003920
0.062200 0.003967
0.062400 0.004014
0.062600 0.004061
0.062800 0.004109
0.063000 0.004158
0.063200 0.004207
0.063400 0.004256
0.063600 0.004306
0.063800 0.004357
0.064000 0.004408
0.064200 0.004460
0.064400 0.004512
0.064600 0.004564
0.064800 0.004618
0.065000 0.004672
0.065200 0.004726
0.065400 0.004781
0.065600 0.004837
0.065800 0.004893
0.066000 0.004950
0.066200 0.005007
0.066400 0.005065
0.066600 0.005124
0.066800 0.005183
0.067000 0.005243
0.067200 0.005303
0.067400 0.005364
0.067600 0.005426
0.067800 0.005489
0.068000 0.005552
0.068200 0.005615
0.068400 0.005680
0.068600 0.005745
0.068800 0.005810
0.069000 0.005877
0.069200 0.005944
0.069400 0.006011
0.069600 0.006080
0.069800 0.006149
0.070000 0.006219
0.070200 0.006289
0.070400 0.006361
0.070600 0.006433
0.070800 0.006505
0.071000 0.006579
0.071200 0.006653
0.071400 0.006728
0.071600 0.006804
0.071800 0.006880
0.072000 0.006958
0.072200 0.007036
0.072400 0.007115
0.072600 0.007194
0.072800 0.007275
0.073000 0.007356
0.073200 0.007438
0.073400 0.007521
0.073600 0.007605
0.073800 0.007689
0.074000 0.007775
0.074200 0.007861
0.074400 0.007948
0.074600 0.008036
0.074800 0.008125
0.075000 0.008215
0.075200 0.008306
0.075400 0.008397
0.075600 0.008490
0.075800 0.008583
0.076000 0.008677
0.076200 0.008773
0.076400 0.008869
0.076600 0.008966
0.076800 0.009064
0.077000 0.009163
0.077200 0.009263
0.077400 0.009364
0.077600 0.009466
0.077800 0.009569
0.078000 0.009673
0.078200 0.009778
0.078400 0.009884
0.078600 0.009991
0.078800 0.010099
0.079000 0.010208
0.079200 0.010318
0.079400 0.010429
0.079600 0.010541
0.079800 0.010654
0.080000 0.010769
0.080200 0.010884
0.080400 0.011001
0.080600 0.011119
0.080800 0.011238
0.081000 0.011358
0.081200 0.011479
0.081400 0.011601
0.081600 0.011724
0.081800 0.011849
0.082000 0.011975
0.082200 0.012102
0.082400 0.012230
0.082600 0.012359
0.082800 0.012490
0.083000 0.012621
0.083200 0.012755
0.083400 0.012889
0.083600 0.013024
0.083800 0.013161
0.084000 0.013299
0.084200 0.013438
0.084400 0.013579
0.084600 0.013721
0.084800 0.013864
0.085000 0.014009
0.085200 0.014155
0.085400 0.014302
0.085600 0.014451
0.085800 0.014601
0.086000 0.014752
0.086200 0.014905
0.086400 0.015059
0.086600 0.015214
0.086800 0.015371
0.087000 0.015530
0.087200 0.015690
0.087400 0.015851
0.087600 0.016014
0.087800 0.016178
0.088000 0.016343
0.088200 0.016511
0.088400 0.016679
0.088600 0.016850
0.088800 0.017021
0.089000 0.017195
0.089200 0.017369
0.089400 0.017546
0.089600 0.017724
0.089800 0.017903
0.090000 0.018084
0.090200 0.018267
0.090400 0.018451
0.090600 0.018637
0.090800 0.018825
0.091000 0.019014
0.091200 0.019205
0.091400 0.019398
0.091600 0.019592
0.091800 0.019788
0.092000 0.019986
0.092200 0.020186
0.092400 0.020387
0.092600 0.020590
0.092800 0.020795
0.093000 0.021001
0.093200 0.021209
0.093400 0.021420
0.093600 0.021631
0.093800 0.021845
0.094000 0.022061
0.094200 0.022278
0.094400 0.022498
0.094600 0.022719
0.094800 0.022942
0.095000 0.023167
0.095200 0.023394
0.095400 0.023623
0.095600 0.023853
0.095800 0.024086
0.096000 0.024321
0.096200 0.024558
0.096400 0.024796
0.096600 0.025037
0.096800 0.025280
0.097000 0.025525
0.097200 0.025772
0.097400 0.026021
0.097600 0.026272
0.097800 0.026525
0.098000 0.026780
0.098200 0.027037
0.098400 0.027297
0.098600 0.027558
0.098800 0.027822
0.099000 0.028088
0.099200 0.028356
0.099400 0.028627
0.099600 0.028899
0.099800 0.029174
0.100000 0.029451
0.100200 0.029730
0.100400 0.030012
0.100600 0.030296
0.100800 0.030582
0.101000 0.030871
0.101200 0.031162
0.101400 0.031455
0.101600 0.031751
0.101800 0.032049
0.102000 0.032349
0.102200 0.032652
0.102400 0.032957
0.102600 0.033265
0.102800 0.033575
0.103000 0.033888
0.103200 0.034203
0.103400 0.034520
0.103600 0.034840
0.103800 0.035163
0.104000 0.035488
0.104200 0.035816
0.104400 0.036147
0.104600 0.036480
0.104800 0.036815
0.105000 0.037153
0.105200 0.037494
0.105400 0.037838
0.105600 0.038184
0.105800 0.038533
0.106000 0.038885
0.106200 0.039239
0.106400 0.039596
0.106600 0.039956
0.106800 0.040319
0.107000 0.040684
0.107200 0.041052
0.107400 0.041423
0.107600 0.041797
0.107800 0.042174
0.108000 0.042554
0.108200 0.042936
0.108400 0.043322
0.108600 0.043710
0.108800 0.044101
0.109000 0.044496
0.109200 0.044893
0.109400 0.045293
0.109600 0.045696
0.109800 0.046103
0.110000 0.046512
0.110200 0.046924
0.110400 0.047340
0.110600 0.047758
0.110800 0.048180
0.111000 0.048605
0.111200 0.049033
0.111400 0.049464
0.111600 0.049898
0.111800 0.050335
0.112000 0.050776
0.112200 0.051220
0.112400 0.051667
0.112600 0.052117
0.112800 0.052571
0.113000 0.053028
0.113200 0.053488
0.113400 0.053952
0.113600 0.054419
0.113800 0.054889
0.114000 0.055363
0.114200 0.055840
0.114400 0.056320
0.114600 0.056804
0.114800 0.057292
0.115000 0.057783
0.115200 0.058277
0.115400 0.058775
0.115600 0.059276
0.115800 0.059781
0.116000 0.060290
0.116200 0.060802
0.116400 0.061317
0.116600 0.061837
0.116800 0.062360
0.117000 0.062886
0.117200 0.063417
0.117400 0.063950
0.117600 0.064488
0.117800 0.065029
0.118000 0.065575
0.118200 0.066123
0.118400 0.066676
0.118600 0.067233
0.118800 0.067793
0.119000 0.068357
0.119200 0.068925
0.119400 0.069497
0.119600 0.070072
0.119800 0.070652
0.120000 0.071235
0.120200 0.071823
0.120400 0.072414
0.120600 0.073009
0.120800 0.073609
0.121000 0.074212
0.121200 0.074819
0.121400 0.075431
0.121600 0.076046
0.121800 0.076666
0.122000 0.077290
0.122200 0.077917
0.122400 0.078549
0.122600 0.079185
0.122800 0.079826
0.123000 0.080470
0.123200 0.081119
0.123400 0.081772
0.123600 0.082429
0.123800 0.083090
0.124000 0.083756
0.124200 0.084426
0.124400 0.085100
0.124600 0.085778
0.124800 0.086461
0.125000 0.087149
0.125200 0.087840
0.125400 0.088536
0.125600 0.089237
0.125800 0.089942
0.126000 0.090651
0.126200 0.091365
0.126400 0.092083
0.126600 0.092806
0.126800 0.093534
0.127000 0.094266
0.127200 0.095002
0.127400 0.095743
0.127600 0.096489
0.127800 0.097239
0.128000 0.097994
0.128200 0.098754
0.128400 0.099518
0.128600 0.100287
0.128800 0.101060
0.129000 0.101839
0.129200 0.102622
0.129400 0.103410
0.129600 0.104202
0.129800 0.104999
0.130000 0.105802
0.130200 0.106609
0.130400 0.107420
0.130600 0.108237
0.130800 0.109059
0.131000 0.109885
0.131200 0.110716
0.131400 0.111553
0.131600 0.112394
0.131800 0.113240
0.132000 0.114091
0.132200 0.114947
0.132400 0.115808
0.132600 0.116674
0.132800 0.117546
0.133000 0.118422
0.133200 0.119303
0.133400 0.120189
0.133600 0.121081
0.133800 0.121977
0.134000 0.122879
0.134200 0.123786
0.134400 0.124698
0.134600 0.125615
0.134800 0.126537
0.135000 0.127465
0.135200 0.128398
0.135400 0.129336
0.135600 0.130279
0.135800 0.131228
0.136000 0.132181
0.136200 0.133141
0.136400 0.134105
0.136600 0.135075
0.136800 0.136050
0.137000 0.137030
0.137200 0.138016
0.137400 0.139007
0.137600 0.140004
0.137800 0.141006
0.138000 0.142014
0.138200 0.143027
0.138400 0.144045
0.138600 0.145069
0.138800 0.146098
0.139000 0.147133
0.139200 0.148173
0.139400 0.149219
0.139600 0.150270
0.139800 0.151327
0.140000 0.152390
0.140200 0.153458
0.140400 0.154532
0.140600 0.155611
0.140800 0.156696
0.141000 0.157786
0.141200 0.158882
0.141400 0.159984
0.141600 0.161092
0.141800 0.162205
0.142000 0.163324
0.142200 0.164448
0.142400 0.165578
0.142600 0.166714
0.142800 0.167856
0.143000 0.169003
0.143200 0.170156
0.143400 0.171315
0.143600 0.172480
0.143800 0.173651
0.144000 0.174827
0.144200 0.176009
0.144400 0.177197
0.144600 0.178391
0.144800 0.179590
0.145000 0.180796
0.145200 0.182007
0.145400 0.183224
0.145600 0.184447
0.145800 0.185676
0.146000 0.186911
0.146200 0.188151
0.146400 0.189398
0.146600 0.190651
0.146800 0.191909
0.147000 0.193173
0.147200 0.194444
0.147400 0.195720
0.147600 0.197002
0.147800 0.198290
0.148000 0.199585
0.148200 0.200885
0.148400 0.202191
0.148600 0.203503
0.148800 0.204821
0.149000 0.206145
0.149200 0.207475
0.149400 0.208812
0.149600 0.210154
0.149800 0.211502
0.150000 0.212856
0.150200 0.214217
0.150400 0.215583
0.150600 0.216955
0.150800 0.218334
0.151000 0.219718
0.151200 0.221109
0.151400 0.222506
0.151600 0.223908
0.151800 0.225317
0.152000 0.226732
0.152200 0.228153
0.152400 0.229580
0.152600 0.231014
0.152800 0.232453
0.153000 0.233898
0.153200 0.235350
0.153400 0.236807
0.153600 0.238271
0.153800 0.239741
0.154000 0.241217
0.154200 0.242699
0.154400 0.244187
0.154600 0.245681
0.154800 0.247182
0.155000 0.248688
0.155200 0.250201
0.155400 0.251720
0.155600 0.253244
0.155800 0.254775
0.156000 0.256313
0.156200 0.257856
0.156400 0.259405
0.156600 0.260961
0.156800 0.262523
0.157000 0.264090
0.157200 0.265664
0.157400 0.267244
0.157600 0.268831
0.157800 0.270423
0.158000 0.272022
0.158200 0.273626
0.158400 0.275237
0.158600 0.276854
0.158800 0.278477
0.159000 0.280106
0.159200 0.281742
0.159400 0.283383
0.159600 0.285031
0.159800 0.286685
0.160000 0.288345
0.160200 0.290011
0.160400 0.291684
0.160600 0.293362
0.160800 0.295047
0.161000 0.296738
0.161200 0.298435
0.161400 0.300138
0.161600 0.301848
0.161800 0.303564
0.162000 0.305286
0.162200 0.307014
0.162400 0.308748
0.162600 0.310489
0.162800 0.312236
0.163000 0.313990
0.163200 0.315749
0.163400 0.317516
0.163600 0.319288
0.163800 0.321067
0.164000 0.322852
0.164200 0.324644
0.164400 0.326442
0.164600 0.328247
0.164800 0.330058
0.165000 0.331876
0.165200 0.333701
0.165400 0.335532
0.165600 0.337370
0.165800 0.339215
0.166000 0.341067
0.166200 0.342925
0.166400 0.344791
0.166600 0.346664
0.166800 0.348543
0.167000 0.350430
0.167200 0.352325
0.167400 0.354226
0.167600 0.356136
0.167800 0.358053
0.168000 0.359977
0.168200 0.361910
0.168400 0.363850
0.168600 0.365799
0.168800 0.367756
0.169000 0.369721
0.169200 0.371695
0.169400 0.373678
0.169600 0.375670
0.169800 0.377671
0.170000 0.379682
0.170200 0.381702
0.170400 0.383732
0.170600 0.385772
0.170800 0.387822
0.171000 0.389884
0.171200 0.391956
0.171400 0.394039
0.171600 0.396135
0.171800 0.398242
0.172000 0.400362
0.172200 0.402494
0.172400 0.404640
0.172600 0.406799
0.172800 0.408973
0.173000 0.411161
0.173200 0.413364
0.173400 0.415583
0.173600 0.417818
0.173800 0.420070
0.174000 0.422339
0.174200 0.424627
0.174400 0.426933
0.174600 0.429259
0.174800 0.431605
0.175000 0.433972
0.175200 0.436360
0.175400 0.438772
0.175600 0.441207
0.175800 0.443667
0.176000 0.446152
0.176200 0.448663
0.176400 0.451203
0.176600 0.453771
0.176800 0.456368
0.177000 0.458997
0.177200 0.461658
0.177400 0.464353
0.177600 0.467083
0.177800 0.469849
0.178000 0.472653
0.178200 0.475496
0.178400 0.478380
0.178600 0.481307
0.178800 0.484277
0.179000 0.487294
0.179200 0.490359
0.179400 0.493473
0.179600 0.496639
0.179800 0.499858
0.180000 0.503133
0.180200 0.506466
0.180400 0.509859
0.180600 0.513314
0.180800 0.516834
0.181000 0.520421
0.181200 0.524077
0.181400 0.527806
0.181600 0.531609
0.181800 0.535489
0.182000 0.539450
0.182200 0.543493
0.182400 0.547623
0.182600 0.551842
0.182800 0.556152
0.183000 0.560558
0.183200 0.565062
0.183400 0.569668
0.183600 0.574379
0.183800 0.579198
0.184000 0.584130
0.184200 0.589176
0.184400 0.594342
0.184600 0.599631
0.184800 0.605047
0.185000 0.610593
0.185200 0.616274
0.185400 0.622093
0.185600 0.628054
0.185800 0.634162
0.186000 0.640420
0.186200 0.646833
0.186400 0.653406
0.186600 0.660141
0.186800 0.667044
0.187000 0.674119
0.187200 0.681370
0.187400 0.688802
0.187600 0.696419
0.187800 0.704225
0.188000 0.712226
0.188200 0.720425
0.188400 0.728827
0.188600 0.737436
0.188800 0.746257
0.189000 0.755294
0.189200 0.764552
0.189400 0.774036
0.189600 0.783748
0.189800 0.793694
0.190000 0.803879
0.190200 0.814306
0.190400 0.824979
0.190600 0.835902
0.190800 0.847081
0.191000 0.858517
0.191200 0.870216
0.191400 0.882181
0.191600 0.894416
0.191800 0.906923
0.192000 0.919708
0.192200 0.932771
0.192400 0.946118
0.192600 0.959751
0.192800 0.973672
0.193000 0.987884
0.193200 1.002390
0.193400 1.017192
0.193600 1.032291
0.193800 1.047690
0.194000 1.063391
0.194200 1.079394
0.194400 1.095701
0.194600 1.112312
0.194800 1.129229
0.195000 1.146452
0.195200 1.163980
0.195400 1.181814
0.195600 1.199954
0.195800 1.218398
0.196000 1.237145
0.196200 1.256195
0.196400 1.275545
0.196600 1.295193
0.196800 1.315138
0.197000 1.335376
0.197200 1.355905
0.197400 1.376721
0.197600 1.397820
0.197800 1.419199
0.198000 1.440854
0.198200 1.462778
0.198400 1.484968
0.198600 1.507418
0.198800 1.530122
0.199000 1.553073
0.199200 1.576266
0.199400 1.599693
0.199600 1.623346
0.199800 1.647220
0.200000 1.671304
0.200200 1.695591
0.200400 1.720072
0.200600 1.744739
0.200800 1.769580
0.201000 1.794588
0.201200 1.819751
0.201400 1.845059
0.201600 1.870501
0.201800 1.896066
0.202000 1.921743
0.202200 1.947520
0.202400 1.973385
0.202600 1.999325
0.202800 2.025328
0.203000 2.051382
0.203200 2.077473
0.203400 2.103587
0.203600 2.129713
0.203800 2.155834
0.204000 2.181939
0.204200 2.208012
0.204400 2.234039
0.204600 2.260007
0.204800 2.285901
0.205000 2.311705
0.205200 2.337406
0.205400 2.362989
0.205600 2.388438
0.205800 2.413740
0.206000 2.438879
0.206200 2.463841
0.206400 2.488610
0.206600 2.513173
0.206800 2.537515
0.207000 2.561620
0.207200 2.585475
0.207400 2.609066
0.207600 2.632378
0.207800 2.655397
0.208000 2.678110
0.208200 2.700503
0.208400 2.722563
0.208600 2.744278
0.208800 2.765633
0.209000 2.786618
0.209200 2.807220
0.209400 2.827427
0.209600 2.847228
0.209800 2.866612
0.210000 2.885568
0.210200 2.904087
0.210400 2.922159
0.210600 2.939774
0.210800 2.956924
0.211000 2.973600
0.211200 2.989795
0.211400 3.005502
0.211600 3.020713
0.211800 3.035424
0.212000 3.049627
0.212200 3.063318
0.212400 3.076493
0.212600 3.089148
0.212800 3.101280
0.213000 3.112885
0.213200 3.123962
0.213400 3.134509
0.213600 3.144526
0.213800 3.154013
0.214000 3.162969
0.214200 3.171396
0.214400 3.179295
0.214600 3.186670
0.214800 3.193522
0.215000 3.199856
0.215200 3.205675
0.215400 3.210985
0.215600 3.215790
0.215800 3.220097
0.216000 3.223913
0.216200 3.227245
0.216400 3.230099
0.216600 3.232486
0.216800 3.234414
0.217000 3.235891
0.217200 3.236929
0.217400 3.237538
0.217600 3.237728
0.217800 3.237511
0.218000 3.236900
0.218200 3.235906
0.218400 3.234543
0.218600 3.232823
0.218800 3.230761
0.219000 3.228370
0.219200 3.225666
0.219400 3.222662
0.219600 3.219374
0.219800 3.215816
0.220000 3.212006
0.220200 3.207958
0.220400 3.203690
0.220600 3.199216
0.220800 3.194554
0.221000 3.189720
0.221200 3.184732
0.221400 3.179606
0.221600 3.174359
0.221800 3.169008
0.222000 3.163570
0.222200 3.158063
0.222400 3.152504
0.222600 3.146910
0.222800 3.141297
0.223000 3.135683
0.223200 3.130085
0.223400 3.124520
0.223600 3.119003
0.223800 3.113553
0.224000 3.108184
0.224200 3.102913
0.224400 3.097757
0.224600 3.092729
0.224800 3.087847
0.225000 3.083125
0.225200 3.078578
0.225400 3.074220
0.225600 3.070065
0.225800 3.066127
0.226000 3.062421
0.226200 3.058957
0.226400 3.055751
0.226600 3.052812
0.226800 3.050155
0.227000 3.047789
0.227200 3.045725
0.227400 3.043975
0.227600 3.042549
0.227800 3.041455
0.228000 3.040703
0.228200 3.040302
0.228400 3.040260
0.228600 3.040584
0.228800 3.041281
0.229000 3.042359
0.229200 3.043822
0.229400 3.045677
0.229600 3.047929
0.229800 3.050583
0.230000 3.053641
0.230200 3.057109
0.230400 3.060988
0.230600 3.065281
0.230800 3.069991
0.231000 3.075118
0.231200 3.080664
0.231400 3.086629
0.231600 3.093013
0.231800 3.099815
0.232000 3.107035
0.232200 3.114670
0.232400 3.122719
0.232600 3.131178
0.232800 3.140047
0.233000 3.149319
0.233200 3.158993
0.233400 3.169064
0.233600 3.179526
0.233800 3.190375
0.234000 3.201604
0.234200 3.213209
0.234400 3.225183
0.234600 3.237519
0.234800 3.250209
0.235000 3.263247
0.235200 3.276625
0.235400 3.290334
0.235600 3.304365
0.235800 3.318711
0.236000 3.333362
0.236200 3.348308
0.236400 3.363541
0.236600 3.379049
0.236800 3.394823
0.237000 3.410852
0.237200 3.427126
0.237400 3.443634
0.237600 3.460365
0.237800 3.477307
0.238000 3.494449
0.238200 3.511780
0.238400 3.529287
0.238600 3.546959
0.238800 3.564784
0.239000 3.582749
0.239200 3.600842
0.239400 3.619052
0.239600 3.637365
0.239800 3.655768
0.240000 3.674251
0.240200 3.692798
0.240400 3.711399
0.240600 3.730040
0.240800 3.748709
0.241000 3.767392
0.241200 3.786078
0.241400 3.804752
0.241600 3.823404
0.241800 3.842019
0.242000 3.860586
0.242200 3.879092
0.242400 3.897523
0.242600 3.915869
0.242800 3.934116
0.243000 3.952252
0.243200 3.970265
0.243400 3.988143
0.243600 4.005873
0.243800 4.023445
0.244000 4.040845
0.244200 4.058063
0.244400 4.075088
0.244600 4.091906
0.244800 4.108509
0.245000 4.124884
0.245200 4.141020
0.245400 4.156907
0.245600 4.172535
0.245800 4.187893
0.246000 4.202971
0.246200 4.217758
0.246400 4.232246
0.246600 4.246424
0.246800 4.260284
0.247000 4.273816
0.247200 4.287011
0.247400 4.299860
0.247600 4.312355
0.247800 4.324488
0.248000 4.336251
0.248200 4.347636
0.248400 4.358635
0.248600 4.369240
0.248800 4.379446
0.249000 4.389245
0.249200 4.398631
0.249400 4.407596
0.249600 4.416136
0.249800 4.424244
0.250000 4.431914
0.250200 4.439142
0.250400 4.445922
0.250600 4.452250
0.250800 4.458121
0.251000 4.463530
0.251200 4.468474
0.251400 4.472949
0.251600 4.476952
0.251800 4.480478
0.252000 4.483526
0.252200 4.486092
0.252400 4.488175
0.252600 4.489771
0.252800 4.490880
0.253000 4.491499
0.253200 4.491627
0.253400 4.491263
0.253600 4.490406
0.253800 4.489055
0.254000 4.487210
0.254200 4.484872
0.254400 4.482039
0.254600 4.478713
0.254800 4.474895
0.255000 4.470584
0.255200 4.465783
0.255400 4.460492
0.255600 4.454714
0.255800 4.448450
0.256000 4.441702
0.256200 4.434473
0.256400 4.426765
0.256600 4.418581
0.256800 4.409924
0.257000 4.400797
0.257200 4.391204
0.257400 4.381149
0.257600 4.370634
0.257800 4.359665
0.258000 4.348246
0.258200 4.336381
0.258400 4.324074
0.258600 4.311331
0.258800 4.298156
0.259000 4.284556
0.259200 4.270534
0.259400 4.256098
0.259600 4.241252
0.259800 4.226002
0.260000 4.210355
0.260200 4.194316
0.260400 4.177893
0.260600 4.161091
0.260800 4.143917
0.261000 4.126378
0.261200 4.108481
0.261400 4.090232
0.261600 4.071639
0.261800 4.052710
0.262000 4.033450
0.262200 4.013869
0.262400 3.993973
0.262600 3.973770
0.262800 3.953267
0.263000 3.932473
0.263200 3.911396
0.263400 3.890042
0.263600 3.868421
0.263800 3.846540
0.264000 3.824408
0.264200 3.802032
0.264400 3.779420
0.264600 3.756582
0.264800 3.733524
0.265000 3.710256
0.265200 3.686786
0.265400 3.663122
0.265600 3.639271
0.265800 3.615244
0.266000 3.591048
0.266200 3.566690
0.266400 3.542181
0.266600 3.517527
0.266800 3.492737
0.267000 3.467820
0.267200 3.442783
0.267400 3.417635
0.267600 3.392384
0.267800 3.367038
0.268000 3.341605
0.268200 3.316093
0.268400 3.290511
0.268600 3.264865
0.268800 3.239164
0.269000 3.213415
0.269200 3.187626
0.269400 3.161806
0.269600 3.135960
0.269800 3.110098
0.270000 3.084225
0.270200 3.058350
0.270400 3.032480
0.270600 3.006621
0.270800 2.980781
0.271000 2.954966
0.271200 2.929184
0.271400 2.903441
0.271600 2.877743
0.271800 2.852098
0.272000 2.826511
0.272200 2.800988
0.272400 2.775537
0.272600 2.750162
0.272800 2.724869
0.273000 2.699665
0.273200 2.674556
0.273400 2.649545
0.273600 2.624639
0.273800 2.599844
0.274000 2.575164
0.274200 2.550603
0.274400 2.526168
0.274600 2.501863
0.274800 2.477692
0.275000 2.453660
0.275200 2.429771
0.275400 2.406029
0.275600 2.382438
0.275800 2.359003
0.276000 2.335727
0.276200 2.312613
0.276400 2.289666
0.276600 2.266888
0.276800 2.244282
0.277000 2.221853
0.277200 2.199602
0.277400 2.177533
0.277600 2.155649
0.277800 2.133951
0.278000 2.112443
0.278200 2.091126
0.278400 2.070003
0.278600 2.049076
0.278800 2.028346
0.279000 2.007817
0.279200 1.987488
0.279400 1.967363
0.279600 1.947441
0.279800 1.927726
0.280000 1.908217
0.280200 1.888915
0.280400 1.869823
0.280600 1.850940
0.280800 1.832268
0.281000 1.813807
0.281200 1.795557
0.281400 1.777519
0.281600 1.759693
0.281800 1.742080
0.282000 1.724680
0.282200 1.707492
0.282400 1.690516
0.282600 1.673753
0.282800 1.657202
0.283000 1.640863
0.283200 1.624735
0.283400 1.608818
0.283600 1.593110
0.283800 1.577613
0.284000 1.562323
0.284200 1.547242
0.284400 1.532367
0.284600 1.517699
0.284800 1.503235
0.285000 1.488975
0.285200 1.474917
0.285400 1.461061
0.285600 1.447405
0.285800 1.433947
0.286000 1.420686
0.286200 1.407621
0.286400 1.394750
0.286600 1.382071
0.286800 1.369583
0.287000 1.357284
0.287200 1.345173
0.287400 1.333248
0.287600 1.321506
0.287800 1.309947
0.288000 1.298567
0.288200 1.287366
0.288400 1.276341
0.288600 1.265491
0.288800 1.254812
0.289000 1.244305
0.289200 1.233965
0.289400 1.223792
0.289600 1.213782
0.289800 1.203935
0.290000 1.194248
0.290200 1.184718
0.290400 1.175344
0.290600 1.166124
0.290800 1.157055
0.291000 1.148135
0.291200 1.139362
0.291400 1.130733
0.291600 1.122248
0.291800 1.113902
0.292000 1.105695
0.292200 1.097624
0.292400 1.089686
0.292600 1.081880
0.292800 1.074204
0.293000 1.066654
0.293200 1.059230
0.293400 1.051929
0.293600 1.044748
0.293800 1.037687
0.294000 1.030741
0.294200 1.023910
0.294400 1.017191
0.294600 1.010582
0.294800 1.004082
0.295000 0.997687
0.295200 0.991396
0.295400 0.985207
0.295600 0.979118
0.295800 0.973127
0.296000 0.967232
0.296200 0.961431
0.296400 0.955722
0.296600 0.950103
0.296800 0.944572
0.297000 0.939127
0.297200 0.933767
0.297400 0.928490
0.297600 0.923293
0.297800 0.918176
0.298000 0.913135
0.298200 0.908170
0.298400 0.903280
0.298600 0.898461
0.298800 0.893712
0.299000 0.889033
0.299200 0.884420
0.299400 0.879874
0.299600 0.875391
0.299800 0.870971
0.300000 0.866612
0.300200 0.862312
0.300400 0.858070
0.300600 0.853885
0.300800 0.849755
0.301000 0.845679
0.301200 0.841656
0.301400 0.837683
0.301600 0.833760
0.301800 0.829886
0.302000 0.826059
0.302200 0.822278
0.302400 0.818542
0.302600 0.814849
0.302800 0.811199
0.303000 0.807590
0.303200 0.804021
0.303400 0.800492
0.303600 0.797000
0.303800 0.793546
0.304000 0.790127
0.304200 0.786743
0.304400 0.783393
0.304600 0.780077
0.304800 0.776792
0.305000 0.773539
0.305200 0.770316
0.305400 0.767122
0.305600 0.763957
0.305800 0.760820
0.306000 0.757710
0.306200 0.754626
0.306400 0.751568
0.306600 0.748534
0.306800 0.745524
0.307000 0.742538
0.307200 0.739574
0.307400 0.736632
0.307600 0.733711
0.307800 0.730811
0.308000 0.727932
0.308200 0.725071
0.308400 0.722230
0.308600 0.719407
0.308800 0.716602
0.309000 0.713814
0.309200 0.711042
0.309400 0.708288
0.309600 0.705548
0.309800 0.702825
0.310000 0.700116
0.310200 0.697421
0.310400 0.694741
0.310600 0.692074
0.310800 0.689421
0.311000 0.686780
0.311200 0.684152
0.311400 0.681536
0.311600 0.678932
0.311800 0.676339
0.312000 0.673758
0.312200 0.671187
0.312400 0.668626
0.312600 0.666076
0.312800 0.663536
0.313000 0.661006
0.313200 0.658485
0.313400 0.655973
0.313600 0.653471
0.313800 0.650977
0.314000 0.648491
0.314200 0.646014
0.314400 0.643545
0.314600 0.641084
0.314800 0.638630
0.315000 0.636184
0.315200 0.633746
0.315400 0.631314
0.315600 0.628890
0.315800 0.626473
0.316000 0.624062
0.316200 0.621658
0.316400 0.619261
0.316600 0.616870
0.316800 0.614485
0.317000 0.612106
0.317200 0.609734
0.317400 0.607367
0.317600 0.605006
0.317800 0.602651
0.318000 0.600302
0.318200 0.597958
0.318400 0.595620
0.318600 0.593287
0.318800 0.590960
0.319000 0.588638
0.319200 0.586321
0.319400 0.584009
0.319600 0.581703
0.319800 0.579401
0.320000 0.577105
0.320200 0.574814
0.320400 0.572528
0.320600 0.570246
0.320800 0.567970
0.321000 0.565699
0.321200 0.563432
0.321400 0.561170
0.321600 0.558913
0.321800 0.556661
0.322000 0.554414
0.322200 0.552172
0.322400 0.549934
0.322600 0.547701
0.322800 0.545473
0.323000 0.543249
0.323200 0.541030
0.323400 0.538816
0.323600 0.536607
0.323800 0.534403
0.324000 0.532203
0.324200 0.530008
0.324400 0.527818
0.324600 0.525632
0.324800 0.523452
0.325000 0.521276
0.325200 0.519105
0.325400 0.516938
0.325600 0.514777
0.325800 0.512620
0.326000 0.510469
0.326200 0.508322
0.326400 0.506180
0.326600 0.504043
0.326800 0.501911
0.327000 0.499784
0.327200 0.497662
0.327400 0.495544
0.327600 0.493432
0.327800 0.491325
0.328000 0.489223
0.328200 0.487126
0.328400 0.485035
0.328600 0.482948
0.328800 0.480867
0.329000 0.478790
0.329200 0.476719
0.329400 0.474654
0.329600 0.472593
0.329800 0.470538
0.330000 0.468488
0.330200 0.466444
0.330400 0.464405
0.330600 0.462371
0.330800 0.460344
0.331000 0.458321
0.331200 0.456304
0.331400 0.454293
0.331600 0.452288
0.331800 0.450288
0.332000 0.448294
0.332200 0.446305
0.332400 0.444323
0.332600 0.442347
0.332800 0.440376
0.333000 0.438412
0.333200 0.436453
0.333400 0.434501
0.333600 0.432555
0.333800 0.430616
0.334000 0.428683
0.334200 0.426756
0.334400 0.424836
0.334600 0.422923
0.334800 0.421016
0.335000 0.419117
0.335200 0.417224
0.335400 0.415339
0.335600 0.413461
0.335800 0.411591
0.336000 0.409728
0.336200 0.407874
0.336400 0.406027
0.336600 0.404189
0.336800 0.402359
0.337000 0.400538
0.337200 0.398726
0.337400 0.396924
0.337600 0.395131
0.337800 0.393349
0.338000 0.391577
0.338200 0.389815
0.338400 0.388065
0.338600 0.386327
0.338800 0.384601
0.339000 0.382888
0.339200 0.381189
0.339400 0.379503
0.339600 0.377832
0.339800 0.376176
0.340000 0.374537
0.340200 0.372915
0.340400 0.371310
0.340600 0.369724
0.340800 0.368158
0.341000 0.366613
0.341200 0.365090
0.341400 0.363590
0.341600 0.362115
0.341800 0.360665
0.342000 0.359243
0.342200 0.357849
0.342400 0.356485
0.342600 0.355154
0.342800 0.353856
0.343000 0.352594
0.343200 0.351369
0.343400 0.350184
0.343600 0.349041
0.343800 0.347941
0.344000 0.346888
0.344200 0.345884
0.344400 0.344931
0.344600 0.344032
0.344800 0.343190
0.345000 0.342407
0.345200 0.341687
0.345400 0.341033
0.345600 0.340447
0.345800 0.339933
0.346000 0.339495
0.346200 0.339136
0.346400 0.338858
0.346600 0.338667
0.346800 0.338565
0.347000 0.338557
0.347200 0.338646
0.347400 0.338836
0.347600 0.339130
0.347800 0.339534
0.348000 0.340050
0.348200 0.340683
0.348400 0.341436
0.348600 0.342314
0.348800 0.343321
0.349000 0.344460
0.349200 0.345735
0.349400 0.347151
0.349600 0.348709
0.349800 0.350415
0.350000 0.352272
0.350200 0.354282
0.350400 0.356450
0.350600 0.358777
0.350800 0.361267
0.351000 0.363921
0.351200 0.366743
0.351400 0.369735
0.351600 0.372897
0.351800 0.376232
0.352000 0.379740
0.352200 0.383422
0.352400 0.387279
0.352600 0.391310
0.352800 0.395515
0.353000 0.399893
0.353200 0.404442
0.353400 0.409162
0.353600 0.414049
0.353800 0.419100
0.354000 0.424314
0.354200 0.429685
0.354400 0.435209
0.354600 0.440881
0.354800 0.446697
0.355000 0.452650
0.355200 0.458733
0.355400 0.464940
0.355600 0.471263
0.355800 0.477694
0.356000 0.484223
0.356200 0.490843
0.356400 0.497543
0.356600 0.504312
0.356800 0.511141
0.357000 0.518018
0.357200 0.524931
0.357400 0.531869
0.357600 0.538818
0.357800 0.545766
0.358000 0.552700
0.358200 0.559606
0.358400 0.566471
0.358600 0.573281
0.358800 0.580021
0.359000 0.586677
0.359200 0.593234
0.359400 0.599679
0.359600 0.605997
0.359800 0.612173
0.360000 0.618192
0.360200 0.624041
0.360400 0.629705
0.360600 0.635170
0.360800 0.640423
0.361000 0.645450
0.361200 0.650239
0.361400 0.654776
0.361600 0.659049
0.361800 0.663048
0.362000 0.666760
0.362200 0.670176
0.362400 0.673285
0.362600 0.676078
0.362800 0.678546
0.363000 0.680682
0.363200 0.682479
0.363400 0.683930
0.363600 0.685030
0.363800 0.685774
0.364000 0.686159
0.364200 0.686181
0.364400 0.685838
0.364600 0.685129
0.364800 0.684055
0.365000 0.682614
0.365200 0.680810
0.365400 0.678644
0.365600 0.676120
0.365800 0.673241
0.366000 0.670013
0.366200 0.666441
0.366400 0.662532
0.366600 0.658293
0.366800 0.653732
0.367000 0.648859
0.367200 0.643682
0.367400 0.638212
0.367600 0.632459
0.367800 0.626435
0.368000 0.620151
0.368200 0.613620
0.368400 0.606855
0.368600 0.599868
0.368800 0.592674
0.369000 0.585286
0.369200 0.577717
0.369400 0.569982
0.369600 0.562096
0.369800 0.554073
0.370000 0.545928
0.370200 0.537674
0.370400 0.529327
0.370600 0.520901
0.370800 0.512410
0.371000 0.503868
0.371200 0.495289
0.371400 0.486688
0.371600 0.478076
0.371800 0.469468
0.372000 0.460875
0.372200 0.452311
0.372400 0.443787
0.372600 0.435315
0.372800 0.426906
0.373000 0.418570
0.373200 0.410317
0.373400 0.402158
0.373600 0.394100
0.373800 0.386153
0.374000 0.378324
0.374200 0.370622
0.374400 0.363052
0.374600 0.355621
0.374800 0.348335
0.375000 0.341199
0.375200 0.334218
0.375400 0.327396
0.375600 0.320736
0.375800 0.314243
0.376000 0.307917
0.376200 0.301762
0.376400 0.295779
0.376600 0.289970
0.376800 0.284334
0.377000 0.278873
0.377200 0.273586
0.377400 0.268473
0.377600 0.263533
0.377800 0.258765
0.378000 0.254168
0.378200 0.249739
0.378400 0.245476
0.378600 0.241378
0.378800 0.237442
0.379000 0.233664
0.379200 0.230043
0.379400 0.226574
0.379600 0.223255
0.379800 0.220081
0.380000 0.217050
0.380200 0.214158
0.380400 0.211401
0.380600 0.208775
0.380800 0.206276
0.381000 0.203900
0.381200 0.201644
0.381400 0.199504
0.381600 0.197475
0.381800 0.195553
0.382000 0.193735
0.382200 0.192017
0.382400 0.190395
0.382600 0.188865
0.382800 0.187423
0.383000 0.186066
0.383200 0.184791
0.383400 0.183593
0.383600 0.182470
0.383800 0.181418
0.384000 0.180433
0.384200 0.179514
0.384400 0.178656
0.384600 0.177857
0.384800 0.177114
0.385000 0.176424
0.385200 0.175785
0.385400 0.175194
0.385600 0.174649
0.385800 0.174147
0.386000 0.173687
0.386200 0.173266
0.386400 0.172882
0.386600 0.172533
0.386800 0.172218
0.387000 0.171934
0.387200 0.171681
0.387400 0.171456
0.387600 0.171258
0.387800 0.171086
0.388000 0.170938
0.388200 0.170814
0.388400 0.170711
0.388600 0.170630
0.388800 0.170568
0.389000 0.170526
0.389200 0.170501
0.389400 0.170494
0.389600 0.170503
0.389800 0.170528
0.390000 0.170568
0.390200 0.170622
0.390400 0.170690
0.390600 0.170771
0.390800 0.170865
0.391000 0.170971
0.391200 0.171089
0.391400 0.171219
0.391600 0.171359
0.391800 0.171511
0.392000 0.171672
0.392200 0.171844
0.392400 0.172025
0.392600 0.172216
0.392800 0.172416
0.393000 0.172625
0.393200 0.172844
0.393400 0.173071
0.393600 0.173306
0.393800 0.173550
0.394000 0.173802
0.394200 0.174062
0.394400 0.174331
0.394600 0.174607
0.394800 0.174891
0.395000 0.175183
0.395200 0.175482
0.395400 0.175789
0.395600 0.176104
0.395800 0.176426
0.396000 0.176755
0.396200 0.177092
0.396400 0.177436
0.396600 0.177788
0.396800 0.178146
0.397000 0.178512
0.397200 0.178885
0.397400 0.179265
0.397600 0.179653
0.397800 0.180047
0.398000 0.180449
0.398200 0.180857
0.398400 0.181273
0.398600 0.181696
0.398800 0.182126
0.399000 0.182562
0.399200 0.183006
0.399400 0.183457
0.399600 0.183915
0.399800 0.184380
0.400000 0.184852
0.400200 0.185331
0.400400 0.185816
0.400600 0.186309
0.400800 0.186809
0.401000 0.187316
0.401200 0.187830
0.401400 0.188351
0.401600 0.188879
0.401800 0.189414
0.402000 0.189956
0.402200 0.190505
0.402400 0.191061
0.402600 0.191624
0.402800 0.192194
0.403000 0.192772
0.403200 0.193356
0.403400 0.193948
0.403600 0.194546
0.403800 0.195152
0.404000 0.195765
0.404200 0.196385
0.404400 0.197012
0.404600 0.197647
0.404800 0.198288
0.405000 0.198937
0.405200 0.199594
0.405400 0.200257
0.405600 0.200928
0.405800 0.201606
0.406000 0.202291
0.406200 0.202984
0.406400 0.203685
0.406600 0.204392
0.406800 0.205108
0.407000 0.205830
0.407200 0.206561
0.407400 0.207299
0.407600 0.208044
0.407800 0.208798
0.408000 0.209559
0.408200 0.210327
0.408400 0.211104
0.408600 0.211888
0.408800 0.212681
0.409000 0.213481
0.409200 0.214290
0.409400 0.215106
0.409600 0.215931
0.409800 0.216764
0.410000 0.217605
0.410200 0.218454
0.410400 0.219312
0.410600 0.220179
0.410800 0.221054
0.411000 0.221937
0.411200 0.222830
0.411400 0.223731
0.411600 0.224641
0.411800 0.225560
0.412000 0.226488
0.412200 0.227426
0.412400 0.228372
0.412600 0.229329
0.412800 0.230294
0.413000 0.231270
0.413200 0.232255
0.413400 0.233250
0.413600 0.234255
0.413800 0.235270
0.414000 0.236295
0.414200 0.237331
0.414400 0.238378
0.414600 0.239435
0.414800 0.240503
0.415000 0.241582
0.415200 0.242672
0.415400 0.243774
0.415600 0.244887
0.415800 0.246012
0.416000 0.247149
0.416200 0.248299
0.416400 0.249460
0.416600 0.250634
0.416800 0.251821
0.417000 0.253020
0.417200 0.254233
0.417400 0.255460
0.417600 0.256700
0.417800 0.257954
0.418000 0.259222
0.418200 0.260505
0.418400 0.261802
0.418600 0.263115
0.418800 0.264442
0.419000 0.265785
0.419200 0.267145
0.419400 0.268520
0.419600 0.269912
0.419800 0.271321
0.420000 0.272747
0.420200 0.274190
0.420400 0.275652
0.420600 0.277131
0.420800 0.278630
0.421000 0.280147
0.421200 0.281684
0.421400 0.283240
0.421600 0.284817
0.421800 0.286415
0.422000 0.288033
0.422200 0.289673
0.422400 0.291336
0.422600 0.293020
0.422800 0.294728
0.423000 0.296459
0.423200 0.298214
0.423400 0.299993
0.423600 0.301798
0.423800 0.303628
0.424000 0.305484
0.424200 0.307367
0.424400 0.309277
0.424600 0.311215
0.424800 0.313181
0.425000 0.315176
0.425200 0.317201
0.425400 0.319256
0.425600 0.321342
0.425800 0.323460
0.426000 0.325610
0.426200 0.327793
0.426400 0.330009
0.426600 0.332260
0.426800 0.334546
0.427000 0.336868
0.427200 0.339227
0.427400 0.341623
0.427600 0.344057
0.427800 0.346530
0.428000 0.349043
0.428200 0.351596
0.428400 0.354191
0.428600 0.356828
0.428800 0.359508
0.429000 0.362232
0.429200 0.365001
0.429400 0.367816
0.429600 0.370678
0.429800 0.373587
0.430000 0.376545
0.430200 0.379552
0.430400 0.382610
0.430600 0.385720
0.430800 0.388882
0.431000 0.392097
0.431200 0.395368
0.431400 0.398693
0.431600 0.402075
0.431800 0.405515
0.432000 0.409014
0.432200 0.412572
0.432400 0.416192
0.432600 0.419873
0.432800 0.423617
0.433000 0.427426
0.433200 0.431300
0.433400 0.435240
0.433600 0.439248
0.433800 0.443325
0.434000 0.447472
0.434200 0.451690
0.434400 0.455980
0.434600 0.460344
0.434800 0.464782
0.435000 0.469296
0.435200 0.473888
0.435400 0.478557
0.435600 0.483306
0.435800 0.488136
0.436000 0.493048
0.436200 0.498043
0.436400 0.503122
0.436600 0.508287
0.436800 0.513538
0.437000 0.518878
0.437200 0.524307
0.437400 0.529826
0.437600 0.535438
0.437800 0.541142
0.438000 0.546940
0.438200 0.552833
0.438400 0.558823
0.438600 0.564911
0.438800 0.571098
0.439000 0.577385
0.439200 0.583773
0.439400 0.590263
0.439600 0.596857
0.439800 0.603556
0.440000 0.610361
0.440200 0.617273
0.440400 0.624292
0.440600 0.631421
0.440800 0.638660
0.441000 0.646011
0.441200 0.653474
0.441400 0.661050
0.441600 0.668740
0.441800 0.676546
0.442000 0.684467
0.442200 0.692506
0.442400 0.700664
0.442600 0.708939
0.442800 0.717335
0.443000 0.725851
0.443200 0.734489
0.443400 0.743249
0.443600 0.752131
0.443800 0.761137
0.444000 0.770268
0.444200 0.779523
0.444400 0.788903
0.444600 0.798410
0.444800 0.808042
0.445000 0.817802
0.445200 0.827689
0.445400 0.837704
0.445600 0.847847
0.445800 0.858118
0.446000 0.868517
0.446200 0.879046
0.446400 0.889703
0.446600 0.900490
0.446800 0.911406
0.447000 0.922450
0.447200 0.933624
0.447400 0.944927
0.447600 0.956359
0.447800 0.967919
0.448000 0.979607
0.448200 0.991424
0.448400 1.003368
0.448600 1.015440
0.448800 1.027638
0.449000 1.039962
0.449200 1.052412
0.449400 1.064986
0.449600 1.077685
0.449800 1.090506
0.450000 1.103450
0.450200 1.116516
0.450400 1.129702
0.450600 1.143007
0.450800 1.156430
0.451000 1.169970
0.451200 1.183626
0.451400 1.197396
0.451600 1.211279
0.451800 1.225274
0.452000 1.239378
0.452200 1.253590
0.452400 1.267909
0.452600 1.282332
0.452800 1.296858
0.453000 1.311485
0.453200 1.326211
0.453400 1.341034
0.453600 1.355951
0.453800 1.370960
0.454000 1.386060
0.454200 1.401248
0.454400 1.416520
0.454600 1.431876
0.454800 1.447312
0.455000 1.462825
0.455200 1.478414
0.455400 1.494074
0.455600 1.509803
0.455800 1.525599
0.456000 1.541458
0.456200 1.557378
0.456400 1.573354
0.456600 1.589385
0.456800 1.605466
0.457000 1.621594
0.457200 1.637766
0.457400 1.653979
0.457600 1.670228
0.457800 1.686511
0.458000 1.702824
0.458200 1.719162
0.458400 1.735523
0.458600 1.751902
0.458800 1.768296
0.459000 1.784701
0.459200 1.801113
0.459400 1.817527
0.459600 1.833940
0.459800 1.850347
0.460000 1.866745
0.460200 1.883129
0.460400 1.899495
0.460600 1.915839
0.460800 1.932156
0.461000 1.948442
0.461200 1.964693
0.461400 1.980905
0.461600 1.997072
0.461800 2.013191
0.462000 2.029257
0.462200 2.045265
0.462400 2.061211
0.462600 2.077090
0.462800 2.092899
0.463000 2.108632
0.463200 2.124284
0.463400 2.139852
0.463600 2.155330
0.463800 2.170714
0.464000 2.185999
0.464200 2.201182
0.464400 2.216256
0.464600 2.231218
0.464800 2.246064
0.465000 2.260788
0.465200 2.275386
0.465400 2.289853
0.465600 2.304186
0.465800 2.318379
0.466000 2.332428
0.466200 2.346329
0.466400 2.360077
0.466600 2.373668
0.466800 2.387098
0.467000 2.400362
0.467200 2.413457
0.467400 2.426378
0.467600 2.439120
0.467800 2.451680
0.468000 2.464054
0.468200 2.476238
0.468400 2.488228
0.468600 2.500020
0.468800 2.511610
0.469000 2.522995
0.469200 2.534170
0.469400 2.545133
0.469600 2.555879
0.469800 2.566406
0.470000 2.576710
0.470200 2.586788
0.470400 2.596636
0.470600 2.606251
0.470800 2.615631
0.471000 2.624772
0.471200 2.633671
0.471400 2.642326
0.471600 2.650735
0.471800 2.658894
0.472000 2.666801
0.472200 2.674453
0.472400 2.681849
0.472600 2.688986
0.472800 2.695862
0.473000 2.702475
0.473200 2.708824
0.473400 2.714906
0.473600 2.720720
0.473800 2.726264
0.474000 2.731537
0.474200 2.736538
0.474400 2.741265
0.474600 2.745717
0.474800 2.749893
0.475000 2.753793
0.475200 2.757415
0.475400 2.760760
0.475600 2.763826
0.475800 2.766613
0.476000 2.769121
0.476200 2.771349
0.476400 2.773298
0.476600 2.774968
0.476800 2.776358
0.477000 2.777470
0.477200 2.778303
0.477400 2.778858
0.477600 2.779135
0.477800 2.779137
0.478000 2.778862
0.478200 2.778313
0.478400 2.777490
0.478600 2.776395
0.478800 2.775029
0.479000 2.773393
0.479200 2.771489
0.479400 2.769319
0.479600 2.766884
0.479800 2.764186
0.480000 2.761227
0.480200 2.758010
0.480400 2.754536
0.480600 2.750808
0.480800 2.746828
0.481000 2.742598
0.481200 2.738122
0.481400 2.733401
0.481600 2.728439
0.481800 2.723238
0.482000 2.717802
0.482200 2.712133
0.482400 2.706235
0.482600 2.700110
0.482800 2.693762
0.483000 2.687194
0.483200 2.680411
0.483400 2.673414
0.483600 2.666208
0.483800 2.658796
0.484000 2.651183
0.484200 2.643371
0.484400 2.635365
0.484600 2.627169
0.484800 2.618786
0.485000 2.610220
0.485200 2.601476
0.485400 2.592558
0.485600 2.583470
0.485800 2.574215
0.486000 2.564799
0.486200 2.555225
0.486400 2.545497
0.486600 2.535621
0.486800 2.525600
0.487000 2.515439
0.487200 2.505142
0.487400 2.494714
0.487600 2.484159
0.487800 2.473482
0.488000 2.462686
0.488200 2.451778
0.488400 2.440760
0.488600 2.429638
0.488800 2.418415
0.489000 2.407098
0.489200 2.395690
0.489400 2.384195
0.489600 2.372618
0.489800 2.360964
0.490000 2.349237
0.490200 2.337442
0.490400 2.325583
0.490600 2.313664
0.490800 2.301690
0.491000 2.289665
0.491200 2.277594
0.491400 2.265481
0.491600 2.253331
0.491800 2.241147
0.492000 2.228934
0.492200 2.216696
0.492400 2.204437
0.492600 2.192161
0.492800 2.179873
0.493000 2.167576
0.493200 2.155275
0.493400 2.142974
0.493600 2.130676
0.493800 2.118385
0.494000 2.106105
0.494200 2.093840
0.494400 2.081593
0.494600 2.069368
0.494800 2.057170
0.495000 2.045000
0.495200 2.032864
0.495400 2.020763
0.495600 2.008702
0.495800 1.996684
0.496000 1.984711
0.496200 1.972788
0.496400 1.960917
0.496600 1.949102
0.496800 1.937344
0.497000 1.925648
0.497200 1.914015
0.497400 1.902450
0.497600 1.890953
0.497800 1.879529
0.498000 1.868179
0.498200 1.856906
0.498400 1.845712
0.498600 1.834600
0.498800 1.823572
0.499000 1.812630
0.499200 1.801777
0.499400 1.791013
0.499600 1.780342
0.499800 1.769765
0.500000 1.759284
0.500200 1.748900
0.500400 1.738616
0.500600 1.728433
0.500800 1.718352
0.501000 1.708375
0.501200 1.698504
0.501400 1.688739
0.501600 1.679082
0.501800 1.669534
0.502000 1.660096
0.502200 1.650770
0.502400 1.641556
0.502600 1.632455
0.502800 1.623467
0.503000 1.614595
0.503200 1.605838
0.503400 1.597198
0.503600 1.588673
0.503800 1.580267
0.504000 1.571978
0.504200 1.563807
0.504400 1.555754
0.504600 1.547820
0.504800 1.540005
0.505000 1.532310
0.505200 1.524733
0.505400 1.517276
0.505600 1.509938
0.505800 1.502720
0.506000 1.495620
0.506200 1.488640
0.506400 1.481778
0.506600 1.475036
0.506800 1.468411
0.507000 1.461904
0.507200 1.455515
0.507400 1.449244
0.507600 1.443088
0.507800 1.437050
0.508000 1.431126
0.508200 1.425318
0.508400 1.419624
0.508600 1.414044
0.508800 1.408577
0.509000 1.403223
0.509200 1.397980
0.509400 1.392848
0.509600 1.387825
0.509800 1.382912
0.510000 1.378108
0.510200 1.373410
0.510400 1.368819
0.510600 1.364333
0.510800 1.359952
0.511000 1.355674
0.511200 1.351498
0.511400 1.347424
0.511600 1.343450
0.511800 1.339575
0.512000 1.335798
0.512200 1.332118
0.512400 1.328534
0.512600 1.325045
0.512800 1.321649
0.513000 1.318345
0.513200 1.315133
0.513400 1.312010
0.513600 1.308976
0.513800 1.306029
0.514000 1.303169
0.514200 1.300394
0.514400 1.297702
0.514600 1.295093
0.514800 1.292565
0.515000 1.290117
0.515200 1.287748
0.515400 1.285456
0.515600 1.283240
0.515800 1.281100
0.516000 1.279033
0.516200 1.277038
0.516400 1.275115
0.516600 1.273261
0.516800 1.271476
0.517000 1.269759
0.517200 1.268107
0.517400 1.266521
0.517600 1.264998
0.517800 1.263537
0.518000 1.262138
0.518200 1.260798
0.518400 1.259518
0.518600 1.258295
0.518800 1.257128
0.519000 1.256016
0.519200 1.254959
0.519400 1.253954
0.519600 1.253000
0.519800 1.252098
0.520000 1.251244
0.520200 1.250439
0.520400 1.249681
0.520600 1.248969
0.520800 1.248301
0.521000 1.247678
0.521200 1.247097
0.521400 1.246558
0.521600 1.246059
0.521800 1.245600
0.522000 1.245180
0.522200 1.244797
0.522400 1.244451
0.522600 1.244140
0.522800 1.243864
0.523000 1.243621
0.523200 1.243411
0.523400 1.243233
0.523600 1.243086
0.523800 1.242969
0.524000 1.242881
0.524200 1.242821
0.524400 1.242788
0.524600 1.242782
0.524800 1.242801
0.525000 1.242846
0.525200 1.242914
0.525400 1.243006
0.525600 1.243120
0.525800 1.243256
0.526000 1.243413
0.526200 1.243590
0.526400 1.243787
0.526600 1.244002
0.526800 1.244236
0.527000 1.244488
0.527200 1.244756
0.527400 1.245040
0.527600 1.245340
0.527800 1.245655
0.528000 1.245984
0.528200 1.246327
0.528400 1.246683
0.528600 1.247052
0.528800 1.247433
0.529000 1.247825
0.529200 1.248229
0.529400 1.248643
0.529600 1.249066
0.529800 1.249500
0.530000 1.249942
0.530200 1.250393
0.530400 1.250852
0.530600 1.251319
0.530800 1.251793
0.531000 1.252274
0.531200 1.252762
0.531400 1.253255
0.531600 1.253754
0.531800 1.254259
0.532000 1.254768
0.532200 1.255282
0.532400 1.255801
0.532600 1.256323
0.532800 1.256849
0.533000 1.257378
0.533200 1.257910
0.533400 1.258445
0.533600 1.258983
0.533800 1.259523
0.534000 1.260064
0.534200 1.260608
0.534400 1.261153
0.534600 1.261699
0.534800 1.262246
0.535000 1.262794
0.535200 1.263343
0.535400 1.263892
0.535600 1.264442
0.535800 1.264991
0.536000 1.265541
0.536200 1.266090
0.536400 1.266639
0.536600 1.267187
0.536800 1.267735
0.537000 1.268282
0.537200 1.268828
0.537400 1.269373
0.537600 1.269917
0.537800 1.270460
0.538000 1.271001
0.538200 1.271541
0.538400 1.272080
0.538600 1.272617
0.538800 1.273152
0.539000 1.273686
0.539200 1.274218
0.539400 1.274749
0.539600 1.275277
0.539800 1.275804
0.540000 1.276329
0.540200 1.276852
0.540400 1.277374
0.540600 1.277893
0.540800 1.278411
0.541000 1.278926
0.541200 1.279440
0.541400 1.279952
0.541600 1.280463
0.541800 1.280971
0.542000 1.281478
0.542200 1.281983
0.542400 1.282486
0.542600 1.282988
0.542800 1.283488
0.543000 1.283986
0.543200 1.284484
0.543400 1.284979
0.543600 1.285474
0.543800 1.285967
0.544000 1.286459
0.544200 1.286950
0.544400 1.287440
0.544600 1.287929
0.544800 1.288417
0.545000 1.288905
0.545200 1.289392
0.545400 1.289879
0.545600 1.290365
0.545800 1.290851
0.546000 1.291337
0.546200 1.291823
0.546400 1.292309
0.546600 1.292795
0.546800 1.293282
0.547000 1.293769
0.547200 1.294257
0.547400 1.294746
0.547600 1.295236
0.547800 1.295727
0.548000 1.296220
0.548200 1.296714
0.548400 1.297210
0.548600 1.297707
0.548800 1.298207
0.549000 1.298709
0.549200 1.299213
0.549400 1.299720
0.549600 1.300230
0.549800 1.300743
0.550000 1.301259
0.550200 1.301778
0.550400 1.302301
0.550600 1.302828
0.550800 1.303359
0.551000 1.303894
0.551200 1.304434
0.551400 1.304978
0.551600 1.305528
0.551800 1.306082
0.552000 1.306642
0.552200 1.307208
0.552400 1.307779
0.552600 1.308357
0.552800 1.308941
0.553000 1.309531
0.553200 1.310129
0.553400 1.310733
0.553600 1.311345
0.553800 1.311965
0.554000 1.312592
0.554200 1.313228
0.554400 1.313873
0.554600 1.314526
0.554800 1.315188
0.555000 1.315859
0.555200 1.316540
0.555400 1.317231
0.555600 1.317932
0.555800 1.318643
0.556000 1.319366
0.556200 1.320099
0.556400 1.320843
0.556600 1.321600
0.556800 1.322368
0.557000 1.323148
0.557200 1.323942
0.557400 1.324747
0.557600 1.325567
0.557800 1.326399
0.558000 1.327246
0.558200 1.328107
0.558400 1.328982
0.558600 1.329872
0.558800 1.330777
0.559000 1.331697
0.559200 1.332634
0.559400 1.333586
0.559600 1.334555
0.559800 1.335541
0.560000 1.336544
0.560200 1.337564
0.560400 1.338602
0.560600 1.339659
0.560800 1.340733
0.561000 1.341827
0.561200 1.342940
0.561400 1.344073
0.561600 1.345225
0.561800 1.346398
0.562000 1.347591
0.562200 1.348805
0.562400 1.350040
0.562600 1.351298
0.562800 1.352577
0.563000 1.353878
0.563200 1.355203
0.563400 1.356550
0.563600 1.357921
0.563800 1.359316
0.564000 1.360735
0.564200 1.362178
0.564400 1.363646
0.564600 1.365140
0.564800 1.366659
0.565000 1.368204
0.565200 1.369775
0.565400 1.371373
0.565600 1.372998
0.565800 1.374651
0.566000 1.376331
0.566200 1.378039
0.566400 1.379776
0.566600 1.381542
0.566800 1.383336
0.567000 1.385161
0.567200 1.387015
0.567400 1.388899
0.567600 1.390814
0.567800 1.392760
0.568000 1.394737
0.568200 1.396745
0.568400 1.398785
0.568600 1.400858
0.568800 1.402963
0.569000 1.405102
0.569200 1.407273
0.569400 1.409478
0.569600 1.411717
0.569800 1.413990
0.570000 1.416298
0.570200 1.418640
0.570400 1.421018
0.570600 1.423431
0.570800 1.425880
0.571000 1.428364
0.571200 1.430886
0.571400 1.433444
0.571600 1.436038
0.571800 1.438670
0.572000 1.441340
0.572200 1.444047
0.572400 1.446793
0.572600 1.449576
0.572800 1.452398
0.573000 1.455259
0.573200 1.458159
0.573400 1.461099
0.573600 1.464078
0.573800 1.467096
0.574000 1.470155
0.574200 1.473254
0.574400 1.476393
0.574600 1.479573
0.574800 1.482794
0.575000 1.486056
0.575200 1.489359
0.575400 1.492703
0.575600 1.496090
0.575800 1.499517
0.576000 1.502987
0.576200 1.506499
0.576400 1.510053
0.576600 1.513649
0.576800 1.517288
0.577000 1.520969
0.577200 1.524693
0.577400 1.528460
0.577600 1.532270
0.577800 1.536123
0.578000 1.540018
0.578200 1.543957
0.578400 1.547940
0.578600 1.551965
0.578800 1.556033
0.579000 1.560145
0.579200 1.564301
0.579400 1.568499
0.579600 1.572741
0.579800 1.577027
0.580000 1.581355
0.580200 1.585727
0.580400 1.590142
0.580600 1.594601
0.580800 1.599102
0.581000 1.603647
0.581200 1.608235
0.581400 1.612865
0.581600 1.617539
0.581800 1.622255
0.582000 1.627013
0.582200 1.631814
0.582400 1.636657
0.582600 1.641543
0.582800 1.646470
0.583000 1.651439
0.583200 1.656450
0.583400 1.661502
0.583600 1.666595
0.583800 1.671729
0.584000 1.676904
0.584200 1.682119
0.584400 1.687375
0.584600 1.692670
0.584800 1.698004
0.585000 1.703378
0.585200 1.708791
0.585400 1.714243
0.585600 1.719732
0.585800 1.725260
0.586000 1.730825
0.586200 1.736428
0.586400 1.742067
0.586600 1.747742
0.586800 1.753453
0.587000 1.759200
0.587200 1.764982
0.587400 1.770798
0.587600 1.776649
0.587800 1.782533
0.588000 1.788450
0.588200 1.794400
0.588400 1.800381
0.588600 1.806394
0.588800 1.812439
0.589000 1.818513
0.589200 1.824618
0.589400 1.830751
0.589600 1.836913
0.589800 1.843103
0.590000 1.849321
0.590200 1.855565
0.590400 1.861835
0.590600 1.868130
0.590800 1.874451
0.591000 1.880795
0.591200 1.887162
0.591400 1.893552
0.591600 1.899963
0.591800 1.906396
0.592000 1.912849
0.592200 1.919321
0.592400 1.925812
0.592600 1.932321
0.592800 1.938847
0.593000 1.945389
0.593200 1.951947
0.593400 1.958519
0.593600 1.965105
0.593800 1.971704
0.594000 1.978314
0.594200 1.984936
0.594400 1.991568
0.594600 1.998209
0.594800 2.004858
0.595000 2.011514
0.595200 2.018177
0.595400 2.024846
0.595600 2.031518
0.595800 2.038195
0.596000 2.044873
0.596200 2.051553
0.596400 2.058234
0.596600 2.064914
0.596800 2.071592
0.597000 2.078268
0.597200 2.084940
0.597400 2.091607
0.597600 2.098268
0.597800 2.104922
0.598000 2.111569
0.598200 2.118206
0.598400 2.124833
0.598600 2.131448
0.598800 2.138052
0.599000 2.144641
0.599200 2.151216
0.599400 2.157776
0.599600 2.164318
0.599800 2.170842
0.600000 2.177347
0.600200 2.183831
0.600400 2.190294
0.600600 2.196734
0.600800 2.203150
0.601000 2.209541
0.601200 2.215906
0.601400 2.222243
0.601600 2.228551
0.601800 2.234830
0.602000 2.241077
0.602200 2.247293
0.602400 2.253474
0.602600 2.259622
0.602800 2.265733
0.603000 2.271807
0.603200 2.277843
0.603400 2.283839
0.603600 2.289795
0.603800 2.295708
0.604000 2.301579
0.604200 2.307405
0.604400 2.313186
0.604600 2.318919
0.604800 2.324605
0.605000 2.330242
0.605200 2.335828
0.605400 2.341363
0.605600 2.346845
0.605800 2.352273
0.606000 2.357645
0.606200 2.362962
0.606400 2.368221
0.606600 2.373421
0.606800 2.378561
0.607000 2.383640
0.607200 2.388657
0.607400 2.393611
0.607600 2.398500
0.607800 2.403323
0.608000 2.408080
0.608200 2.412768
0.608400 2.417388
0.608600 2.421937
0.608800 2.426415
0.609000 2.430820
0.609200 2.435152
0.609400 2.439410
0.609600 2.443591
0.609800 2.447696
0.610000 2.451723
0.610200 2.455672
0.610400 2.459540
0.610600 2.463327
0.610800 2.467033
0.611000 2.470656
0.611200 2.474195
0.611400 2.477648
0.611600 2.481016
0.611800 2.484298
0.612000 2.487491
0.612200 2.490596
0.612400 2.493611
0.612600 2.496536
0.612800 2.499369
0.613000 2.502110
0.613200 2.504758
0.613400 2.507312
0.613600 2.509772
0.613800 2.512136
0.614000 2.514403
0.614200 2.516573
0.614400 2.518646
0.614600 2.520619
0.614800 2.522494
0.615000 2.524268
0.615200 2.525942
0.615400 2.527514
0.615600 2.528984
0.615800 2.530352
0.616000 2.531616
0.616200 2.532776
0.616400 2.533832
0.616600 2.534783
0.616800 2.535628
0.617000 2.536367
0.617200 2.537000
0.617400 2.537526
0.617600 2.537944
0.617800 2.538255
0.618000 2.538457
0.618200 2.538551
0.618400 2.538536
0.618600 2.538412
0.618800 2.538179
0.619000 2.537836
0.619200 2.537384
0.619400 2.536821
0.619600 2.536149
0.619800 2.535367
0.620000 2.534475
0.620200 2.533472
0.620400 2.532360
0.620600 2.531138
0.620800 2.529807
0.621000 2.528367
0.621200 2.526818
0.621400 2.525160
0.621600 2.523395
0.621800 2.521522
0.622000 2.519543
0.622200 2.517458
0.622400 2.515268
0.622600 2.512975
0.622800 2.510579
0.623000 2.508083
0.623200 2.505486
0.623400 2.502792
0.623600 2.500002
0.623800 2.497118
0.624000 2.494142
0.624200 2.491078
0.624400 2.487927
0.624600 2.484694
0.624800 2.481381
0.625000 2.477992
0.625200 2.474532
0.625400 2.471005
0.625600 2.467416
0.625800 2.463771
0.626000 2.460075
0.626200 2.456335
0.626400 2.452559
0.626600 2.448754
0.626800 2.444929
0.627000 2.441092
0.627200 2.437254
0.627400 2.433425
0.627600 2.429618
0.627800 2.425845
0.628000 2.422120
0.628200 2.418457
0.628400 2.414872
0.628600 2.411384
0.628800 2.408009
0.629000 2.404769
0.629200 2.401685
0.629400 2.398779
0.629600 2.396076
0.629800 2.393603
0.630000 2.391388
0.630200 2.389460
0.630400 2.387853
0.630600 2.386599
0.630800 2.385735
0.631000 2.385301
0.631200 2.385336
0.631400 2.385885
0.631600 2.386993
0.631800 2.388709
0.632000 2.391083
0.632200 2.394171
0.632400 2.398029
0.632600 2.402717
0.632800 2.408296
0.633000 2.414835
0.633200 2.422400
0.633400 2.431064
0.633600 2.440901
0.633800 2.451991
0.634000 2.464414
0.634200 2.478254
0.634400 2.493599
0.634600 2.510539
0.634800 2.529167
0.635000 2.549579
0.635200 2.571875
0.635400 2.596155
0.635600 2.622524
0.635800 2.651087
0.636000 2.681954
0.636200 2.715233
0.636400 2.751037
0.636600 2.789479
0.636800 2.830673
0.637000 2.874734
0.637200 2.921778
0.637400 2.971919
0.637600 3.025273
0.637800 3.081953
0.638000 3.142074
0.638200 3.205745
0.638400 3.273076
0.638600 3.344172
0.638800 3.419138
0.639000 3.498071
0.639200 3.581066
0.639400 3.668212
0.639600 3.759594
0.639800 3.855288
0.640000 3.955365
0.640200 4.059888
0.640400 4.168911
0.640600 4.282480
0.640800 4.400631
0.641000 4.523390
0.641200 4.650771
0.641400 4.782779
0.641600 4.919404
0.641800 5.060626
0.642000 5.206410
0.642200 5.356707
0.642400 5.511456
0.642600 5.670579
0.642800 5.833985
0.643000 6.001564
0.643200 6.173194
0.643400 6.348736
0.643600 6.528033
0.643800 6.710914
0.644000 6.897189
0.644200 7.086654
0.644400 7.279087
0.644600 7.474251
0.644800 7.671891
0.645000 7.871738
0.645200 8.073507
0.645400 8.276898
0.645600 8.481597
0.645800 8.687276
0.646000 8.893593
0.646200 9.100195
0.646400 9.306716
0.646600 9.512782
0.646800 9.718006
0.647000 9.921996
0.647200 10.124349
0.647400 10.324658
0.647600 10.522512
0.647800 10.717494
0.648000 10.909186
0.648200 11.097169
0.648400 11.281024
0.648600 11.460334
0.648800 11.634687
0.649000 11.803673
0.649200 11.966891
0.649400 12.123948
0.649600 12.274457
0.649800 12.418047
0.650000 12.554355
0.650200 12.683034
0.650400 12.803752
0.650600 12.916192
0.650800 13.020056
0.651000 13.115065
0.651200 13.200960
0.651400 13.277502
0.651600 13.344476
0.651800 13.401689
0.652000 13.448971
0.652200 13.486179
0.652400 13.513193
0.652600 13.529920
0.652800 13.536291
0.653000 13.532267
0.653200 13.517832
0.653400 13.492999
0.653600 13.457806
0.653800 13.412318
0.654000 13.356627
0.654200 13.290850
0.654400 13.215128
0.654600 13.129630
0.654800 13.034545
0.655000 12.930089
0.655200 12.816496
0.655400 12.694026
0.655600 12.562956
0.655800 12.423583
0.656000 12.276222
0.656200 12.121204
0.656400 11.958878
0.656600 11.789603
0.656800 11.613753
0.657000 11.431712
0.657200 11.243876
0.657400 11.050645
0.657600 10.852430
0.657800 10.649645
0.658000 10.442706
0.658200 10.232034
0.658400 10.018051
0.658600 9.801175
0.658800 9.581825
0.659000 9.360415
0.659200 9.137355
0.659400 8.913049
0.659600 8.687892
0.659800 8.462274
0.660000 8.236573
0.660200 8.011157
0.660400 7.786383
0.660600 7.562595
0.660800 7.340126
0.661000 7.119293
0.661200 6.900399
0.661400 6.683734
0.661600 6.469570
0.661800 6.258166
0.662000 6.049763
0.662200 5.844586
0.662400 5.642845
0.662600 5.444731
0.662800 5.250421
0.663000 5.060075
0.663200 4.873836
0.663400 4.691831
0.663600 4.514171
0.663800 4.340953
0.664000 4.172256
0.664200 4.008148
0.664400 3.848680
0.664600 3.693889
0.664800 3.543800
0.665000 3.398425
0.665200 3.257764
0.665400 3.121803
0.665600 2.990521
0.665800 2.863884
0.666000 2.741850
0.666200 2.624365
0.666400 2.511371
0.666600 2.402798
0.666800 2.298571
0.667000 2.198610
0.667200 2.102827
0.667400 2.011128
0.667600 1.923418
0.667800 1.839594
0.668000 1.759553
0.668200 1.683187
0.668400 1.610386
0.668600 1.541038
0.668800 1.475032
0.669000 1.412253
0.669200 1.352586
0.669400 1.295919
0.669600 1.242136
0.669800 1.191124
0.670000 1.142771
0.670200 1.096966
0.670400 1.053600
0.670600 1.012566
0.670800 0.973757
0.671000 0.937070
0.671200 0.902404
0.671400 0.869662
0.671600 0.838748
0.671800 0.809568
0.672000 0.782033
0.672200 0.756056
0.672400 0.731553
0.672600 0.708443
0.672800 0.686649
0.673000 0.666096
0.673200 0.646712
0.673400 0.628429
0.673600 0.611181
0.673800 0.594907
0.674000 0.579545
0.674200 0.565041
0.674400 0.551339
0.674600 0.538390
0.674800 0.526144
0.675000 0.514556
0.675200 0.503584
0.675400 0.493185
0.675600 0.483322
0.675800 0.473958
0.676000 0.465060
0.676200 0.456596
0.676400 0.448536
0.676600 0.440851
0.676800 0.433517
0.677000 0.426508
0.677200 0.419801
0.677400 0.413376
0.677600 0.407212
0.677800 0.401291
0.678000 0.395597
0.678200 0.390112
0.678400 0.384823
0.678600 0.379716
0.678800 0.374778
0.679000 0.369998
0.679200 0.365364
0.679400 0.360868
0.679600 0.356499
0.679800 0.352250
0.680000 0.348112
0.680200 0.344079
0.680400 0.340144
0.680600 0.336301
0.680800 0.332544
0.681000 0.328869
0.681200 0.325270
0.681400 0.321744
0.681600 0.318287
0.681800 0.314894
0.682000 0.311563
0.682200 0.308291
0.682400 0.305075
0.682600 0.301912
0.682800 0.298800
0.683000 0.295737
0.683200 0.292722
0.683400 0.289752
0.683600 0.286825
0.683800 0.283941
0.684000 0.281098
0.684200 0.278294
0.684400 0.275528
0.684600 0.272800
0.684800 0.270108
0.685000 0.267451
0.685200 0.264829
0.685400 0.262241
0.685600 0.259685
0.685800 0.257162
0.686000 0.254671
0.686200 0.252210
0.686400 0.249780
0.686600 0.247379
0.686800 0.245008
0.687000 0.242666
0.687200 0.240352
0.687400 0.238066
0.687600 0.235807
0.687800 0.233576
0.688000 0.231371
0.688200 0.229192
0.688400 0.227039
0.688600 0.224912
0.688800 0.222810
0.689000 0.220732
0.689200 0.218680
0.689400 0.216651
0.689600 0.214646
0.689800 0.212664
0.690000 0.210706
0.690200 0.208770
0.690400 0.206857
0.690600 0.204967
0.690800 0.203098
0.691000 0.201251
0.691200 0.199425
0.691400 0.197621
0.691600 0.195837
0.691800 0.194074
0.692000 0.192331
0.692200 0.190609
0.692400 0.188906
0.692600 0.187223
0.692800 0.185559
0.693000 0.183914
0.693200 0.182287
0.693400 0.180680
0.693600 0.179090
0.693800 0.177519
0.694000 0.175965
0.694200 0.174429
0.694400 0.172911
0.694600 0.171409
0.694800 0.169924
0.695000 0.168456
0.695200 0.167005
0.695400 0.165569
0.695600 0.164150
0.695800 0.162746
0.696000 0.161358
0.696200 0.159986
0.696400 0.158628
0.696600 0.157285
0.696800 0.155957
0.697000 0.154644
0.697200 0.153345
0.697400 0.152060
0.697600 0.150789
0.697800 0.149532
0.698000 0.148288
0.698200 0.147058
0.698400 0.145841
0.698600 0.144637
0.698800 0.143446
0.699000 0.142267
0.699200 0.141101
0.699400 0.139948
0.699600 0.138806
0.699800 0.137676
0.700000 0.136559
0.700200 0.135452
0.700400 0.134358
0.700600 0.133274
0.700800 0.132202
0.701000 0.131141
0.701200 0.130091
0.701400 0.129051
0.701600 0.128022
0.701800 0.127004
0.702000 0.125995
0.702200 0.124997
0.702400 0.124009
0.702600 0.123031
0.702800 0.122062
0.703000 0.121103
0.703200 0.120153
0.703400 0.119213
0.703600 0.118282
0.703800 0.117360
0.704000 0.116447
0.704200 0.115543
0.704400 0.114647
0.704600 0.113760
0.704800 0.112881
0.705000 0.112011
0.705200 0.111149
0.705400 0.110295
0.705600 0.109450
0.705800 0.108612
0.706000 0.107782
0.706200 0.106959
0.706400 0.106144
0.706600 0.105337
0.706800 0.104537
0.707000 0.103744
0.707200 0.102959
0.707400 0.102180
0.707600 0.101409
0.707800 0.100645
0.708000 0.099887
0.708200 0.099136
0.708400 0.098392
0.708600 0.097654
0.708800 0.096923
0.709000 0.096198
0.709200 0.095479
0.709400 0.094767
0.709600 0.094060
0.709800 0.093360
0.710000 0.092666
0.710200 0.091978
0.710400 0.091295
0.710600 0.090618
0.710800 0.089947
0.711000 0.089282
0.711200 0.088622
0.711400 0.087968
0.711600 0.087319
0.711800 0.086675
0.712000 0.086037
0.712200 0.085404
0.712400 0.084776
0.712600 0.084153
0.712800 0.083535
0.713000 0.082922
0.713200 0.082314
0.713400 0.081711
0.713600 0.081112
0.713800 0.080519
0.714000 0.079930
0.714200 0.079346
0.714400 0.078766
0.714600 0.078191
0.714800 0.077620
0.715000 0.077054
0.715200 0.076492
0.715400 0.075934
0.715600 0.075381
0.715800 0.074832
0.716000 0.074287
0.716200 0.073746
0.716400 0.073209
0.716600 0.072676
0.716800 0.072148
0.717000 0.071623
0.717200 0.071102
0.717400 0.070585
0.717600 0.070072
0.717800 0.069563
0.718000 0.069057
0.718200 0.068555
0.718400 0.068057
0.718600 0.067563
0.718800 0.067072
0.719000 0.066585
0.719200 0.066101
0.719400 0.065621
0.719600 0.065144
0.719800 0.064670
0.720000 0.064200
0.720200 0.063734
0.720400 0.063270
0.720600 0.062810
0.720800 0.062354
0.721000 0.061900
0.721200 0.061450
0.721400 0.061003
0.721600 0.060559
0.721800 0.060118
0.722000 0.059680
0.722200 0.059246
0.722400 0.058814
0.722600 0.058386
0.722800 0.057960
0.723000 0.057537
0.723200 0.057118
0.723400 0.056701
0.723600 0.056287
0.723800 0.055876
0.724000 0.055468
0.724200 0.055062
0.724400 0.054659
0.724600 0.054260
0.724800 0.053863
0.725000 0.053468
0.725200 0.053076
0.725400 0.052687
0.725600 0.052301
0.725800 0.051917
0.726000 0.051536
0.726200 0.051158
0.726400 0.050782
0.726600 0.050408
0.726800 0.050037
0.727000 0.049669
0.727200 0.049303
0.727400 0.048940
0.727600 0.048579
0.727800 0.048220
0.728000 0.047864
0.728200 0.047511
0.728400 0.047159
0.728600 0.046811
0.728800 0.046464
0.729000 0.046120
0.729200 0.045778
0.729400 0.045438
0.729600 0.045101
0.729800 0.044766
0.730000 0.044433
0.730200 0.044102
0.730400 0.043774
0.730600 0.043448
0.730800 0.043124
0.731000 0.042802
0.731200 0.042483
0.731400 0.042165
0.731600 0.041850
0.731800 0.041537
0.732000 0.041225
0.732200 0.040916
0.732400 0.040609
0.732600 0.040304
0.732800 0.040002
0.733000 0.039701
0.733200 0.039402
0.733400 0.039105
0.733600 0.038810
0.733800 0.038517
0.734000 0.038227
0.734200 0.037938
0.734400 0.037651
0.734600 0.037366
0.734800 0.037082
0.735000 0.036801
0.735200 0.036522
0.735400 0.036244
0.735600 0.035969
0.735800 0.035695
0.736000 0.035423
0.736200 0.035153
0.736400 0.034885
0.736600 0.034619
0.736800 0.034354
0.737000 0.034091
0.737200 0.033830
0.737400 0.033571
0.737600 0.033313
0.737800 0.033057
0.738000 0.032803
0.738200 0.032551
0.738400 0.032301
0.738600 0.032052
0.738800 0.031804
0.739000 0.031559
0.739200 0.031315
0.739400 0.031073
0.739600 0.030832
0.739800 0.030593
0.740000 0.030356
0.740200 0.030120
0.740400 0.029886
0.740600 0.029654
0.740800 0.029423
0.741000 0.029194
0.741200 0.028966
0.741400 0.028740
0.741600 0.028515
0.741800 0.028292
0.742000 0.028071
0.742200 0.027851
0.742400 0.027632
0.742600 0.027416
0.742800 0.027200
0.743000 0.026986
0.743200 0.026774
0.743400 0.026563
0.743600 0.026353
0.743800 0.026145
0.744000 0.025938
0.744200 0.025733
0.744400 0.025529
0.744600 0.025327
0.744800 0.025126
0.745000 0.024927
0.745200 0.024729
0.745400 0.024532
0.745600 0.024336
0.745800 0.024142
0.746000 0.023950
0.746200 0.023759
0.746400 0.023569
0.746600 0.023380
0.746800 0.023193
0.747000 0.023007
0.747200 0.022822
0.747400 0.022639
0.747600 0.022457
0.747800 0.022276
0.748000 0.022097
0.748200 0.021918
0.748400 0.021742
0.748600 0.021566
0.748800 0.021392
0.749000 0.021218
0.749200 0.021046
0.749400 0.020876
0.749600 0.020706
0.749800 0.020538
0.750000 0.020371
0.750200 0.020205
0.750400 0.020041
0.750600 0.019877
0.750800 0.019715
0.751000 0.019554
0.751200 0.019394
0.751400 0.019235
0.751600 0.019077
0.751800 0.018921
0.752000 0.018765
0.752200 0.018611
0.752400 0.018458
0.752600 0.018306
0.752800 0.018155
0.753000 0.018005
0.753200 0.017857
0.753400 0.017709
0.753600 0.017563
0.753800 0.017417
0.754000 0.017273
0.754200 0.017129
0.754400 0.016987
0.754600 0.016846
0.754800 0.016706
0.755000 0.016567
0.755200 0.016428
0.755400 0.016291
0.755600 0.016155
0.755800 0.016020
0.756000 0.015886
0.756200 0.015753
0.756400 0.015621
0.756600 0.015490
0.756800 0.015360
0.757000 0.015231
0.757200 0.015102
0.757400 0.014975
0.757600 0.014849
0.757800 0.014724
0.758000 0.014599
0.758200 0.014476
0.758400 0.014353
0.758600 0.014232
0.758800 0.014111
0.759000 0.013991
0.759200 0.013872
0.759400 0.013754
0.759600 0.013637
0.759800 0.013521
0.760000 0.013406
0.760200 0.013291
0.760400 0.013178
0.760600 0.013065
0.760800 0.012953
0.761000 0.012842
0.761200 0.012732
0.761400 0.012623
0.761600 0.012514
0.761800 0.012407
0.762000 0.012300
0.762200 0.012194
0.762400 0.012089
0.762600 0.011985
0.762800 0.011881
0.763000 0.011778
0.763200 0.011676
0.763400 0.011575
0.763600 0.011475
0.763800 0.011375
0.764000 0.011277
0.764200 0.011178
0.764400 0.011081
0.764600 0.010985
0.764800 0.010889
0.765000 0.010794
0.765200 0.010700
0.765400 0.010606
0.765600 0.010513
0.765800 0.010421
0.766000 0.010330
0.766200 0.010239
0.766400 0.010149
0.766600 0.010060
0.766800 0.009972
0.767000 0.009884
0.767200 0.009797
0.767400 0.009710
0.767600 0.009624
0.767800 0.009539
0.768000 0.009455
0.768200 0.009371
0.768400 0.009288
0.768600 0.009206
0.768800 0.009124
0.769000 0.009043
0.769200 0.008963
0.769400 0.008883
0.769600 0.008804
0.769800 0.008725
0.770000 0.008647
0.770200 0.008570
0.770400 0.008493
0.770600 0.008417
0.770800 0.008342
0.771000 0.008267
0.771200 0.008193
0.771400 0.008119
0.771600 0.008046
0.771800 0.007974
0.772000 0.007902
0.772200 0.007831
0.772400 0.007760
0.772600 0.007690
0.772800 0.007621
0.773000 0.007552
0.773200 0.007484
0.773400 0.007416
0.773600 0.007348
0.773800 0.007282
0.774000 0.007216
0.774200 0.007150
0.774400 0.007085
0.774600 0.007020
0.774800 0.006956
0.775000 0.006893
0.775200 0.006830
0.775400 0.006767
0.775600 0.006706
0.775800 0.006644
0.776000 0.006583
0.776200 0.006523
0.776400 0.006463
0.776600 0.006404
0.776800 0.006345
0.777000 0.006286
0.777200 0.006228
0.777400 0.006171
0.777600 0.006114
0.777800 0.006058
0.778000 0.006002
0.778200 0.005946
0.778400 0.005891
0.778600 0.005836
0.778800 0.005782
0.779000 0.005729
0.779200 0.005675
0.779400 0.005622
0.779600 0.005570
0.779800 0.005518
0.780000 0.005467
0.780200 0.005416
0.780400 0.005365
0.780600 0.005315
0.780800 0.005265
0.781000 0.005216
0.781200 0.005167
0.781400 0.005119
0.781600 0.005071
0.781800 0.005023
0.782000 0.004976
0.782200 0.004929
0.782400 0.004882
0.782600 0.004836
0.782800 0.004791
0.783000 0.004746
0.783200 0.004701
0.783400 0.004656
0.783600 0.004612
0.783800 0.004568
0.784000 0.004525
0.784200 0.004482
0.784400 0.004440
0.784600 0.004397
0.784800 0.004355
0.785000 0.004314
0.785200 0.004273
0.785400 0.004232
0.785600 0.004192
0.785800 0.004152
0.786000 0.004112
0.786200 0.004073
0.786400 0.004034
0.786600 0.003995
0.786800 0.003957
0.787000 0.003919
0.787200 0.003881
0.787400 0.003844
0.787600 0.003807
0.787800 0.003770
0.788000 0.003734
0.788200 0.003697
0.788400 0.003662
0.788600 0.003626
0.788800 0.003591
0.789000 0.003556
0.789200 0.003522
0.789400 0.003488
0.789600 0.003454
0.789800 0.003420
0.790000 0.003387
0.790200 0.003354
0.790400 0.003322
0.790600 0.003289
0.790800 0.003257
0.791000 0.003225
0.791200 0.003194
0.791400 0.003163
0.791600 0.003132
0.791800 0.003101
0.792000 0.003070
0.792200 0.003040
0.792400 0.003011
0.792600 0.002981
0.792800 0.002952
0.793000 0.002923
0.793200 0.002894
0.793400 0.002865
0.793600 0.002837
0.793800 0.002809
0.794000 0.002781
0.794200 0.002754
0.794400 0.002726
0.794600 0.002699
0.794800 0.002673
0.795000 0.002646
0.795200 0.002620
0.795400 0.002594
0.795600 0.002568
0.795800 0.002542
0.796000 0.002517
0.796200 0.002492
0.796400 0.002467
0.796600 0.002442
0.796800 0.002418
0.797000 0.002394
0.797200 0.002370
0.797400 0.002346
0.797600 0.002323
0.797800 0.002299
0.798000 0.002276
0.798200 0.002253
0.798400 0.002231
0.798600 0.002208
0.798800 0.002186
0.799000 0.002164
0.799200 0.002142
0.799400 0.002121
0.799600 0.002099
0.799800 0.002078
0.800000 0.002057
0.800200 0.002036
0.800400 0.002015
0.800600 0.001995
0.800800 0.001975
0.801000 0.001955
0.801200 0.001935
0.801400 0.001915
0.801600 0.001895
0.801800 0.001876
0.802000 0.001857
0.802200 0.001838
0.802400 0.001819
0.802600 0.001801
0.802800 0.001782
0.803000 0.001764
0.803200 0.001746
0.803400 0.001728
0.803600 0.001710
0.803800 0.001693
0.804000 0.001675
0.804200 0.001658
0.804400 0.001641
0.804600 0.001624
0.804800 0.001607
0.805000 0.001591
0.805200 0.001574
0.805400 0.001558
0.805600 0.001542
0.805800 0.001526
0.806000 0.001510
0.806200 0.001494
0.806400 0.001479
0.806600 0.001464
0.806800 0.001448
0.807000 0.001433
0.807200 0.001418
0.807400 0.001404
0.807600 0.001389
0.807800 0.001374
0.808000 0.001360
0.808200 0.001346
0.808400 0.001332
0.808600 0.001318
0.808800 0.001304
0.809000 0.001290
0.809200 0.001277
0.809400 0.001263
0.809600 0.001250
0.809800 0.001237
0.810000 0.001224
0.810200 0.001211
0.810400 0.001198
0.810600 0.001186
0.810800 0.001173
0.811000 0.001161
0.811200 0.001149
0.811400 0.001136
0.811600 0.001124
0.811800 0.001113
0.812000 0.001101
0.812200 0.001089
0.812400 0.001077
0.812600 0.001066
0.812800 0.001055
0.813000 0.001043
0.813200 0.001032
0.813400 0.001021
0.813600 0.001010
0.813800 0.001000
0.814000 0.000989
0.814200 0.000978
0.814400 0.000968
0.814600 0.000958
0.814800 0.000947
0.815000 0.000937
0.815200 0.000927
0.815400 0.000917
0.815600 0.000907
0.815800 0.000898
0.816000 0.000888
0.816200 0.000878
0.816400 0.000869
0.816600 0.000860
0.816800 0.000850
0.817000 0.000841
0.817200 0.000832
0.817400 0.000823
0.817600 0.000814
0.817800 0.000805
0.818000 0.000797
0.818200 0.000788
0.818400 0.000779
0.818600 0.000771
0.818800 0.000762
0.819000 0.000754
0.819200 0.000746
0.819400 0.000738
0.819600 0.000730
0.819800 0.000722
0.820000 0.000714
0.820200 0.000706
0.820400 0.000698
0.820600 0.000691
0.820800 0.000683
0.821000 0.000676
0.821200 0.000668
0.821400 0.000661
0.821600 0.000654
0.821800 0.000647
0.822000 0.000639
0.822200 0.000632
0.822400 0.000625
0.822600 0.000619
0.822800 0.000612
0.823000 0.000605
0.823200 0.000598
0.823400 0.000592
0.823600 0.000585
0.823800 0.000579
0.824000 0.000572
0.824200 0.000566
0.824400 0.000560
0.824600 0.000553
0.824800 0.000547
0.825000 0.000541
0.825200 0.000535
0.825400 0.000529
0.825600 0.000523
0.825800 0.000517
0.826000 0.000512
0.826200 0.000506
0.826400 0.000500
0.826600 0.000495
0.826800 0.000489
0.827000 0.000484
0.827200 0.000478
0.827400 0.000473
0.827600 0.000468
0.827800 0.000462
0.828000 0.000457
0.828200 0.000452
0.828400 0.000447
0.828600 0.000442
0.828800 0.000437
0.829000 0.000432
0.829200 0.000427
0.829400 0.000422
0.829600 0.000417
0.829800 0.000413
0.830000 0.000408
0.830200 0.000403
0.830400 0.000399
0.830600 0.000394
0.830800 0.000390
0.831000 0.000385
0.831200 0.000381
0.831400 0.000377
0.831600 0.000372
0.831800 0.000368
0.832000 0.000364
0.832200 0.000360
0.832400 0.000356
0.832600 0.000352
0.832800 0.000348
0.833000 0.000344
0.833200 0.000340
0.833400 0.000336
0.833600 0.000332
0.833800 0.000328
0.834000 0.000324
0.834200 0.000321
0.834400 0.000317
0.834600 0.000313
0.834800 0.000310
0.835000 0.000306
0.835200 0.000303
0.835400 0.000299
0.835600 0.000296
0.835800 0.000292
0.836000 0.000289
0.836200 0.000286
0.836400 0.000282
0.836600 0.000279
0.836800 0.000276
0.837000 0.000273
0.837200 0.000269
0.837400 0.000266
0.837600 0.000263
0.837800 0.000260
0.838000 0.000257
0.838200 0.000254
0.838400 0.000251
0.838600 0.000248
0.838800 0.000245
0.839000 0.000242
0.839200 0.000240
0.839400 0.000237
0.839600 0.000234
0.839800 0.000231
0.840000 0.000229
0.840200 0.000226
0.840400 0.000223
0.840600 0.000221
0.840800 0.000218
0.841000 0.000216
0.841200 0.000213
0.841400 0.000210
0.841600 0.000208
0.841800 0.000206
0.842000 0.000203
0.842200 0.000201
0.842400 0.000198
0.842600 0.000196
0.842800 0.000194
0.843000 0.000191
0.843200 0.000189
0.843400 0.000187
0.843600 0.000185
0.843800 0.000182
0.844000 0.000180
0.844200 0.000178
0.844400 0.000176
0.844600 0.000174
0.844800 0.000172
0.845000 0.000170
0.845200 0.000168
0.845400 0.000166
0.845600 0.000164
0.845800 0.000162
0.846000 0.000160
0.846200 0.000158
0.846400 0.000156
0.846600 0.000154
0.846800 0.000152
0.847000 0.000151
0.847200 0.000149
0.847400 0.000147
0.847600 0.000145
0.847800 0.000143
0.848000 0.000142
0.848200 0.000140
0.848400 0.000138
0.848600 0.000137
0.848800 0.000135
0.849000 0.000133
0.849200 0.000132
0.849400 0.000130
0.849600 0.000129
0.849800 0.000127
0.850000 0.000126
0.850200 0.000124
0.850400 0.000123
0.850600 0.000121
0.850800 0.000120
0.851000 0.000118
0.851200 0.000117
0.851400 0.000115
0.851600 0.000114
0.851800 0.000112
0.852000 0.000111
0.852200 0.000110
0.852400 0.000108
0.852600 0.000107
0.852800 0.000106
0.853000 0.000104
0.853200 0.000103
0.853400 0.000102
0.853600 0.000101
0.853800 0.000099
0.854000 0.000098
0.854200 0.000097
0.854400 0.000096
0.854600 0.000095
0.854800 0.000093
0.855000 0.000092
0.855200 0.000091
0.855400 0.000090
0.855600 0.000089
0.855800 0.000088
0.856000 0.000087
0.856200 0.000086
0.856400 0.000085
0.856600 0.000084
0.856800 0.000083
0.857000 0.000082
0.857200 0.000081
0.857400 0.000080
0.857600 0.000079
0.857800 0.000078
0.858000 0.000077
0.858200 0.000076
0.858400 0.000075
0.858600 0.000074
0.858800 0.000073
0.859000 0.000072
0.859200 0.000071
0.859400 0.000070
0.859600 0.000069
0.859800 0.000068
0.860000 0.000068
0.860200 0.000067
0.860400 0.000066
0.860600 0.000065
0.860800 0.000064
0.861000 0.000063
0.861200 0.000063
0.861400 0.000062
0.861600 0.000061
0.861800 0.000060
0.862000 0.000060
0.862200 0.000059
0.862400 0.000058
0.862600 0.000057
0.862800 0.000057
0.863000 0.000056
0.863200 0.000055
0.863400 0.000054
0.863600 0.000054
0.863800 0.000053
0.864000 0.000052
0.864200 0.000052
0.864400 0.000051
0.864600 0.000050
0.864800 0.000050
0.865000 0.000049
0.865200 0.000049
0.865400 0.000048
0.865600 0.000047
0.865800 0.000047
0.866000 0.000046
0.866200 0.000046
0.866400 0.000045
0.866600 0.000044
0.866800 0.000044
0.867000 0.000043
0.867200 0.000043
0.867400 0.000042
0.867600 0.000042
0.867800 0.000041
0.868000 0.000041
0.868200 0.000040
0.868400 0.000040
0.868600 0.000039
0.868800 0.000039
0.869000 0.000038
0.869200 0.000038
0.869400 0.000037
0.869600 0.000037
0.869800 0.000036
0.870000 0.000036
0.870200 0.000035
0.870400 0.000035
0.870600 0.000034
0.870800 0.000034
0.871000 0.000033
0.871200 0.000033
0.871400 0.000033
0.871600 0.000032
0.871800 0.000032
0.872000 0.000031
0.872200 0.000031
0.872400 0.000030
0.872600 0.000030
0.872800 0.000030
0.873000 0.000029
0.873200 0.000029
0.873400 0.000029
0.873600 0.000028
0.873800 0.000028
0.874000 0.000027
0.874200 0.000027
0.874400 0.000027
0.874600 0.000026
0.874800 0.000026
0.875000 0.000026
0.875200 0.000025
0.875400 0.000025
0.875600 0.000025
0.875800 0.000024
0.876000 0.000024
0.876200 0.000024
0.876400 0.000023
0.876600 0.000023
0.876800 0.000023
0.877000 0.000022
0.877200 0.000022
0.877400 0.000022
0.877600 0.000022
0.877800 0.000021
0.878000 0.000021
0.878200 0.000021
0.878400 0.000020
0.878600 0.000020
0.878800 0.000020
0.879000 0.000020
0.879200 0.000019
0.879400 0.000019
0.879600 0.000019
0.879800 0.000019
0.880000 0.000018
0.880200 0.000018
0.880400 0.000018
0.880600 0.000018
0.880800 0.000017
0.881000 0.000017
0.881200 0.000017
0.881400 0.000017
0.881600 0.000017
0.881800 0.000016
0.882000 0.000016
0.882200 0.000016
0.882400 0.000016
0.882600 0.000015
0.882800 0.000015
0.883000 0.000015
0.883200 0.000015
0.883400 0.000015
0.883600 0.000014
0.883800 0.000014
0.884000 0.000014
0.884200 0.000014
0.884400 0.000014
0.884600 0.000013
0.884800 0.000013
0.885000 0.000013
0.885200 0.000013
0.885400 0.000013
0.885600 0.000013
0.885800 0.000012
0.886000 0.000012
0.886200 0.000012
0.886400 0.000012
0.886600 0.000012
0.886800 0.000012
0.887000 0.000011
0.887200 0.000011
0.887400 0.000011
0.887600 0.000011
0.887800 0.000011
0.888000 0.000011
0.888200 0.000011
0.888400 0.000010
0.888600 0.000010
0.888800 0.000010
0.889000 0.000010
0.889200 0.000010
0.889400 0.000010
0.889600 0.000010
0.889800 0.000009
0.890000 0.000009
0.890200 0.000009
0.890400 0.000009
0.890600 0.000009
0.890800 0.000009
0.891000 0.000009
0.891200 0.000009
0.891400 0.000008
0.891600 0.000008
0.891800 0.000008
0.892000 0.000008
0.892200 0.000008
0.892400 0.000008
0.892600 0.000008
0.892800 0.000008
0.893000 0.000008
0.893200 0.000007
0.893400 0.000007
0.893600 0.000007
0.893800 0.000007
0.894000 0.000007
0.894200 0.000007
0.894400 0.000007
0.894600 0.000007
0.894800 0.000007
0.895000 0.000007
0.895200 0.000006
0.895400 0.000006
0.895600 0.000006
0.895800 0.000006
0.896000 0.000006
0.896200 0.000006
0.896400 0.000006
0.896600 0.000006
0.896800 0.000006
0.897000 0.000006
0.897200 0.000006
0.897400 0.000006
0.897600 0.000005
0.897800 0.000005
0.898000 0.000005
0.898200 0.000005
0.898400 0.000005
0.898600 0.000005
0.898800 0.000005
0.899000 0.000005
0.899200 0.000005
0.899400 0.000005
0.899600 0.000005
0.899800 0.000005
0.900000 0.000005
0.900200 0.000005
0.900400 0.000005
0.900600 0.000004
0.900800 0.000004
0.901000 0.000004
0.901200 0.000004
0.901400 0.000004
0.901600 0.000004
0.901800 0.000004
0.902000 0.000004
0.902200 0.000004
0.902400 0.000004
0.902600 0.000004
0.902800 0.000004
0.903000 0.000004
0.903200 0.000004
0.903400 0.000004
0.903600 0.000004
0.903800 0.000004
0.904000 0.000003
0.904200 0.000003
0.904400 0.000003
0.904600 0.000003
0.904800 0.000003
0.905000 0.000003
0.905200 0.000003
0.905400 0.000003
0.905600 0.000003
0.905800 0.000003
0.906000 0.000003
0.906200 0.000003
0.906400 0.000003
0.906600 0.000003
0.906800 0.000003
0.907000 0.000003
0.907200 0.000003
0.907400 0.000003
0.907600 0.000003
0.907800 0.000003
0.908000 0.000003
0.908200 0.000003
0.908400 0.000003
0.908600 0.000003
0.908800 0.000002
0.909000 0.000002
0.909200 0.000002
0.909400 0.000002
0.909600 0.000002
0.909800 0.000002
0.910000 0.000002
0.910200 0.000002
0.910400 0.000002
0.910600 0.000002
0.910800 0.000002
0.911000 0.000002
0.911200 0.000002
0.911400 0.000002
0.911600 0.000002
0.911800 0.000002
0.912000 0.000002
0.912200 0.000002
0.912400 0.000002
0.912600 0.000002
0.912800 0.000002
0.913000 0.000002
0.913200 0.000002
0.913400 0.000002
0.913600 0.000002
0.913800 0.000002
0.914000 0.000002
0.914200 0.000002
0.914400 0.000002
0.914600 0.000002
0.914800 0.000002
0.915000 0.000002
0.915200 0.000002
0.915400 0.000002
0.915600 0.000002
0.915800 0.000001
0.916000 0.000001
0.916200 0.000001
0.916400 0.000001
0.916600 0.000001
0.916800 0.000001
0.917000 0.000001
0.917200 0.000001
0.917400 0.000001
0.917600 0.000001
0.917800 0.000001
0.918000 0.000001
0.918200 0.000001
0.918400 0.000001
0.918600 0.000001
0.918800 0.000001
0.919000 0.000001
0.919200 0.000001
0.919400 0.000001
0.919600 0.000001
0.919800 0.000001
0.920000 0.000001
0.920200 0.000001
0.920400 0.000001
0.920600 0.000001
0.920800 0.000001
0.921000 0.000001
0.921200 0.000001
0.921400 0.000001
0.921600 0.000001
0.921800 0.000001
0.922000 0.000001
0.922200 0.000001
0.922400 0.000001
0.922600 0.000001
0.922800 0.000001
0.923000 0.000001
0.923200 0.000001
0.923400 0.000001
0.923600 0.000001
0.923800 0.000001
0.924000 0.000001
0.924200 0.000001
0.924400 0.000001
0.924600 0.000001
0.924800 0.000001
0.925000 0.000001
0.925200 0.000001
0.925400 0.000001
0.925600 0.000001
0.925800 0.000001
0.926000 0.000001
0.926200 0.000001
0.926400 0.000001
0.926600 0.000001
0.926800 0.000001
0.927000 0.000001
0.927200 0.000001
0.927400 0.000001
0.927600 0.000001
0.927800 0.000001
0.928000 0.000001
0.928200 0.000001
0.928400 0.000001
0.928600 0.000001
0.928800 0.000001
0.929000 0.000001
0.929200 0.000001
0.929400 0.000001
0.929600 0.000001
0.929800 0.000001
0.930000 0.000001
0.930200 0.000001
0.930400 0.000001
0.930600 0.000001
0.930800 0.000001
0.931000 0.000001
0.931200 0.000001
0.931400 0.000001
0.931600 0.000001
0.931800 0.000001
0.932000 0.000001
0.932200 0.000001
0.932400 0.000001
0.932600 0.000001
0.932800 0.000001
0.933000 0.000001
0.933200 0.000001
0.933400 0.000001
0.933600 0.000001
0.933800 0.000001
0.934000 0.000001
0.934200 0.000001
0.934400 0.000001
0.934600 0.000001
0.934800 0.000001
0.935000 0.000001
0.935200 0.000001
0.935400 0.000001
0.935600 0.000001
0.935800 0.000001
0.936000 0.000001
0.936200 0.000001
0.936400 0.000001
0.936600 0.000001
0.936800 0.000001
0.937000 0.000001
0.937200 0.000001
0.937400 0.000001
0.937600 0.000001
0.937800 0.000001
0.938000 0.000001
0.938200 0.000001
0.938400 0.000001
0.938600 0.000001
0.938800 0.000001
0.939000 0.000001
0.939200 0.000001
0.939400 0.000001
0.939600 0.000001
0.939800 0.000001
0.940000 0.000001
0.940200 0.000001
0.940400 0.000001
0.940600 0.000001
0.940800 0.000001
0.941000 0.000001
0.941200 0.000001
0.941400 0.000001
0.941600 0.000001
0.941800 0.000001
0.942000 0.000001
0.942200 0.000001
0.942400 0.000001
0.942600 0.000001
0.942800 0.000001
0.943000 0.000001
0.943200 0.000001
0.943400 0.000001
0.943600 0.000001
0.943800 0.000001
0.944000 0.000001
0.944200 0.000001
0.944400 0.000001
0.944600 0.000001
0.944800 0.000001
0.945000 0.000001
0.945200 0.000001
0.945400 0.000001
0.945600 0.000001
0.945800 0.000001
0.946000 0.000001
0.946200 0.000001
0.946400 0.000001
0.946600 0.000001
0.946800 0.000001
0.947000 0.000001
0.947200 0.000001
0.947400 0.000001
0.947600 0.000001
0.947800 0.000001
0.948000 0.000001
0.948200 0.000001
0.948400 0.000001
0.948600 0.000001
0.948800 0.000001
0.949000 0.000001
0.949200 0.000001
0.949400 0.000001
0.949600 0.000001
0.949800 0.000001
0.950000 0.000001
0.950200 0.000001
0.950400 0.000001
0.950600 0.000001
0.950800 0.000001
0.951000 0.000001
0.951200 0.000001
0.951400 0.000001
0.951600 0.000001
0.951800 0.000001
0.952000 0.000001
0.952200 0.000001
0.952400 0.000001
0.952600 0.000001
0.952800 0.000001
0.953000 0.000001
0.953200 0.000001
0.953400 0.000001
0.953600 0.000001
0.953800 0.000001
0.954000 0.000001
0.954200 0.000001
0.954400 0.000001
0.954600 0.000001
0.954800 0.000001
0.955000 0.000001
0.955200 0.000001
0.955400 0.000001
0.955600 0.000001
0.955800 0.000001
0.956000 0.000001
0.956200 0.000001
0.956400 0.000001
0.956600 0.000001
0.956800 0.000002
0.957000 0.000002
0.957200 0.000002
0.957400 0.000002
0.957600 0.000002
0.957800 0.000002
0.958000 0.000002
0.958200 0.000002
0.958400 0.000002
0.958600 0.000002
0.958800 0.000002
0.959000 0.000002
0.959200 0.000002
0.959400 0.000002
0.959600 0.000002
0.959800 0.000002
0.960000 0.000002
0.960200 0.000002
0.960400 0.000002
0.960600 0.000002
0.960800 0.000002
0.961000 0.000002
0.961200 0.000002
0.961400 0.000002
0.961600 0.000002
0.961800 0.000002
0.962000 0.000002
0.962200 0.000002
0.962400 0.000002
0.962600 0.000003
0.962800 0.000003
0.963000 0.000003
0.963200 0.000003
0.963400 0.000003
0.963600 0.000003
0.963800 0.000003
0.964000 0.000003
0.964200 0.000003
0.964400 0.000003
0.964600 0.000003
0.964800 0.000003
0.965000 0.000003
0.965200 0.000003
0.965400 0.000003
0.965600 0.000003
0.965800 0.000003
0.966000 0.000003
0.966200 0.000003
0.966400 0.000003
0.966600 0.000004
0.966800 0.000004
0.967000 0.000004
0.967200 0.000004
0.967400 0.000004
0.967600 0.000004
0.967800 0.000004
0.968000 0.000004
0.968200 0.000004
0.968400 0.000004
0.968600 0.000004
0.968800 0.000004
0.969000 0.000004
0.969200 0.000004
0.969400 0.000005
0.969600 0.000005
0.969800 0.000005
0.970000 0.000005
0.970200 0.000005
0.970400 0.000005
0.970600 0.000005
0.970800 0.000005
0.971000 0.000005
0.971200 0.000005
0.971400 0.000005
0.971600 0.000005
0.971800 0.000006
0.972000 0.000006
0.972200 0.000006
0.972400 0.000006
0.972600 0.000006
0.972800 0.000006
0.973000 0.000006
0.973200 0.000006
0.973400 0.000006
0.973600 0.000006
0.973800 0.000007
0.974000 0.000007
0.974200 0.000007
0.974400 0.000007
0.974600 0.000007
0.974800 0.000007
0.975000 0.000007
0.975200 0.000007
0.975400 0.000008
0.975600 0.000008
0.975800 0.000008
0.976000 0.000008
0.976200 0.000008
0.976400 0.000008
0.976600 0.000008
0.976800 0.000009
0.977000 0.000009
0.977200 0.000009
0.977400 0.000009
0.977600 0.000009
0.977800 0.000009
0.978000 0.000009
0.978200 0.000010
0.978400 0.000010
0.978600 0.000010
0.978800 0.000010
0.979000 0.000010
0.979200 0.000010
0.979400 0.000011
0.979600 0.000011
0.979800 0.000011
0.980000 0.000011
0.980200 0.000011
0.980400 0.000012
0.980600 0.000012
0.980800 0.000012
0.981000 0.000012
0.981200 0.000012
0.981400 0.000013
0.981600 0.000013
0.981800 0.000013
0.982000 0.000013
0.982200 0.000013
0.982400 0.000014
0.982600 0.000014
0.982800 0.000014
0.983000 0.000014
0.983200 0.000015
0.983400 0.000015
0.983600 0.000015
0.983800 0.000015
0.984000 0.000016
0.984200 0.000016
0.984400 0.000016
0.984600 0.000016
0.984800 0.000017
0.985000 0.000017
0.985200 0.000017
0.985400 0.000017
0.985600 0.000018
0.985800 0.000018
0.986000 0.000018
0.986200 0.000019
0.986400 0.000019
0.986600 0.000019
0.986800 0.000020
0.987000 0.000020
0.987200 0.000020
0.987400 0.000021
0.987600 0.000021
0.987800 0.000021
0.988000 0.000022
0.988200 0.000022
0.988400 0.000022
0.988600 0.000023
0.988800 0.000023
0.989000 0.000023
0.989200 0.000024
0.989400 0.000024
0.989600 0.000025
0.989800 0.000025
0.990000 0.000025
0.990200 0.000026
0.990400 0.000026
0.990600 0.000027
0.990800 0.000027
0.991000 0.000028
0.991200 0.000028
0.991400 0.000029
0.991600 0.000029
0.991800 0.000029
0.992000 0.000030
0.992200 0.000030
0.992400 0.000031
0.992600 0.000031
0.992800 0.000032
0.993000 0.000032
0.993200 0.000033
0.993400 0.000033
0.993600 0.000034
0.993800 0.000035
0.994000 0.000035
0.994200 0.000036
0.994400 0.000036
0.994600 0.000037
0.994800 0.000037
0.995000 0.000038
0.995200 0.000039
0.995400 0.000039
0.995600 0.000040
0.995800 0.000041
0.996000 0.000041
0.996200 0.000042
0.996400 0.000043
0.996600 0.000043
0.996800 0.000044
0.997000 0.000045
0.997200 0.000045
0.997400 0.000046
0.997600 0.000047
0.997800 0.000047
0.998000 0.000048
0.998200 0.000049
0.998400 0.000050
0.998600 0.000051
0.998800 0.000051
0.999000 0.000052
0.999200 0.000053
0.999400 0.000054
0.999600 0.000055
0.999800 0.000056
