0.000000 0.088819
0.000200 0.089279
0.000400 0.089742
0.000600 0.090206
0.000800 0.090673
0.001000 0.091142
0.001200 0.091614
0.001400 0.092088
0.001600 0.092564
0.001800 0.093043
0.002000 0.093524
0.002200 0.094007
0.002400 0.094493
0.002600 0.094982
0.002800 0.095473
0.003000 0.095966
0.003200 0.096462
0.003400 0.096960
0.003600 0.097461
0.003800 0.097964
0.004000 0.098470
0.004200 0.098979
0.004400 0.099490
0.004600 0.100004
0.004800 0.100521
0.005000 0.101040
0.005200 0.101562
0.005400 0.102087
0.005600 0.102614
0.005800 0.103145
0.006000 0.103678
0.006200 0.104213
0.006400 0.104752
0.006600 0.105294
0.006800 0.105838
0.007000 0.106386
0.007200 0.106936
0.007400 0.107490
0.007600 0.108046
0.007800 0.108606
0.008000 0.109168
0.008200 0.109734
0.008400 0.110303
0.008600 0.110875
0.008800 0.111450
0.009000 0.112028
0.009200 0.112610
0.009400 0.113195
0.009600 0.113783
0.009800 0.114375
0.010000 0.114970
0.010200 0.115568
0.010400 0.116170
0.010600 0.116775
0.010800 0.117384
0.011000 0.117996
0.011200 0.118612
0.011400 0.119232
0.011600 0.119855
0.011800 0.120482
0.012000 0.121113
0.012200 0.121748
0.012400 0.122386
0.012600 0.123028
0.012800 0.123674
0.013000 0.124324
0.013200 0.124979
0.013400 0.125637
0.013600 0.126299
0.013800 0.126965
0.014000 0.127636
0.014200 0.128311
0.014400 0.128990
0.014600 0.129673
0.014800 0.130361
0.015000 0.131053
0.015200 0.131750
0.015400 0.132451
0.015600 0.133157
0.015800 0.133867
0.016000 0.134582
0.016200 0.135302
0.016400 0.136026
0.016600 0.136756
0.016800 0.137490
0.017000 0.138230
0.017200 0.138974
0.017400 0.139724
0.017600 0.140478
0.017800 0.141238
0.018000 0.142003
0.018200 0.142774
0.018400 0.143550
0.018600 0.144331
0.018800 0.145118
0.019000 0.145910
0.019200 0.146709
0.019400 0.147513
0.019600 0.148322
0.019800 0.149138
0.020000 0.149960
0.020200 0.150788
0.020400 0.151621
0.020600 0.152462
0.020800 0.153308
0.021000 0.154161
0.021200 0.155020
0.021400 0.155886
0.021600 0.156758
0.021800 0.157637
0.022000 0.158523
0.022200 0.159415
0.022400 0.160315
0.022600 0.161222
0.022800 0.162135
0.023000 0.163056
0.023200 0.163985
0.023400 0.164921
0.023600 0.165864
0.023800 0.166815
0.024000 0.167774
0.024200 0.168740
0.024400 0.169715
0.024600 0.170697
0.024800 0.171688
0.025000 0.172687
0.025200 0.173694
0.025400 0.174709
0.025600 0.175734
0.025800 0.176767
0.026000 0.177809
0.026200 0.178859
0.026400 0.179919
0.026600 0.180988
0.026800 0.182066
0.027000 0.183154
0.027200 0.184251
0.027400 0.185358
0.027600 0.186475
0.027800 0.187602
0.028000 0.188738
0.028200 0.189885
0.028400 0.191043
0.028600 0.192211
0.028800 0.193390
0.029000 0.194579
0.029200 0.195779
0.029400 0.196991
0.029600 0.198214
0.029800 0.199448
0.030000 0.200694
0.030200 0.201952
0.030400 0.203222
0.030600 0.204503
0.030800 0.205797
0.031000 0.207104
0.031200 0.208423
0.031400 0.209756
0.031600 0.211101
0.031800 0.212460
0.032000 0.213832
0.032200 0.215217
0.032400 0.216617
0.032600 0.218031
0.032800 0.219459
0.033000 0.220902
0.033200 0.222360
0.033400 0.223832
0.033600 0.225320
0.033800 0.226824
0.034000 0.228344
0.034200 0.229879
0.034400 0.231432
0.034600 0.233001
0.034800 0.234587
0.035000 0.236190
0.035200 0.237811
0.035400 0.239450
0.035600 0.241107
0.035800 0.242783
0.036000 0.244479
0.036200 0.246193
0.036400 0.247928
0.036600 0.249683
0.036800 0.251459
0.037000 0.253255
0.037200 0.255074
0.037400 0.256915
0.037600 0.258778
0.037800 0.260664
0.038000 0.262574
0.038200 0.264509
0.038400 0.266468
0.038600 0.268452
0.038800 0.270463
0.039000 0.272500
0.039200 0.274565
0.039400 0.276658
0.039600 0.278780
0.039800 0.280932
0.040000 0.283113
0.040200 0.285327
0.040400 0.287572
0.040600 0.289851
0.040800 0.292163
0.041000 0.294511
0.041200 0.296895
0.041400 0.299315
0.041600 0.301775
0.041800 0.304273
0.042000 0.306812
0.042200 0.309394
0.042400 0.312018
0.042600 0.314688
0.042800 0.317403
0.043000 0.320166
0.043200 0.322978
0.043400 0.325841
0.043600 0.328756
0.043800 0.331726
0.044000 0.334752
0.044200 0.337836
0.044400 0.340980
0.044600 0.344186
0.044800 0.347456
0.045000 0.350792
0.045200 0.354198
0.045400 0.357674
0.045600 0.361225
0.045800 0.364851
0.046000 0.368557
0.046200 0.372344
0.046400 0.376216
0.046600 0.380176
0.046800 0.384227
0.047000 0.388371
0.047200 0.392613
0.047400 0.396956
0.047600 0.401403
0.047800 0.405958
0.048000 0.410625
0.048200 0.415408
0.048400 0.420311
0.048600 0.425338
0.048800 0.430493
0.049000 0.435781
0.049200 0.441207
0.049400 0.446775
0.049600 0.452490
0.049800 0.458357
0.050000 0.464381
0.050200 0.470568
0.050400 0.476923
0.050600 0.483452
0.050800 0.490160
0.051000 0.497053
0.051200 0.504137
0.051400 0.511419
0.051600 0.518904
0.051800 0.526600
0.052000 0.534512
0.052200 0.542647
0.052400 0.551013
0.052600 0.559617
0.052800 0.568464
0.053000 0.577564
0.053200 0.586922
0.053400 0.596548
0.053600 0.606447
0.053800 0.616629
0.054000 0.627100
0.054200 0.637869
0.054400 0.648945
0.054600 0.660334
0.054800 0.672046
0.055000 0.684088
0.055200 0.696470
0.055400 0.709199
0.055600 0.722284
0.055800 0.735734
0.056000 0.749557
0.056200 0.763762
0.056400 0.778357
0.056600 0.793352
0.056800 0.808755
0.057000 0.824574
0.057200 0.840818
0.057400 0.857496
0.057600 0.874617
0.057800 0.892188
0.058000 0.910218
0.058200 0.928715
0.058400 0.947688
0.058600 0.967144
0.058800 0.987092
0.059000 1.007539
0.059200 1.028492
0.059400 1.049959
0.059600 1.071948
0.059800 1.094464
0.060000 1.117515
0.060200 1.141107
0.060400 1.165246
0.060600 1.189938
0.060800 1.215188
0.061000 1.241002
0.061200 1.267383
0.061400 1.294338
0.061600 1.321869
0.061800 1.349980
0.062000 1.378674
0.062200 1.407954
0.062400 1.437822
0.062600 1.468280
0.062800 1.499329
0.063000 1.530969
0.063200 1.563200
0.063400 1.596023
0.063600 1.629435
0.063800 1.663436
0.064000 1.698022
0.064200 1.733191
0.064400 1.768940
0.064600 1.805263
0.064800 1.842157
0.065000 1.879614
0.065200 1.917630
0.065400 1.956197
0.065600 1.995306
0.065800 2.034950
0.066000 2.075119
0.066200 2.115803
0.066400 2.156991
0.066600 2.198672
0.066800 2.240833
0.067000 2.283460
0.067200 2.326541
0.067400 2.370060
0.067600 2.414002
0.067800 2.458350
0.068000 2.503088
0.068200 2.548197
0.068400 2.593660
0.068600 2.639456
0.068800 2.685565
0.069000 2.731968
0.069200 2.778641
0.069400 2.825564
0.069600 2.872712
0.069800 2.920063
0.070000 2.967592
0.070200 3.015274
0.070400 3.063083
0.070600 3.110994
0.070800 3.158980
0.071000 3.207013
0.071200 3.255066
0.071400 3.303110
0.071600 3.351116
0.071800 3.399056
0.072000 3.446900
0.072200 3.494618
0.072400 3.542180
0.072600 3.589554
0.072800 3.636711
0.073000 3.683620
0.073200 3.730248
0.073400 3.776565
0.073600 3.822539
0.073800 3.868139
0.074000 3.913332
0.074200 3.958089
0.074400 4.002377
0.074600 4.046164
0.074800 4.089421
0.075000 4.132114
0.075200 4.174215
0.075400 4.215693
0.075600 4.256516
0.075800 4.296657
0.076000 4.336084
0.076200 4.374770
0.076400 4.412687
0.076600 4.449805
0.076800 4.486099
0.077000 4.521541
0.077200 4.556105
0.077400 4.589768
0.077600 4.622503
0.077800 4.654288
0.078000 4.685099
0.078200 4.714915
0.078400 4.743715
0.078600 4.771478
0.078800 4.798186
0.079000 4.823820
0.079200 4.848363
0.079400 4.871800
0.079600 4.894115
0.079800 4.915294
0.080000 4.935325
0.080200 4.954197
0.080400 4.971897
0.080600 4.988419
0.080800 5.003753
0.081000 5.017893
0.081200 5.030832
0.081400 5.042568
0.081600 5.053096
0.081800 5.062415
0.082000 5.070524
0.082200 5.077423
0.082400 5.083115
0.082600 5.087603
0.082800 5.090890
0.083000 5.092983
0.083200 5.093887
0.083400 5.093612
0.083600 5.092166
0.083800 5.089559
0.084000 5.085803
0.084200 5.080910
0.084400 5.074895
0.084600 5.067771
0.084800 5.059554
0.085000 5.050262
0.085200 5.039911
0.085400 5.028522
0.085600 5.016113
0.085800 5.002706
0.086000 4.988321
0.086200 4.972981
0.086400 4.956709
0.086600 4.939530
0.086800 4.921466
0.087000 4.902545
0.087200 4.882791
0.087400 4.862231
0.087600 4.840893
0.087800 4.818803
0.088000 4.795990
0.088200 4.772482
0.088400 4.748308
0.088600 4.723498
0.088800 4.698080
0.089000 4.672084
0.089200 4.645540
0.089400 4.618478
0.089600 4.590928
0.089800 4.562921
0.090000 4.534486
0.090200 4.505655
0.090400 4.476456
0.090600 4.446921
0.090800 4.417078
0.091000 4.386959
0.091200 4.356592
0.091400 4.326006
0.091600 4.295231
0.091800 4.264295
0.092000 4.233226
0.092200 4.202053
0.092400 4.170803
0.092600 4.139503
0.092800 4.108180
0.093000 4.076858
0.093200 4.045565
0.093400 4.014325
0.093600 3.983162
0.093800 3.952099
0.094000 3.921161
0.094200 3.890369
0.094400 3.859746
0.094600 3.829311
0.094800 3.799087
0.095000 3.769091
0.095200 3.739344
0.095400 3.709863
0.095600 3.680666
0.095800 3.651770
0.096000 3.623190
0.096200 3.594942
0.096400 3.567040
0.096600 3.539498
0.096800 3.512329
0.097000 3.485544
0.097200 3.459155
0.097400 3.433173
0.097600 3.407608
0.097800 3.382468
0.098000 3.357763
0.098200 3.333498
0.098400 3.309683
0.098600 3.286321
0.098800 3.263420
0.099000 3.240984
0.099200 3.219016
0.099400 3.197521
0.099600 3.176501
0.099800 3.155958
0.100000 3.135894
0.100200 3.116309
0.100400 3.097204
0.100600 3.078578
0.100800 3.060431
0.101000 3.042762
0.101200 3.025568
0.101400 3.008847
0.101600 2.992596
0.101800 2.976812
0.102000 2.961491
0.102200 2.946629
0.102400 2.932221
0.102600 2.918262
0.102800 2.904748
0.103000 2.891671
0.103200 2.879027
0.103400 2.866809
0.103600 2.855009
0.103800 2.843623
0.104000 2.832641
0.104200 2.822057
0.104400 2.811864
0.104600 2.802053
0.104800 2.792616
0.105000 2.783546
0.105200 2.774834
0.105400 2.766472
0.105600 2.758451
0.105800 2.750763
0.106000 2.743399
0.106200 2.736349
0.106400 2.729607
0.106600 2.723162
0.106800 2.717006
0.107000 2.711129
0.107200 2.705524
0.107400 2.700181
0.107600 2.695091
0.107800 2.690246
0.108000 2.685636
0.108200 2.681254
0.108400 2.677091
0.108600 2.673137
0.108800 2.669384
0.109000 2.665825
0.109200 2.662451
0.109400 2.659253
0.109600 2.656224
0.109800 2.653356
0.110000 2.650640
0.110200 2.648069
0.110400 2.645636
0.110600 2.643333
0.110800 2.641153
0.111000 2.639089
0.111200 2.637133
0.111400 2.635279
0.111600 2.633521
0.111800 2.631850
0.112000 2.630263
0.112200 2.628751
0.112400 2.627309
0.112600 2.625931
0.112800 2.624611
0.113000 2.623344
0.113200 2.622124
0.113400 2.620946
0.113600 2.619805
0.113800 2.618696
0.114000 2.617614
0.114200 2.616554
0.114400 2.615513
0.114600 2.614485
0.114800 2.613466
0.115000 2.612453
0.115200 2.611442
0.115400 2.610428
0.115600 2.609409
0.115800 2.608380
0.116000 2.607339
0.116200 2.606282
0.116400 2.605207
0.116600 2.604109
0.116800 2.602988
0.117000 2.601839
0.117200 2.600661
0.117400 2.599450
0.117600 2.598206
0.117800 2.596924
0.118000 2.595605
0.118200 2.594245
0.118400 2.592842
0.118600 2.591396
0.118800 2.589904
0.119000 2.588364
0.119200 2.586776
0.119400 2.585138
0.119600 2.583449
0.119800 2.581707
0.120000 2.579912
0.120200 2.578062
0.120400 2.576157
0.120600 2.574196
0.120800 2.572177
0.121000 2.570101
0.121200 2.567966
0.121400 2.565773
0.121600 2.563520
0.121800 2.561207
0.122000 2.558834
0.122200 2.556401
0.122400 2.553906
0.122600 2.551351
0.122800 2.548735
0.123000 2.546057
0.123200 2.543319
0.123400 2.540519
0.123600 2.537658
0.123800 2.534735
0.124000 2.531752
0.124200 2.528708
0.124400 2.525603
0.124600 2.522438
0.124800 2.519213
0.125000 2.515929
0.125200 2.512585
0.125400 2.509181
0.125600 2.505720
0.125800 2.502200
0.126000 2.498622
0.126200 2.494988
0.126400 2.491296
0.126600 2.487548
0.126800 2.483745
0.127000 2.479887
0.127200 2.475974
0.127400 2.472008
0.127600 2.467988
0.127800 2.463917
0.128000 2.459793
0.128200 2.455618
0.128400 2.451393
0.128600 2.447118
0.128800 2.442794
0.129000 2.438422
0.129200 2.434002
0.129400 2.429536
0.129600 2.425024
0.129800 2.420467
0.130000 2.415866
0.130200 2.411221
0.130400 2.406534
0.130600 2.401805
0.130800 2.397035
0.131000 2.392225
0.131200 2.387375
0.131400 2.382487
0.131600 2.377562
0.131800 2.372600
0.132000 2.367602
0.132200 2.362569
0.132400 2.357502
0.132600 2.352402
0.132800 2.347270
0.133000 2.342106
0.133200 2.336912
0.133400 2.331688
0.133600 2.326436
0.133800 2.321156
0.134000 2.315848
0.134200 2.310515
0.134400 2.305157
0.134600 2.299774
0.134800 2.294368
0.135000 2.288940
0.135200 2.283490
0.135400 2.278020
0.135600 2.272530
0.135800 2.267021
0.136000 2.261494
0.136200 2.255949
0.136400 2.250389
0.136600 2.244814
0.136800 2.239224
0.137000 2.233620
0.137200 2.228004
0.137400 2.222376
0.137600 2.216738
0.137800 2.211089
0.138000 2.205431
0.138200 2.199764
0.138400 2.194090
0.138600 2.188410
0.138800 2.182724
0.139000 2.177032
0.139200 2.171337
0.139400 2.165639
0.139600 2.159937
0.139800 2.154235
0.140000 2.148531
0.140200 2.142828
0.140400 2.137125
0.140600 2.131424
0.140800 2.125725
0.141000 2.120029
0.141200 2.114338
0.141400 2.108651
0.141600 2.102969
0.141800 2.097294
0.142000 2.091625
0.142200 2.085965
0.142400 2.080312
0.142600 2.074669
0.142800 2.069036
0.143000 2.063414
0.143200 2.057802
0.143400 2.052203
0.143600 2.046617
0.143800 2.041044
0.144000 2.035484
0.144200 2.029940
0.144400 2.024411
0.144600 2.018898
0.144800 2.013402
0.145000 2.007923
0.145200 2.002462
0.145400 1.997020
0.145600 1.991597
0.145800 1.986193
0.146000 1.980810
0.146200 1.975448
0.146400 1.970107
0.146600 1.964789
0.146800 1.959493
0.147000 1.954220
0.147200 1.948971
0.147400 1.943747
0.147600 1.938547
0.147800 1.933372
0.148000 1.928223
0.148200 1.923101
0.148400 1.918005
0.148600 1.912937
0.148800 1.907896
0.149000 1.902884
0.149200 1.897900
0.149400 1.892945
0.149600 1.888020
0.149800 1.883125
0.150000 1.878260
0.150200 1.873426
0.150400 1.868623
0.150600 1.863851
0.150800 1.859111
0.151000 1.854404
0.151200 1.849729
0.151400 1.845088
0.151600 1.840479
0.151800 1.835905
0.152000 1.831364
0.152200 1.826858
0.152400 1.822386
0.152600 1.817949
0.152800 1.813547
0.153000 1.809181
0.153200 1.804850
0.153400 1.800556
0.153600 1.796297
0.153800 1.792076
0.154000 1.787890
0.154200 1.783742
0.154400 1.779631
0.154600 1.775558
0.154800 1.771521
0.155000 1.767523
0.155200 1.763563
0.155400 1.759640
0.155600 1.755756
0.155800 1.751910
0.156000 1.748103
0.156200 1.744335
0.156400 1.740605
0.156600 1.736915
0.156800 1.733263
0.157000 1.729651
0.157200 1.726078
0.157400 1.722545
0.157600 1.719050
0.157800 1.715596
0.158000 1.712181
0.158200 1.708806
0.158400 1.705470
0.158600 1.702174
0.158800 1.698918
0.159000 1.695702
0.159200 1.692526
0.159400 1.689389
0.159600 1.686293
0.159800 1.683236
0.160000 1.680220
0.160200 1.677243
0.160400 1.674306
0.160600 1.671409
0.160800 1.668552
0.161000 1.665734
0.161200 1.662957
0.161400 1.660219
0.161600 1.657521
0.161800 1.654862
0.162000 1.652243
0.162200 1.649663
0.162400 1.647122
0.162600 1.644621
0.162800 1.642159
0.163000 1.639736
0.163200 1.637353
0.163400 1.635008
0.163600 1.632702
0.163800 1.630434
0.164000 1.628205
0.164200 1.626014
0.164400 1.623862
0.164600 1.621748
0.164800 1.619672
0.165000 1.617634
0.165200 1.615633
0.165400 1.613670
0.165600 1.611744
0.165800 1.609856
0.166000 1.608004
0.166200 1.606190
0.166400 1.604412
0.166600 1.602671
0.166800 1.600966
0.167000 1.599297
0.167200 1.597664
0.167400 1.596067
0.167600 1.594506
0.167800 1.592980
0.168000 1.591489
0.168200 1.590033
0.168400 1.588611
0.168600 1.587225
0.168800 1.585872
0.169000 1.584554
0.169200 1.583269
0.169400 1.582018
0.169600 1.580801
0.169800 1.579616
0.170000 1.578465
0.170200 1.577346
0.170400 1.576260
0.170600 1.575206
0.170800 1.574184
0.171000 1.573194
0.171200 1.572235
0.171400 1.571307
0.171600 1.570411
0.171800 1.569545
0.172000 1.568709
0.172200 1.567904
0.172400 1.567129
0.172600 1.566383
0.172800 1.565667
0.173000 1.564980
0.173200 1.564322
0.173400 1.563692
0.173600 1.563091
0.173800 1.562518
0.174000 1.561973
0.174200 1.561456
0.174400 1.560965
0.174600 1.560502
0.174800 1.560066
0.175000 1.559656
0.175200 1.559272
0.175400 1.558914
0.175600 1.558582
0.175800 1.558275
0.176000 1.557994
0.176200 1.557737
0.176400 1.557504
0.176600 1.557297
0.176800 1.557113
0.177000 1.556952
0.177200 1.556816
0.177400 1.556702
0.177600 1.556612
0.177800 1.556544
0.178000 1.556498
0.178200 1.556475
0.178400 1.556473
0.178600 1.556493
0.178800 1.556534
0.179000 1.556596
0.179200 1.556679
0.179400 1.556782
0.179600 1.556906
0.179800 1.557049
0.180000 1.557212
0.180200 1.557395
0.180400 1.557596
0.180600 1.557817
0.180800 1.558056
0.181000 1.558313
0.181200 1.558588
0.181400 1.558881
0.181600 1.559192
0.181800 1.559520
0.182000 1.559865
0.182200 1.560226
0.182400 1.560604
0.182600 1.560999
0.182800 1.561409
0.183000 1.561835
0.183200 1.562276
0.183400 1.562733
0.183600 1.563204
0.183800 1.563690
0.184000 1.564191
0.184200 1.564706
0.184400 1.565234
0.184600 1.565777
0.184800 1.566333
0.185000 1.566902
0.185200 1.567484
0.185400 1.568079
0.185600 1.568686
0.185800 1.569306
0.186000 1.569937
0.186200 1.570581
0.186400 1.571236
0.186600 1.571902
0.186800 1.572579
0.187000 1.573268
0.187200 1.573967
0.187400 1.574676
0.187600 1.575395
0.187800 1.576125
0.188000 1.576864
0.188200 1.577613
0.188400 1.578371
0.188600 1.579139
0.188800 1.579915
0.189000 1.580700
0.189200 1.581493
0.189400 1.582295
0.189600 1.583105
0.189800 1.583922
0.190000 1.584748
0.190200 1.585580
0.190400 1.586421
0.190600 1.587268
0.190800 1.588122
0.191000 1.588982
0.191200 1.589850
0.191400 1.590723
0.191600 1.591603
0.191800 1.592489
0.192000 1.593380
0.192200 1.594277
0.192400 1.595179
0.192600 1.596087
0.192800 1.596999
0.193000 1.597917
0.193200 1.598839
0.193400 1.599766
0.193600 1.600697
0.193800 1.601632
0.194000 1.602571
0.194200 1.603514
0.194400 1.604461
0.194600 1.605411
0.194800 1.606365
0.195000 1.607322
0.195200 1.608282
0.195400 1.609245
0.195600 1.610210
0.195800 1.611178
0.196000 1.612149
0.196200 1.613122
0.196400 1.614097
0.196600 1.615074
0.196800 1.616053
0.197000 1.617034
0.197200 1.618016
0.197400 1.619000
0.197600 1.619985
0.197800 1.620971
0.198000 1.621958
0.198200 1.622946
0.198400 1.623935
0.198600 1.624925
0.198800 1.625915
0.199000 1.626906
0.199200 1.627897
0.199400 1.628888
0.199600 1.629879
0.199800 1.630870
0.200000 1.631861
0.200200 1.632851
0.200400 1.633841
0.200600 1.634831
0.200800 1.635820
0.201000 1.636808
0.201200 1.637795
0.201400 1.638781
0.201600 1.639767
0.201800 1.640751
0.202000 1.641734
0.202200 1.642715
0.202400 1.643695
0.202600 1.644673
0.202800 1.645650
0.203000 1.646625
0.203200 1.647598
0.203400 1.648569
0.203600 1.649538
0.203800 1.650505
0.204000 1.651470
0.204200 1.652432
0.204400 1.653392
0.204600 1.654350
0.204800 1.655304
0.205000 1.656257
0.205200 1.657206
0.205400 1.658153
0.205600 1.659097
0.205800 1.660037
0.206000 1.660975
0.206200 1.661910
0.206400 1.662841
0.206600 1.663769
0.206800 1.664694
0.207000 1.665615
0.207200 1.666533
0.207400 1.667447
0.207600 1.668358
0.207800 1.669265
0.208000 1.670168
0.208200 1.671067
0.208400 1.671963
0.208600 1.672854
0.208800 1.673741
0.209000 1.674625
0.209200 1.675504
0.209400 1.676379
0.209600 1.677250
0.209800 1.678116
0.210000 1.678978
0.210200 1.679836
0.210400 1.680689
0.210600 1.681537
0.210800 1.682381
0.211000 1.683221
0.211200 1.684055
0.211400 1.684885
0.211600 1.685710
0.211800 1.686530
0.212000 1.687346
0.212200 1.688156
0.212400 1.688962
0.212600 1.689762
0.212800 1.690557
0.213000 1.691347
0.213200 1.692133
0.213400 1.692912
0.213600 1.693687
0.213800 1.694456
0.214000 1.695220
0.214200 1.695979
0.214400 1.696732
0.214600 1.697479
0.214800 1.698222
0.215000 1.698958
0.215200 1.699690
0.215400 1.700415
0.215600 1.701135
0.215800 1.701849
0.216000 1.702558
0.216200 1.703261
0.216400 1.703958
0.216600 1.704649
0.216800 1.705334
0.217000 1.706014
0.217200 1.706688
0.217400 1.707356
0.217600 1.708017
0.217800 1.708673
0.218000 1.709323
0.218200 1.709967
0.218400 1.710605
0.218600 1.711237
0.218800 1.711862
0.219000 1.712482
0.219200 1.713095
0.219400 1.713702
0.219600 1.714303
0.219800 1.714898
0.220000 1.715487
0.220200 1.716069
0.220400 1.716645
0.220600 1.717214
0.220800 1.717778
0.221000 1.718335
0.221200 1.718885
0.221400 1.719429
0.221600 1.719967
0.221800 1.720499
0.222000 1.721024
0.222200 1.721542
0.222400 1.722054
0.222600 1.722560
0.222800 1.723059
0.223000 1.723551
0.223200 1.724037
0.223400 1.724516
0.223600 1.724989
0.223800 1.725455
0.224000 1.725915
0.224200 1.726368
0.224400 1.726815
0.224600 1.727254
0.224800 1.727687
0.225000 1.728114
0.225200 1.728534
0.225400 1.728947
0.225600 1.729353
0.225800 1.729753
0.226000 1.730146
0.226200 1.730532
0.226400 1.730912
0.226600 1.731285
0.226800 1.731651
0.227000 1.732010
0.227200 1.732362
0.227400 1.732708
0.227600 1.733047
0.227800 1.733379
0.228000 1.733705
0.228200 1.734023
0.228400 1.734335
0.228600 1.734640
0.228800 1.734938
0.229000 1.735230
0.229200 1.735514
0.229400 1.735792
0.229600 1.736063
0.229800 1.736327
0.230000 1.736584
0.230200 1.736834
0.230400 1.737078
0.230600 1.737315
0.230800 1.737544
0.231000 1.737767
0.231200 1.737983
0.231400 1.738193
0.231600 1.738395
0.231800 1.738590
0.232000 1.738779
0.232200 1.738961
0.232400 1.739136
0.232600 1.739304
0.232800 1.739465
0.233000 1.739619
0.233200 1.739767
0.233400 1.739908
0.233600 1.740041
0.233800 1.740168
0.234000 1.740288
0.234200 1.740402
0.234400 1.740508
0.234600 1.740607
0.234800 1.740700
0.235000 1.740786
0.235200 1.740865
0.235400 1.740937
0.235600 1.741003
0.235800 1.741061
0.236000 1.741113
0.236200 1.741158
0.236400 1.741196
0.236600 1.741227
0.236800 1.741252
0.237000 1.741269
0.237200 1.741280
0.237400 1.741284
0.237600 1.741282
0.237800 1.741273
0.238000 1.741256
0.238200 1.741234
0.238400 1.741204
0.238600 1.741168
0.238800 1.741125
0.239000 1.741075
0.239200 1.741018
0.239400 1.740955
0.239600 1.740885
0.239800 1.740809
0.240000 1.740726
0.240200 1.740636
0.240400 1.740539
0.240600 1.740436
0.240800 1.740326
0.241000 1.740210
0.241200 1.740087
0.241400 1.739957
0.241600 1.739821
0.241800 1.739678
0.242000 1.739529
0.242200 1.739373
0.242400 1.739211
0.242600 1.739042
0.242800 1.738867
0.243000 1.738685
0.243200 1.738497
0.243400 1.738302
0.243600 1.738100
0.243800 1.737893
0.244000 1.737679
0.244200 1.737458
0.244400 1.737231
0.244600 1.736998
0.244800 1.736759
0.245000 1.736513
0.245200 1.736260
0.245400 1.736002
0.245600 1.735737
0.245800 1.735466
0.246000 1.735189
0.246200 1.734905
0.246400 1.734615
0.246600 1.734319
0.246800 1.734017
0.247000 1.733709
0.247200 1.733394
0.247400 1.733074
0.247600 1.732747
0.247800 1.732414
0.248000 1.732076
0.248200 1.731731
0.248400 1.731380
0.248600 1.731023
0.248800 1.730660
0.249000 1.730292
0.249200 1.729917
0.249400 1.729536
0.249600 1.729150
0.249800 1.728758
0.250000 1.728359
0.250200 1.727955
0.250400 1.727546
0.250600 1.727130
0.250800 1.726709
0.251000 1.726282
0.251200 1.725849
0.251400 1.725411
0.251600 1.724967
0.251800 1.724518
0.252000 1.724062
0.252200 1.723602
0.252400 1.723135
0.252600 1.722664
0.252800 1.722187
0.253000 1.721704
0.253200 1.721216
0.253400 1.720722
0.253600 1.720224
0.253800 1.719719
0.254000 1.719210
0.254200 1.718695
0.254400 1.718175
0.254600 1.717650
0.254800 1.717120
0.255000 1.716584
0.255200 1.716044
0.255400 1.715498
0.255600 1.714947
0.255800 1.714392
0.256000 1.713831
0.256200 1.713265
0.256400 1.712694
0.256600 1.712119
0.256800 1.711539
0.257000 1.710953
0.257200 1.710363
0.257400 1.709769
0.257600 1.709169
0.257800 1.708565
0.258000 1.707957
0.258200 1.707343
0.258400 1.706725
0.258600 1.706103
0.258800 1.705476
0.259000 1.704845
0.259200 1.704209
0.259400 1.703569
0.259600 1.702924
0.259800 1.702275
0.260000 1.701622
0.260200 1.700965
0.260400 1.700304
0.260600 1.699638
0.260800 1.698968
0.261000 1.698295
0.261200 1.697617
0.261400 1.696935
0.261600 1.696250
0.261800 1.695560
0.262000 1.694867
0.262200 1.694170
0.262400 1.693469
0.262600 1.692764
0.262800 1.692056
0.263000 1.691344
0.263200 1.690629
0.263400 1.689910
0.263600 1.689187
0.263800 1.688461
0.264000 1.687732
0.264200 1.687000
0.264400 1.686264
0.264600 1.685525
0.264800 1.684782
0.265000 1.684037
0.265200 1.683288
0.265400 1.682537
0.265600 1.681782
0.265800 1.681025
0.266000 1.680264
0.266200 1.679501
0.266400 1.678735
0.266600 1.677966
0.266800 1.677195
0.267000 1.676421
0.267200 1.675644
0.267400 1.674865
0.267600 1.674083
0.267800 1.673299
0.268000 1.672513
0.268200 1.671724
0.268400 1.670933
0.268600 1.670140
0.268800 1.669345
0.269000 1.668547
0.269200 1.667748
0.269400 1.666946
0.269600 1.666143
0.269800 1.665338
0.270000 1.664531
0.270200 1.663723
0.270400 1.662912
0.270600 1.662100
0.270800 1.661287
0.271000 1.660472
0.271200 1.659656
0.271400 1.658838
0.271600 1.658019
0.271800 1.657199
0.272000 1.656377
0.272200 1.655555
0.272400 1.654731
0.272600 1.653907
0.272800 1.653081
0.273000 1.652255
0.273200 1.651428
0.273400 1.650600
0.273600 1.649772
0.273800 1.648943
0.274000 1.648113
0.274200 1.647283
0.274400 1.646453
0.274600 1.645622
0.274800 1.644791
0.275000 1.643960
0.275200 1.643129
0.275400 1.642297
0.275600 1.641466
0.275800 1.640635
0.276000 1.639804
0.276200 1.638973
0.276400 1.638143
0.276600 1.637313
0.276800 1.636483
0.277000 1.635654
0.277200 1.634826
0.277400 1.633998
0.277600 1.633171
0.277800 1.632345
0.278000 1.631520
0.278200 1.630696
0.278400 1.629873
0.278600 1.629051
0.278800 1.628230
0.279000 1.627410
0.279200 1.626592
0.279400 1.625775
0.279600 1.624960
0.279800 1.624147
0.280000 1.623335
0.280200 1.622524
0.280400 1.621716
0.280600 1.620910
0.280800 1.620105
0.281000 1.619303
0.281200 1.618503
0.281400 1.617705
0.281600 1.616910
0.281800 1.616116
0.282000 1.615326
0.282200 1.614538
0.282400 1.613752
0.282600 1.612970
0.282800 1.612190
0.283000 1.611413
0.283200 1.610639
0.283400 1.609868
0.283600 1.609100
0.283800 1.608336
0.284000 1.607575
0.284200 1.606817
0.284400 1.606063
0.284600 1.605312
0.284800 1.604566
0.285000 1.603823
0.285200 1.603083
0.285400 1.602348
0.285600 1.601617
0.285800 1.600890
0.286000 1.600167
0.286200 1.599448
0.286400 1.598734
0.286600 1.598025
0.286800 1.597319
0.287000 1.596619
0.287200 1.595923
0.287400 1.595233
0.287600 1.594547
0.287800 1.593866
0.288000 1.593190
0.288200 1.592520
0.288400 1.591855
0.288600 1.591195
0.288800 1.590541
0.289000 1.589892
0.289200 1.589249
0.289400 1.588612
0.289600 1.587981
0.289800 1.587356
0.290000 1.586737
0.290200 1.586123
0.290400 1.585517
0.290600 1.584916
0.290800 1.584322
0.291000 1.583735
0.291200 1.583154
0.291400 1.582580
0.291600 1.582013
0.291800 1.581453
0.292000 1.580899
0.292200 1.580353
0.292400 1.579814
0.292600 1.579283
0.292800 1.578759
0.293000 1.578242
0.293200 1.577733
0.293400 1.577232
0.293600 1.576738
0.293800 1.576253
0.294000 1.575775
0.294200 1.575306
0.294400 1.574845
0.294600 1.574392
0.294800 1.573947
0.295000 1.573511
0.295200 1.573084
0.295400 1.572665
0.295600 1.572255
0.295800 1.571854
0.296000 1.571462
0.296200 1.571079
0.296400 1.570705
0.296600 1.570341
0.296800 1.569986
0.297000 1.569640
0.297200 1.569304
0.297400 1.568978
0.297600 1.568662
0.297800 1.568355
0.298000 1.568058
0.298200 1.567772
0.298400 1.567495
0.298600 1.567229
0.298800 1.566974
0.299000 1.566729
0.299200 1.566494
0.299400 1.566270
0.299600 1.566057
0.299800 1.565855
0.300000 1.565664
0.300200 1.565483
0.300400 1.565314
0.300600 1.565157
0.300800 1.565010
0.301000 1.564876
0.301200 1.564752
0.301400 1.564641
0.301600 1.564541
0.301800 1.564453
0.302000 1.564377
0.302200 1.564313
0.302400 1.564261
0.302600 1.564221
0.302800 1.564194
0.303000 1.564179
0.303200 1.564177
0.303400 1.564188
0.303600 1.564211
0.303800 1.564247
0.304000 1.564296
0.304200 1.564357
0.304400 1.564432
0.304600 1.564521
0.304800 1.564622
0.305000 1.564737
0.305200 1.564865
0.305400 1.565007
0.305600 1.565163
0.305800 1.565332
0.306000 1.565516
0.306200 1.565713
0.306400 1.565924
0.306600 1.566149
0.306800 1.566389
0.307000 1.566643
0.307200 1.566911
0.307400 1.567194
0.307600 1.567491
0.307800 1.567803
0.308000 1.568130
0.308200 1.568471
0.308400 1.568827
0.308600 1.569199
0.308800 1.569585
0.309000 1.569987
0.309200 1.570404
0.309400 1.570836
0.309600 1.571284
0.309800 1.571747
0.310000 1.572226
0.310200 1.572720
0.310400 1.573231
0.310600 1.573757
0.310800 1.574298
0.311000 1.574856
0.311200 1.575430
0.311400 1.576020
0.311600 1.576627
0.311800 1.577249
0.312000 1.577888
0.312200 1.578544
0.312400 1.579216
0.312600 1.579904
0.312800 1.580609
0.313000 1.581331
0.313200 1.582070
0.313400 1.582825
0.313600 1.583598
0.313800 1.584387
0.314000 1.585194
0.314200 1.586017
0.314400 1.586858
0.314600 1.587716
0.314800 1.588592
0.315000 1.589485
0.315200 1.590395
0.315400 1.591323
0.315600 1.592268
0.315800 1.593231
0.316000 1.594212
0.316200 1.595210
0.316400 1.596227
0.316600 1.597261
0.316800 1.598313
0.317000 1.599383
0.317200 1.600471
0.317400 1.601577
0.317600 1.602701
0.317800 1.603844
0.318000 1.605004
0.318200 1.606183
0.318400 1.607380
0.318600 1.608596
0.318800 1.609830
0.319000 1.611082
0.319200 1.612353
0.319400 1.613642
0.319600 1.614950
0.319800 1.616277
0.320000 1.617622
0.320200 1.618986
0.320400 1.620368
0.320600 1.621769
0.320800 1.623189
0.321000 1.624628
0.321200 1.626086
0.321400 1.627562
0.321600 1.629058
0.321800 1.630572
0.322000 1.632105
0.322200 1.633657
0.322400 1.635229
0.322600 1.636819
0.322800 1.638428
0.323000 1.640056
0.323200 1.641703
0.323400 1.643369
0.323600 1.645055
0.323800 1.646759
0.324000 1.648483
0.324200 1.650225
0.324400 1.651987
0.324600 1.653768
0.324800 1.655568
0.325000 1.657387
0.325200 1.659225
0.325400 1.661082
0.325600 1.662959
0.325800 1.664854
0.326000 1.666769
0.326200 1.668703
0.326400 1.670656
0.326600 1.672628
0.326800 1.674619
0.327000 1.676629
0.327200 1.678658
0.327400 1.680706
0.327600 1.682774
0.327800 1.684860
0.328000 1.686965
0.328200 1.689089
0.328400 1.691233
0.328600 1.693395
0.328800 1.695576
0.329000 1.697775
0.329200 1.699994
0.329400 1.702231
0.329600 1.704488
0.329800 1.706763
0.330000 1.709056
0.330200 1.711368
0.330400 1.713699
0.330600 1.716049
0.330800 1.718417
0.331000 1.720803
0.331200 1.723208
0.331400 1.725631
0.331600 1.728073
0.331800 1.730533
0.332000 1.733011
0.332200 1.735507
0.332400 1.738022
0.332600 1.740554
0.332800 1.743105
0.333000 1.745673
0.333200 1.748260
0.333400 1.750864
0.333600 1.753485
0.333800 1.756125
0.334000 1.758782
0.334200 1.761457
0.334400 1.764149
0.334600 1.766858
0.334800 1.769585
0.335000 1.772329
0.335200 1.775090
0.335400 1.777868
0.335600 1.780663
0.335800 1.783475
0.336000 1.786303
0.336200 1.789149
0.336400 1.792011
0.336600 1.794889
0.336800 1.797784
0.337000 1.800695
0.337200 1.803622
0.337400 1.806566
0.337600 1.809525
0.337800 1.812500
0.338000 1.815491
0.338200 1.818498
0.338400 1.821520
0.338600 1.824558
0.338800 1.827611
0.339000 1.830679
0.339200 1.833762
0.339400 1.836860
0.339600 1.839973
0.339800 1.843101
0.340000 1.846243
0.340200 1.849400
0.340400 1.852571
0.340600 1.855756
0.340800 1.858955
0.341000 1.862169
0.341200 1.865396
0.341400 1.868636
0.341600 1.871890
0.341800 1.875158
0.342000 1.878438
0.342200 1.881732
0.342400 1.885039
0.342600 1.888358
0.342800 1.891690
0.343000 1.895034
0.343200 1.898391
0.343400 1.901760
0.343600 1.905140
0.343800 1.908533
0.344000 1.911937
0.344200 1.915353
0.344400 1.918780
0.344600 1.922218
0.344800 1.925667
0.345000 1.929127
0.345200 1.932597
0.345400 1.936078
0.345600 1.939569
0.345800 1.943070
0.346000 1.946581
0.346200 1.950102
0.346400 1.953633
0.346600 1.957172
0.346800 1.960721
0.347000 1.964279
0.347200 1.967845
0.347400 1.971421
0.347600 1.975004
0.347800 1.978596
0.348000 1.982195
0.348200 1.985803
0.348400 1.989418
0.348600 1.993040
0.348800 1.996670
0.349000 2.000307
0.349200 2.003950
0.349400 2.007600
0.349600 2.011256
0.349800 2.014918
0.350000 2.018586
0.350200 2.022260
0.350400 2.025940
0.350600 2.029624
0.350800 2.033314
0.351000 2.037008
0.351200 2.040707
0.351400 2.044411
0.351600 2.048118
0.351800 2.051830
0.352000 2.055545
0.352200 2.059263
0.352400 2.062985
0.352600 2.066710
0.352800 2.070437
0.353000 2.074167
0.353200 2.077899
0.353400 2.081634
0.353600 2.085370
0.353800 2.089107
0.354000 2.092846
0.354200 2.096586
0.354400 2.100327
0.354600 2.104068
0.354800 2.107810
0.355000 2.111552
0.355200 2.115294
0.355400 2.119035
0.355600 2.122775
0.355800 2.126515
0.356000 2.130253
0.356200 2.133990
0.356400 2.137725
0.356600 2.141459
0.356800 2.145190
0.357000 2.148918
0.357200 2.152644
0.357400 2.156367
0.357600 2.160087
0.357800 2.163803
0.358000 2.167515
0.358200 2.171224
0.358400 2.174928
0.358600 2.178627
0.358800 2.182322
0.359000 2.186011
0.359200 2.189695
0.359400 2.193374
0.359600 2.197046
0.359800 2.200713
0.360000 2.204373
0.360200 2.208026
0.360400 2.211672
0.360600 2.215311
0.360800 2.218942
0.361000 2.222566
0.361200 2.226181
0.361400 2.229788
0.361600 2.233387
0.361800 2.236976
0.362000 2.240556
0.362200 2.244127
0.362400 2.247688
0.362600 2.251239
0.362800 2.254780
0.363000 2.258310
0.363200 2.261830
0.363400 2.265338
0.363600 2.268834
0.363800 2.272319
0.364000 2.275792
0.364200 2.279253
0.364400 2.282701
0.364600 2.286137
0.364800 2.289559
0.365000 2.292968
0.365200 2.296363
0.365400 2.299745
0.365600 2.303112
0.365800 2.306464
0.366000 2.309802
0.366200 2.313125
0.366400 2.316432
0.366600 2.319724
0.366800 2.323000
0.367000 2.326260
0.367200 2.329503
0.367400 2.332730
0.367600 2.335940
0.367800 2.339132
0.368000 2.342307
0.368200 2.345464
0.368400 2.348602
0.368600 2.351723
0.368800 2.354825
0.369000 2.357907
0.369200 2.360971
0.369400 2.364015
0.369600 2.367039
0.369800 2.370044
0.370000 2.373028
0.370200 2.375991
0.370400 2.378934
0.370600 2.381855
0.370800 2.384755
0.371000 2.387634
0.371200 2.390490
0.371400 2.393325
0.371600 2.396137
0.371800 2.398926
0.372000 2.401692
0.372200 2.404435
0.372400 2.407154
0.372600 2.409850
0.372800 2.412522
0.373000 2.415169
0.373200 2.417792
0.373400 2.420390
0.373600 2.422963
0.373800 2.425511
0.374000 2.428033
0.374200 2.430529
0.374400 2.432999
0.374600 2.435443
0.374800 2.437861
0.375000 2.440251
0.375200 2.442615
0.375400 2.444951
0.375600 2.447260
0.375800 2.449541
0.376000 2.451794
0.376200 2.454019
0.376400 2.456215
0.376600 2.458383
0.376800 2.460521
0.377000 2.462631
0.377200 2.464711
0.377400 2.466761
0.377600 2.468782
0.377800 2.470773
0.378000 2.472733
0.378200 2.474663
0.378400 2.476562
0.378600 2.478430
0.378800 2.480267
0.379000 2.482073
0.379200 2.483847
0.379400 2.485589
0.379600 2.487300
0.379800 2.488978
0.380000 2.490624
0.380200 2.492237
0.380400 2.493818
0.380600 2.495366
0.380800 2.496881
0.381000 2.498362
0.381200 2.499810
0.381400 2.501224
0.381600 2.502605
0.381800 2.503951
0.382000 2.505263
0.382200 2.506541
0.382400 2.507785
0.382600 2.508994
0.382800 2.510168
0.383000 2.511307
0.383200 2.512411
0.383400 2.513480
0.383600 2.514514
0.383800 2.515512
0.384000 2.516474
0.384200 2.517400
0.384400 2.518291
0.384600 2.519146
0.384800 2.519964
0.385000 2.520746
0.385200 2.521492
0.385400 2.522202
0.385600 2.522875
0.385800 2.523511
0.386000 2.524111
0.386200 2.524674
0.386400 2.525199
0.386600 2.525688
0.386800 2.526140
0.387000 2.526555
0.387200 2.526933
0.387400 2.527273
0.387600 2.527576
0.387800 2.527842
0.388000 2.528071
0.388200 2.528262
0.388400 2.528416
0.388600 2.528533
0.388800 2.528612
0.389000 2.528654
0.389200 2.528658
0.389400 2.528625
0.389600 2.528555
0.389800 2.528447
0.390000 2.528303
0.390200 2.528120
0.390400 2.527901
0.390600 2.527645
0.390800 2.527352
0.391000 2.527021
0.391200 2.526654
0.391400 2.526250
0.391600 2.525810
0.391800 2.525333
0.392000 2.524819
0.392200 2.524269
0.392400 2.523684
0.392600 2.523062
0.392800 2.522404
0.393000 2.521711
0.393200 2.520982
0.393400 2.520218
0.393600 2.519419
0.393800 2.518586
0.394000 2.517718
0.394200 2.516815
0.394400 2.515879
0.394600 2.514909
0.394800 2.513905
0.395000 2.512868
0.395200 2.511799
0.395400 2.510697
0.395600 2.509563
0.395800 2.508397
0.396000 2.507200
0.396200 2.505972
0.396400 2.504714
0.396600 2.503425
0.396800 2.502107
0.397000 2.500759
0.397200 2.499383
0.397400 2.497979
0.397600 2.496547
0.397800 2.495088
0.398000 2.493602
0.398200 2.492091
0.398400 2.490554
0.398600 2.488993
0.398800 2.487407
0.399000 2.485798
0.399200 2.484166
0.399400 2.482513
0.399600 2.480838
0.399800 2.479142
0.400000 2.477427
0.400200 2.475693
0.400400 2.473941
0.400600 2.472172
0.400800 2.470386
0.401000 2.468585
0.401200 2.466769
0.401400 2.464940
0.401600 2.463099
0.401800 2.461245
0.402000 2.459382
0.402200 2.457509
0.402400 2.455627
0.402600 2.453739
0.402800 2.451844
0.403000 2.449945
0.403200 2.448042
0.403400 2.446136
0.403600 2.444230
0.403800 2.442324
0.404000 2.440419
0.404200 2.438517
0.404400 2.436620
0.404600 2.434728
0.404800 2.432844
0.405000 2.430968
0.405200 2.429103
0.405400 2.427250
0.405600 2.425410
0.405800 2.423585
0.406000 2.421777
0.406200 2.419988
0.406400 2.418219
0.406600 2.416472
0.406800 2.414749
0.407000 2.413051
0.407200 2.411381
0.407400 2.409741
0.407600 2.408132
0.407800 2.406557
0.408000 2.405017
0.408200 2.403514
0.408400 2.402052
0.408600 2.400631
0.408800 2.399254
0.409000 2.397923
0.409200 2.396640
0.409400 2.395409
0.409600 2.394230
0.409800 2.393106
0.410000 2.392040
0.410200 2.391035
0.410400 2.390091
0.410600 2.389213
0.410800 2.388402
0.411000 2.387661
0.411200 2.386993
0.411400 2.386400
0.411600 2.385884
0.411800 2.385449
0.412000 2.385097
0.412200 2.384831
0.412400 2.384653
0.412600 2.384567
0.412800 2.384575
0.413000 2.384679
0.413200 2.384884
0.413400 2.385190
0.413600 2.385602
0.413800 2.386123
0.414000 2.386754
0.414200 2.387500
0.414400 2.388362
0.414600 2.389344
0.414800 2.390450
0.415000 2.391681
0.415200 2.393041
0.415400 2.394532
0.415600 2.396159
0.415800 2.397923
0.416000 2.399828
0.416200 2.401876
0.416400 2.404072
0.416600 2.406417
0.416800 2.408914
0.417000 2.411567
0.417200 2.414379
0.417400 2.417352
0.417600 2.420490
0.417800 2.423795
0.418000 2.427270
0.418200 2.430918
0.418400 2.434743
0.418600 2.438746
0.418800 2.442930
0.419000 2.447299
0.419200 2.451855
0.419400 2.456600
0.419600 2.461538
0.419800 2.466670
0.420000 2.472001
0.420200 2.477531
0.420400 2.483263
0.420600 2.489201
0.420800 2.495345
0.421000 2.501699
0.421200 2.508265
0.421400 2.515044
0.421600 2.522039
0.421800 2.529253
0.422000 2.536686
0.422200 2.544341
0.422400 2.552219
0.422600 2.560323
0.422800 2.568653
0.423000 2.577212
0.423200 2.586000
0.423400 2.595019
0.423600 2.604271
0.423800 2.613756
0.424000 2.623476
0.424200 2.633431
0.424400 2.643622
0.424600 2.654050
0.424800 2.664715
0.425000 2.675618
0.425200 2.686760
0.425400 2.698139
0.425600 2.709758
0.425800 2.721614
0.426000 2.733709
0.426200 2.746042
0.426400 2.758612
0.426600 2.771419
0.426800 2.784462
0.427000 2.797740
0.427200 2.811252
0.427400 2.824996
0.427600 2.838973
0.427800 2.853179
0.428000 2.867614
0.428200 2.882275
0.428400 2.897161
0.428600 2.912268
0.428800 2.927596
0.429000 2.943142
0.429200 2.958902
0.429400 2.974874
0.429600 2.991056
0.429800 3.007443
0.430000 3.024033
0.430200 3.040822
0.430400 3.057806
0.430600 3.074981
0.430800 3.092344
0.431000 3.109890
0.431200 3.127616
0.431400 3.145515
0.431600 3.163584
0.431800 3.181818
0.432000 3.200211
0.432200 3.218758
0.432400 3.237455
0.432600 3.256294
0.432800 3.275272
0.433000 3.294380
0.433200 3.313615
0.433400 3.332968
0.433600 3.352435
0.433800 3.372007
0.434000 3.391679
0.434200 3.411444
0.434400 3.431293
0.434600 3.451222
0.434800 3.471220
0.435000 3.491283
0.435200 3.511401
0.435400 3.531566
0.435600 3.551772
0.435800 3.572009
0.436000 3.592271
0.436200 3.612547
0.436400 3.632830
0.436600 3.653111
0.436800 3.673382
0.437000 3.693633
0.437200 3.713857
0.437400 3.734043
0.437600 3.754183
0.437800 3.774267
0.438000 3.794286
0.438200 3.814232
0.438400 3.834093
0.438600 3.853862
0.438800 3.873528
0.439000 3.893081
0.439200 3.912513
0.439400 3.931812
0.439600 3.950971
0.439800 3.969978
0.440000 3.988824
0.440200 4.007499
0.440400 4.025993
0.440600 4.044296
0.440800 4.062399
0.441000 4.080291
0.441200 4.097964
0.441400 4.115406
0.441600 4.132608
0.441800 4.149560
0.442000 4.166253
0.442200 4.182677
0.442400 4.198822
0.442600 4.214679
0.442800 4.230238
0.443000 4.245490
0.443200 4.260425
0.443400 4.275034
0.443600 4.289308
0.443800 4.303238
0.444000 4.316815
0.444200 4.330030
0.444400 4.342875
0.444600 4.355340
0.444800 4.367418
0.445000 4.379099
0.445200 4.390377
0.445400 4.401242
0.445600 4.411688
0.445800 4.421706
0.446000 4.431288
0.446200 4.440429
0.446400 4.449119
0.446600 4.457353
0.446800 4.465124
0.447000 4.472425
0.447200 4.479250
0.447400 4.485593
0.447600 4.491447
0.447800 4.496808
0.448000 4.501669
0.448200 4.506026
0.448400 4.509873
0.448600 4.513206
0.448800 4.516020
0.449000 4.518312
0.449200 4.520076
0.449400 4.521310
0.449600 4.522009
0.449800 4.522171
0.450000 4.521792
0.450200 4.520871
0.450400 4.519404
0.450600 4.517389
0.450800 4.514825
0.451000 4.511710
0.451200 4.508042
0.451400 4.503821
0.451600 4.499046
0.451800 4.493715
0.452000 4.487830
0.452200 4.481390
0.452400 4.474396
0.452600 4.466848
0.452800 4.458746
0.453000 4.450093
0.453200 4.440890
0.453400 4.431138
0.453600 4.420840
0.453800 4.409997
0.454000 4.398613
0.454200 4.386690
0.454400 4.374231
0.454600 4.361240
0.454800 4.347720
0.455000 4.333675
0.455200 4.319110
0.455400 4.304029
0.455600 4.288436
0.455800 4.272336
0.456000 4.255735
0.456200 4.238638
0.456400 4.221050
0.456600 4.202977
0.456800 4.184426
0.457000 4.165403
0.457200 4.145914
0.457400 4.125966
0.457600 4.105566
0.457800 4.084721
0.458000 4.063439
0.458200 4.041726
0.458400 4.019591
0.458600 3.997041
0.458800 3.974085
0.459000 3.950730
0.459200 3.926986
0.459400 3.902860
0.459600 3.878362
0.459800 3.853499
0.460000 3.828282
0.460200 3.802719
0.460400 3.776819
0.460600 3.750591
0.460800 3.724046
0.461000 3.697192
0.461200 3.670039
0.461400 3.642597
0.461600 3.614876
0.461800 3.586884
0.462000 3.558633
0.462200 3.530133
0.462400 3.501392
0.462600 3.472421
0.462800 3.443231
0.463000 3.413832
0.463200 3.384232
0.463400 3.354444
0.463600 3.324476
0.463800 3.294340
0.464000 3.264044
0.464200 3.233600
0.464400 3.203017
0.464600 3.172306
0.464800 3.141476
0.465000 3.110538
0.465200 3.079502
0.465400 3.048377
0.465600 3.017173
0.465800 2.985901
0.466000 2.954569
0.466200 2.923189
0.466400 2.891769
0.466600 2.860318
0.466800 2.828847
0.467000 2.797364
0.467200 2.765880
0.467400 2.734402
0.467600 2.702940
0.467800 2.671503
0.468000 2.640100
0.468200 2.608740
0.468400 2.577430
0.468600 2.546180
0.468800 2.514998
0.469000 2.483891
0.469200 2.452868
0.469400 2.421937
0.469600 2.391106
0.469800 2.360381
0.470000 2.329771
0.470200 2.299283
0.470400 2.268924
0.470600 2.238700
0.470800 2.208619
0.471000 2.178688
0.471200 2.148912
0.471400 2.119298
0.471600 2.089852
0.471800 2.060580
0.472000 2.031488
0.472200 2.002582
0.472400 1.973866
0.472600 1.945347
0.472800 1.917029
0.473000 1.888917
0.473200 1.861016
0.473400 1.833330
0.473600 1.805864
0.473800 1.778622
0.474000 1.751608
0.474200 1.724827
0.474400 1.698280
0.474600 1.671973
0.474800 1.645909
0.475000 1.620090
0.475200 1.594519
0.475400 1.569201
0.475600 1.544136
0.475800 1.519328
0.476000 1.494778
0.476200 1.470490
0.476400 1.446465
0.476600 1.422705
0.476800 1.399212
0.477000 1.375987
0.477200 1.353031
0.477400 1.330346
0.477600 1.307933
0.477800 1.285793
0.478000 1.263926
0.478200 1.242334
0.478400 1.221016
0.478600 1.199974
0.478800 1.179206
0.479000 1.158714
0.479200 1.138498
0.479400 1.118557
0.479600 1.098890
0.479800 1.079498
0.480000 1.060381
0.480200 1.041536
0.480400 1.022965
0.480600 1.004665
0.480800 0.986636
0.481000 0.968877
0.481200 0.951386
0.481400 0.934163
0.481600 0.917207
0.481800 0.900514
0.482000 0.884085
0.482200 0.867917
0.482400 0.852010
0.482600 0.836360
0.482800 0.820966
0.483000 0.805827
0.483200 0.790940
0.483400 0.776303
0.483600 0.761915
0.483800 0.747773
0.484000 0.733874
0.484200 0.720217
0.484400 0.706799
0.484600 0.693618
0.484800 0.680671
0.485000 0.667956
0.485200 0.655471
0.485400 0.643212
0.485600 0.631178
0.485800 0.619365
0.486000 0.607771
0.486200 0.596394
0.486400 0.585230
0.486600 0.574278
0.486800 0.563533
0.487000 0.552994
0.487200 0.542657
0.487400 0.532520
0.487600 0.522581
0.487800 0.512835
0.488000 0.503282
0.488200 0.493916
0.488400 0.484737
0.488600 0.475740
0.488800 0.466924
0.489000 0.458285
0.489200 0.449820
0.489400 0.441527
0.489600 0.433403
0.489800 0.425445
0.490000 0.417651
0.490200 0.410017
0.490400 0.402540
0.490600 0.395219
0.490800 0.388050
0.491000 0.381031
0.491200 0.374158
0.491400 0.367430
0.491600 0.360843
0.491800 0.354395
0.492000 0.348084
0.492200 0.341906
0.492400 0.335859
0.492600 0.329941
0.492800 0.324148
0.493000 0.318480
0.493200 0.312932
0.493400 0.307504
0.493600 0.302191
0.493800 0.296993
0.494000 0.291906
0.494200 0.286928
0.494400 0.282057
0.494600 0.277291
0.494800 0.272627
0.495000 0.268063
0.495200 0.263598
0.495400 0.259229
0.495600 0.254953
0.495800 0.250769
0.496000 0.246676
0.496200 0.242669
0.496400 0.238749
0.496600 0.234912
0.496800 0.231158
0.497000 0.227484
0.497200 0.223887
0.497400 0.220368
0.497600 0.216923
0.497800 0.213550
0.498000 0.210250
0.498200 0.207018
0.498400 0.203855
0.498600 0.200758
0.498800 0.197725
0.499000 0.194756
0.499200 0.191849
0.499400 0.189001
0.499600 0.186213
0.499800 0.183481
0.500000 0.180806
0.500200 0.178185
0.500400 0.175618
0.500600 0.173102
0.500800 0.170637
0.501000 0.168221
0.501200 0.165854
0.501400 0.163533
0.501600 0.161258
0.501800 0.159028
0.502000 0.156842
0.502200 0.154698
0.502400 0.152595
0.502600 0.150533
0.502800 0.148510
0.503000 0.146526
0.503200 0.144579
0.503400 0.142668
0.503600 0.140794
0.503800 0.138954
0.504000 0.137147
0.504200 0.135374
0.504400 0.133633
0.504600 0.131923
0.504800 0.130244
0.505000 0.128595
0.505200 0.126975
0.505400 0.125383
0.505600 0.123819
0.505800 0.122282
0.506000 0.120771
0.506200 0.119286
0.506400 0.117827
0.506600 0.116391
0.506800 0.114980
0.507000 0.113591
0.507200 0.112226
0.507400 0.110882
0.507600 0.109561
0.507800 0.108260
0.508000 0.106980
0.508200 0.105721
0.508400 0.104481
0.508600 0.103260
0.508800 0.102058
0.509000 0.100874
0.509200 0.099708
0.509400 0.098560
0.509600 0.097429
0.509800 0.096315
0.510000 0.095217
0.510200 0.094135
0.510400 0.093068
0.510600 0.092017
0.510800 0.090981
0.511000 0.089960
0.511200 0.088953
0.511400 0.087960
0.511600 0.086980
0.511800 0.086014
0.512000 0.085062
0.512200 0.084122
0.512400 0.083195
0.512600 0.082280
0.512800 0.081378
0.513000 0.080487
0.513200 0.079608
0.513400 0.078740
0.513600 0.077884
0.513800 0.077039
0.514000 0.076204
0.514200 0.075380
0.514400 0.074567
0.514600 0.073763
0.514800 0.072970
0.515000 0.072187
0.515200 0.071413
0.515400 0.070649
0.515600 0.069894
0.515800 0.069148
0.516000 0.068411
0.516200 0.067683
0.516400 0.066964
0.516600 0.066254
0.516800 0.065552
0.517000 0.064858
0.517200 0.064172
0.517400 0.063494
0.517600 0.062825
0.517800 0.062163
0.518000 0.061509
0.518200 0.060862
0.518400 0.060223
0.518600 0.059591
0.518800 0.058966
0.519000 0.058349
0.519200 0.057738
0.519400 0.057135
0.519600 0.056538
0.519800 0.055948
0.520000 0.055364
0.520200 0.054788
0.520400 0.054217
0.520600 0.053653
0.520800 0.053095
0.521000 0.052544
0.521200 0.051998
0.521400 0.051459
0.521600 0.050925
0.521800 0.050398
0.522000 0.049876
0.522200 0.049360
0.522400 0.048849
0.522600 0.048345
0.522800 0.047845
0.523000 0.047352
0.523200 0.046863
0.523400 0.046380
0.523600 0.045902
0.523800 0.045429
0.524000 0.044962
0.524200 0.044499
0.524400 0.044042
0.524600 0.043589
0.524800 0.043142
0.525000 0.042699
0.525200 0.042261
0.525400 0.041828
0.525600 0.041399
0.525800 0.040975
0.526000 0.040556
0.526200 0.040141
0.526400 0.039730
0.526600 0.039324
0.526800 0.038923
0.527000 0.038525
0.527200 0.038132
0.527400 0.037743
0.527600 0.037359
0.527800 0.036978
0.528000 0.036601
0.528200 0.036229
0.528400 0.035861
0.528600 0.035496
0.528800 0.035136
0.529000 0.034779
0.529200 0.034426
0.529400 0.034077
0.529600 0.033731
0.529800 0.033390
0.530000 0.033052
0.530200 0.032717
0.530400 0.032387
0.530600 0.032059
0.530800 0.031736
0.531000 0.031415
0.531200 0.031098
0.531400 0.030785
0.531600 0.030475
0.531800 0.030168
0.532000 0.029864
0.532200 0.029564
0.532400 0.029267
0.532600 0.028973
0.532800 0.028683
0.533000 0.028395
0.533200 0.028110
0.533400 0.027829
0.533600 0.027551
0.533800 0.027275
0.534000 0.027003
0.534200 0.026733
0.534400 0.026466
0.534600 0.026202
0.534800 0.025941
0.535000 0.025683
0.535200 0.025428
0.535400 0.025175
0.535600 0.024925
0.535800 0.024677
0.536000 0.024433
0.536200 0.024191
0.536400 0.023951
0.536600 0.023714
0.536800 0.023480
0.537000 0.023248
0.537200 0.023019
0.537400 0.022792
0.537600 0.022567
0.537800 0.022345
0.538000 0.022125
0.538200 0.021908
0.538400 0.021693
0.538600 0.021480
0.538800 0.021270
0.539000 0.021061
0.539200 0.020855
0.539400 0.020651
0.539600 0.020450
0.539800 0.020250
0.540000 0.020053
0.540200 0.019858
0.540400 0.019665
0.540600 0.019473
0.540800 0.019284
0.541000 0.019097
0.541200 0.018912
0.541400 0.018729
0.541600 0.018548
0.541800 0.018369
0.542000 0.018192
0.542200 0.018016
0.542400 0.017843
0.542600 0.017671
0.542800 0.017501
0.543000 0.017333
0.543200 0.017167
0.543400 0.017002
0.543600 0.016840
0.543800 0.016679
0.544000 0.016519
0.544200 0.016362
0.544400 0.016206
0.544600 0.016051
0.544800 0.015899
0.545000 0.015748
0.545200 0.015598
0.545400 0.015450
0.545600 0.015304
0.545800 0.015159
0.546000 0.015016
0.546200 0.014874
0.546400 0.014734
0.546600 0.014595
0.546800 0.014458
0.547000 0.014322
0.547200 0.014187
0.547400 0.014054
0.547600 0.013923
0.547800 0.013793
0.548000 0.013664
0.548200 0.013536
0.548400 0.013410
0.548600 0.013285
0.548800 0.013161
0.549000 0.013039
0.549200 0.012918
0.549400 0.012798
0.549600 0.012680
0.549800 0.012563
0.550000 0.012447
0.550200 0.012332
0.550400 0.012218
0.550600 0.012106
0.550800 0.011994
0.551000 0.011884
0.551200 0.011775
0.551400 0.011667
0.551600 0.011561
0.551800 0.011455
0.552000 0.011350
0.552200 0.011247
0.552400 0.011144
0.552600 0.011043
0.552800 0.010943
0.553000 0.010843
0.553200 0.010745
0.553400 0.010648
0.553600 0.010551
0.553800 0.010456
0.554000 0.010362
0.554200 0.010268
0.554400 0.010176
0.554600 0.010084
0.554800 0.009994
0.555000 0.009904
0.555200 0.009815
0.555400 0.009728
0.555600 0.009641
0.555800 0.009555
0.556000 0.009469
0.556200 0.009385
0.556400 0.009302
0.556600 0.009219
0.556800 0.009137
0.557000 0.009056
0.557200 0.008976
0.557400 0.008896
0.557600 0.008818
0.557800 0.008740
0.558000 0.008663
0.558200 0.008587
0.558400 0.008511
0.558600 0.008436
0.558800 0.008362
0.559000 0.008289
0.559200 0.008217
0.559400 0.008145
0.559600 0.008074
0.559800 0.008003
0.560000 0.007933
0.560200 0.007864
0.560400 0.007796
0.560600 0.007728
0.560800 0.007661
0.561000 0.007595
0.561200 0.007529
0.561400 0.007464
0.561600 0.007399
0.561800 0.007336
0.562000 0.007272
0.562200 0.007210
0.562400 0.007148
0.562600 0.007086
0.562800 0.007025
0.563000 0.006965
0.563200 0.006906
0.563400 0.006846
0.563600 0.006788
0.563800 0.006730
0.564000 0.006673
0.564200 0.006616
0.564400 0.006559
0.564600 0.006504
0.564800 0.006448
0.565000 0.006394
0.565200 0.006339
0.565400 0.006286
0.565600 0.006233
0.565800 0.006180
0.566000 0.006128
0.566200 0.006076
0.566400 0.006025
0.566600 0.005974
0.566800 0.005924
0.567000 0.005874
0.567200 0.005825
0.567400 0.005776
0.567600 0.005727
0.567800 0.005679
0.568000 0.005632
0.568200 0.005585
0.568400 0.005538
0.568600 0.005492
0.568800 0.005446
0.569000 0.005401
0.569200 0.005356
0.569400 0.005311
0.569600 0.005267
0.569800 0.005224
0.570000 0.005180
0.570200 0.005137
0.570400 0.005095
0.570600 0.005053
0.570800 0.005011
0.571000 0.004969
0.571200 0.004928
0.571400 0.004888
0.571600 0.004848
0.571800 0.004808
0.572000 0.004768
0.572200 0.004729
0.572400 0.004690
0.572600 0.004652
0.572800 0.004613
0.573000 0.004576
0.573200 0.004538
0.573400 0.004501
0.573600 0.004464
0.573800 0.004428
0.574000 0.004392
0.574200 0.004356
0.574400 0.004320
0.574600 0.004285
0.574800 0.004250
0.575000 0.004215
0.575200 0.004181
0.575400 0.004147
0.575600 0.004113
0.575800 0.004080
0.576000 0.004047
0.576200 0.004014
0.576400 0.003982
0.576600 0.003949
0.576800 0.003917
0.577000 0.003886
0.577200 0.003854
0.577400 0.003823
0.577600 0.003792
0.577800 0.003762
0.578000 0.003731
0.578200 0.003701
0.578400 0.003671
0.578600 0.003642
0.578800 0.003612
0.579000 0.003583
0.579200 0.003555
0.579400 0.003526
0.579600 0.003498
0.579800 0.003470
0.580000 0.003442
0.580200 0.003414
0.580400 0.003387
0.580600 0.003360
0.580800 0.003333
0.581000 0.003306
0.581200 0.003279
0.581400 0.003253
0.581600 0.003227
0.581800 0.003201
0.582000 0.003176
0.582200 0.003150
0.582400 0.003125
0.582600 0.003100
0.582800 0.003075
0.583000 0.003051
0.583200 0.003027
0.583400 0.003002
0.583600 0.002979
0.583800 0.002955
0.584000 0.002931
0.584200 0.002908
0.584400 0.002885
0.584600 0.002862
0.584800 0.002839
0.585000 0.002816
0.585200 0.002794
0.585400 0.002772
0.585600 0.002750
0.585800 0.002728
0.586000 0.002706
0.586200 0.002685
0.586400 0.002663
0.586600 0.002642
0.586800 0.002621
0.587000 0.002600
0.587200 0.002580
0.587400 0.002559
0.587600 0.002539
0.587800 0.002519
0.588000 0.002499
0.588200 0.002479
0.588400 0.002459
0.588600 0.002440
0.588800 0.002421
0.589000 0.002401
0.589200 0.002382
0.589400 0.002363
0.589600 0.002345
0.589800 0.002326
0.590000 0.002308
0.590200 0.002289
0.590400 0.002271
0.590600 0.002253
0.590800 0.002236
0.591000 0.002218
0.591200 0.002200
0.591400 0.002183
0.591600 0.002166
0.591800 0.002148
0.592000 0.002131
0.592200 0.002115
0.592400 0.002098
0.592600 0.002081
0.592800 0.002065
0.593000 0.002048
0.593200 0.002032
0.593400 0.002016
0.593600 0.002000
0.593800 0.001984
0.594000 0.001969
0.594200 0.001953
0.594400 0.001938
0.594600 0.001922
0.594800 0.001907
0.595000 0.001892
0.595200 0.001877
0.595400 0.001862
0.595600 0.001847
0.595800 0.001833
0.596000 0.001818
0.596200 0.001804
0.596400 0.001790
0.596600 0.001775
0.596800 0.001761
0.597000 0.001747
0.597200 0.001734
0.597400 0.001720
0.597600 0.001706
0.597800 0.001693
0.598000 0.001679
0.598200 0.001666
0.598400 0.001653
0.598600 0.001640
0.598800 0.001627
0.599000 0.001614
0.599200 0.001601
0.599400 0.001588
0.599600 0.001576
0.599800 0.001563
0.600000 0.001551
0.600200 0.001538
0.600400 0.001526
0.600600 0.001514
0.600800 0.001502
0.601000 0.001490
0.601200 0.001478
0.601400 0.001466
0.601600 0.001455
0.601800 0.001443
0.602000 0.001432
0.602200 0.001420
0.602400 0.001409
0.602600 0.001398
0.602800 0.001387
0.603000 0.001376
0.603200 0.001365
0.603400 0.001354
0.603600 0.001343
0.603800 0.001332
0.604000 0.001322
0.604200 0.001311
0.604400 0.001301
0.604600 0.001290
0.604800 0.001280
0.605000 0.001270
0.605200 0.001260
0.605400 0.001250
0.605600 0.001240
0.605800 0.001230
0.606000 0.001220
0.606200 0.001210
0.606400 0.001201
0.606600 0.001191
0.606800 0.001181
0.607000 0.001172
0.607200 0.001163
0.607400 0.001153
0.607600 0.001144
0.607800 0.001135
0.608000 0.001126
0.608200 0.001117
0.608400 0.001108
0.608600 0.001099
0.608800 0.001090
0.609000 0.001081
0.609200 0.001073
0.609400 0.001064
0.609600 0.001056
0.609800 0.001047
0.610000 0.001039
0.610200 0.001030
0.610400 0.001022
0.610600 0.001014
0.610800 0.001006
0.611000 0.000998
0.611200 0.000990
0.611400 0.000982
0.611600 0.000974
0.611800 0.000966
0.612000 0.000958
0.612200 0.000950
0.612400 0.000943
0.612600 0.000935
0.612800 0.000927
0.613000 0.000920
0.613200 0.000913
0.613400 0.000905
0.613600 0.000898
0.613800 0.000891
0.614000 0.000883
0.614200 0.000876
0.614400 0.000869
0.614600 0.000862
0.614800 0.000855
0.615000 0.000848
0.615200 0.000841
0.615400 0.000834
0.615600 0.000828
0.615800 0.000821
0.616000 0.000814
0.616200 0.000808
0.616400 0.000801
0.616600 0.000795
0.616800 0.000788
0.617000 0.000782
0.617200 0.000775
0.617400 0.000769
0.617600 0.000763
0.617800 0.000757
0.618000 0.000750
0.618200 0.000744
0.618400 0.000738
0.618600 0.000732
0.618800 0.000726
0.619000 0.000720
0.619200 0.000714
0.619400 0.000708
0.619600 0.000703
0.619800 0.000697
0.620000 0.000691
0.620200 0.000686
0.620400 0.000680
0.620600 0.000674
0.620800 0.000669
0.621000 0.000663
0.621200 0.000658
0.621400 0.000652
0.621600 0.000647
0.621800 0.000642
0.622000 0.000637
0.622200 0.000631
0.622400 0.000626
0.622600 0.000621
0.622800 0.000616
0.623000 0.000611
0.623200 0.000606
0.623400 0.000601
0.623600 0.000596
0.623800 0.000591
0.624000 0.000586
0.624200 0.000581
0.624400 0.000576
0.624600 0.000572
0.624800 0.000567
0.625000 0.000562
0.625200 0.000557
0.625400 0.000553
0.625600 0.000548
0.625800 0.000544
0.626000 0.000539
0.626200 0.000535
0.626400 0.000530
0.626600 0.000526
0.626800 0.000522
0.627000 0.000517
0.627200 0.000513
0.627400 0.000509
0.627600 0.000504
0.627800 0.000500
0.628000 0.000496
0.628200 0.000492
0.628400 0.000488
0.628600 0.000484
0.628800 0.000480
0.629000 0.000476
0.629200 0.000472
0.629400 0.000468
0.629600 0.000464
0.629800 0.000460
0.630000 0.000456
0.630200 0.000452
0.630400 0.000448
0.630600 0.000445
0.630800 0.000441
0.631000 0.000437
0.631200 0.000434
0.631400 0.000430
0.631600 0.000426
0.631800 0.000423
0.632000 0.000419
0.632200 0.000416
0.632400 0.000412
0.632600 0.000409
0.632800 0.000405
0.633000 0.000402
0.633200 0.000398
0.633400 0.000395
0.633600 0.000392
0.633800 0.000388
0.634000 0.000385
0.634200 0.000382
0.634400 0.000379
0.634600 0.000375
0.634800 0.000372
0.635000 0.000369
0.635200 0.000366
0.635400 0.000363
0.635600 0.000360
0.635800 0.000357
0.636000 0.000354
0.636200 0.000351
0.636400 0.000348
0.636600 0.000345
0.636800 0.000342
0.637000 0.000339
0.637200 0.000336
0.637400 0.000333
0.637600 0.000330
0.637800 0.000328
0.638000 0.000325
0.638200 0.000322
0.638400 0.000319
0.638600 0.000317
0.638800 0.000314
0.639000 0.000311
0.639200 0.000308
0.639400 0.000306
0.639600 0.000303
0.639800 0.000301
0.640000 0.000298
0.640200 0.000296
0.640400 0.000293
0.640600 0.000290
0.640800 0.000288
0.641000 0.000285
0.641200 0.000283
0.641400 0.000281
0.641600 0.000278
0.641800 0.000276
0.642000 0.000273
0.642200 0.000271
0.642400 0.000269
0.642600 0.000266
0.642800 0.000264
0.643000 0.000262
0.643200 0.000260
0.643400 0.000257
0.643600 0.000255
0.643800 0.000253
0.644000 0.000251
0.644200 0.000249
0.644400 0.000246
0.644600 0.000244
0.644800 0.000242
0.645000 0.000240
0.645200 0.000238
0.645400 0.000236
0.645600 0.000234
0.645800 0.000232
0.646000 0.000230
0.646200 0.000228
0.646400 0.000226
0.646600 0.000224
0.646800 0.000222
0.647000 0.000220
0.647200 0.000218
0.647400 0.000216
0.647600 0.000214
0.647800 0.000212
0.648000 0.000211
0.648200 0.000209
0.648400 0.000207
0.648600 0.000205
0.648800 0.000203
0.649000 0.000202
0.649200 0.000200
0.649400 0.000198
0.649600 0.000196
0.649800 0.000195
0.650000 0.000193
0.650200 0.000191
0.650400 0.000189
0.650600 0.000188
0.650800 0.000186
0.651000 0.000185
0.651200 0.000183
0.651400 0.000181
0.651600 0.000180
0.651800 0.000178
0.652000 0.000177
0.652200 0.000175
0.652400 0.000173
0.652600 0.000172
0.652800 0.000170
0.653000 0.000169
0.653200 0.000167
0.653400 0.000166
0.653600 0.000164
0.653800 0.000163
0.654000 0.000162
0.654200 0.000160
0.654400 0.000159
0.654600 0.000157
0.654800 0.000156
0.655000 0.000155
0.655200 0.000153
0.655400 0.000152
0.655600 0.000150
0.655800 0.000149
0.656000 0.000148
0.656200 0.000146
0.656400 0.000145
0.656600 0.000144
0.656800 0.000143
0.657000 0.000141
0.657200 0.000140
0.657400 0.000139
0.657600 0.000138
0.657800 0.000136
0.658000 0.000135
0.658200 0.000134
0.658400 0.000133
0.658600 0.000132
0.658800 0.000130
0.659000 0.000129
0.659200 0.000128
0.659400 0.000127
0.659600 0.000126
0.659800 0.000125
0.660000 0.000123
0.660200 0.000122
0.660400 0.000121
0.660600 0.000120
0.660800 0.000119
0.661000 0.000118
0.661200 0.000117
0.661400 0.000116
0.661600 0.000115
0.661800 0.000114
0.662000 0.000113
0.662200 0.000112
0.662400 0.000111
0.662600 0.000110
0.662800 0.000109
0.663000 0.000108
0.663200 0.000107
0.663400 0.000106
0.663600 0.000105
0.663800 0.000104
0.664000 0.000103
0.664200 0.000102
0.664400 0.000101
0.664600 0.000100
0.664800 0.000099
0.665000 0.000098
0.665200 0.000098
0.665400 0.000097
0.665600 0.000096
0.665800 0.000095
0.666000 0.000094
0.666200 0.000093
0.666400 0.000092
0.666600 0.000091
0.666800 0.000091
0.667000 0.000090
0.667200 0.000089
0.667400 0.000088
0.667600 0.000087
0.667800 0.000087
0.668000 0.000086
0.668200 0.000085
0.668400 0.000084
0.668600 0.000083
0.668800 0.000083
0.669000 0.000082
0.669200 0.000081
0.669400 0.000080
0.669600 0.000080
0.669800 0.000079
0.670000 0.000078
0.670200 0.000078
0.670400 0.000077
0.670600 0.000076
0.670800 0.000075
0.671000 0.000075
0.671200 0.000074
0.671400 0.000073
0.671600 0.000073
0.671800 0.000072
0.672000 0.000071
0.672200 0.000071
0.672400 0.000070
0.672600 0.000069
0.672800 0.000069
0.673000 0.000068
0.673200 0.000067
0.673400 0.000067
0.673600 0.000066
0.673800 0.000066
0.674000 0.000065
0.674200 0.000064
0.674400 0.000064
0.674600 0.000063
0.674800 0.000063
0.675000 0.000062
0.675200 0.000061
0.675400 0.000061
0.675600 0.000060
0.675800 0.000060
0.676000 0.000059
0.676200 0.000059
0.676400 0.000058
0.676600 0.000058
0.676800 0.000057
0.677000 0.000057
0.677200 0.000056
0.677400 0.000055
0.677600 0.000055
0.677800 0.000054
0.678000 0.000054
0.678200 0.000053
0.678400 0.000053
0.678600 0.000052
0.678800 0.000052
0.679000 0.000051
0.679200 0.000051
0.679400 0.000051
0.679600 0.000050
0.679800 0.000050
0.680000 0.000049
0.680200 0.000049
0.680400 0.000048
0.680600 0.000048
0.680800 0.000047
0.681000 0.000047
0.681200 0.000046
0.681400 0.000046
0.681600 0.000046
0.681800 0.000045
0.682000 0.000045
0.682200 0.000044
0.682400 0.000044
0.682600 0.000043
0.682800 0.000043
0.683000 0.000043
0.683200 0.000042
0.683400 0.000042
0.683600 0.000041
0.683800 0.000041
0.684000 0.000041
0.684200 0.000040
0.684400 0.000040
0.684600 0.000040
0.684800 0.000039
0.685000 0.000039
0.685200 0.000038
0.685400 0.000038
0.685600 0.000038
0.685800 0.000037
0.686000 0.000037
0.686200 0.000037
0.686400 0.000036
0.686600 0.000036
0.686800 0.000036
0.687000 0.000035
0.687200 0.000035
0.687400 0.000035
0.687600 0.000034
0.687800 0.000034
0.688000 0.000034
0.688200 0.000033
0.688400 0.000033
0.688600 0.000033
0.688800 0.000032
0.689000 0.000032
0.689200 0.000032
0.689400 0.000031
0.689600 0.000031
0.689800 0.000031
0.690000 0.000031
0.690200 0.000030
0.690400 0.000030
0.690600 0.000030
0.690800 0.000029
0.691000 0.000029
0.691200 0.000029
0.691400 0.000029
0.691600 0.000028
0.691800 0.000028
0.692000 0.000028
0.692200 0.000028
0.692400 0.000027
0.692600 0.000027
0.692800 0.000027
0.693000 0.000027
0.693200 0.000026
0.693400 0.000026
0.693600 0.000026
0.693800 0.000026
0.694000 0.000025
0.694200 0.000025
0.694400 0.000025
0.694600 0.000025
0.694800 0.000024
0.695000 0.000024
0.695200 0.000024
0.695400 0.000024
0.695600 0.000023
0.695800 0.000023
0.696000 0.000023
0.696200 0.000023
0.696400 0.000023
0.696600 0.000022
0.696800 0.000022
0.697000 0.000022
0.697200 0.000022
0.697400 0.000022
0.697600 0.000021
0.697800 0.000021
0.698000 0.000021
0.698200 0.000021
0.698400 0.000021
0.698600 0.000020
0.698800 0.000020
0.699000 0.000020
0.699200 0.000020
0.699400 0.000020
0.699600 0.000019
0.699800 0.000019
0.700000 0.000019
0.700200 0.000019
0.700400 0.000019
0.700600 0.000018
0.700800 0.000018
0.701000 0.000018
0.701200 0.000018
0.701400 0.000018
0.701600 0.000018
0.701800 0.000017
0.702000 0.000017
0.702200 0.000017
0.702400 0.000017
0.702600 0.000017
0.702800 0.000017
0.703000 0.000017
0.703200 0.000016
0.703400 0.000016
0.703600 0.000016
0.703800 0.000016
0.704000 0.000016
0.704200 0.000016
0.704400 0.000015
0.704600 0.000015
0.704800 0.000015
0.705000 0.000015
0.705200 0.000015
0.705400 0.000015
0.705600 0.000015
0.705800 0.000015
0.706000 0.000014
0.706200 0.000014
0.706400 0.000014
0.706600 0.000014
0.706800 0.000014
0.707000 0.000014
0.707200 0.000014
0.707400 0.000013
0.707600 0.000013
0.707800 0.000013
0.708000 0.000013
0.708200 0.000013
0.708400 0.000013
0.708600 0.000013
0.708800 0.000013
0.709000 0.000013
0.709200 0.000012
0.709400 0.000012
0.709600 0.000012
0.709800 0.000012
0.710000 0.000012
0.710200 0.000012
0.710400 0.000012
0.710600 0.000012
0.710800 0.000012
0.711000 0.000011
0.711200 0.000011
0.711400 0.000011
0.711600 0.000011
0.711800 0.000011
0.712000 0.000011
0.712200 0.000011
0.712400 0.000011
0.712600 0.000011
0.712800 0.000011
0.713000 0.000011
0.713200 0.000010
0.713400 0.000010
0.713600 0.000010
0.713800 0.000010
0.714000 0.000010
0.714200 0.000010
0.714400 0.000010
0.714600 0.000010
0.714800 0.000010
0.715000 0.000010
0.715200 0.000010
0.715400 0.000010
0.715600 0.000009
0.715800 0.000009
0.716000 0.000009
0.716200 0.000009
0.716400 0.000009
0.716600 0.000009
0.716800 0.000009
0.717000 0.000009
0.717200 0.000009
0.717400 0.000009
0.717600 0.000009
0.717800 0.000009
0.718000 0.000009
0.718200 0.000009
0.718400 0.000008
0.718600 0.000008
0.718800 0.000008
0.719000 0.000008
0.719200 0.000008
0.719400 0.000008
0.719600 0.000008
0.719800 0.000008
0.720000 0.000008
0.720200 0.000008
0.720400 0.000008
0.720600 0.000008
0.720800 0.000008
0.721000 0.000008
0.721200 0.000008
0.721400 0.000008
0.721600 0.000008
0.721800 0.000007
0.722000 0.000007
0.722200 0.000007
0.722400 0.000007
0.722600 0.000007
0.722800 0.000007
0.723000 0.000007
0.723200 0.000007
0.723400 0.000007
0.723600 0.000007
0.723800 0.000007
0.724000 0.000007
0.724200 0.000007
0.724400 0.000007
0.724600 0.000007
0.724800 0.000007
0.725000 0.000007
0.725200 0.000007
0.725400 0.000007
0.725600 0.000007
0.725800 0.000007
0.726000 0.000007
0.726200 0.000007
0.726400 0.000007
0.726600 0.000007
0.726800 0.000006
0.727000 0.000006
0.727200 0.000006
0.727400 0.000006
0.727600 0.000006
0.727800 0.000006
0.728000 0.000006
0.728200 0.000006
0.728400 0.000006
0.728600 0.000006
0.728800 0.000006
0.729000 0.000006
0.729200 0.000006
0.729400 0.000006
0.729600 0.000006
0.729800 0.000006
0.730000 0.000006
0.730200 0.000006
0.730400 0.000006
0.730600 0.000006
0.730800 0.000006
0.731000 0.000006
0.731200 0.000006
0.731400 0.000006
0.731600 0.000006
0.731800 0.000006
0.732000 0.000006
0.732200 0.000006
0.732400 0.000006
0.732600 0.000006
0.732800 0.000006
0.733000 0.000006
0.733200 0.000006
0.733400 0.000006
0.733600 0.000006
0.733800 0.000006
0.734000 0.000006
0.734200 0.000006
0.734400 0.000006
0.734600 0.000006
0.734800 0.000006
0.735000 0.000006
0.735200 0.000006
0.735400 0.000006
0.735600 0.000006
0.735800 0.000006
0.736000 0.000006
0.736200 0.000006
0.736400 0.000006
0.736600 0.000006
0.736800 0.000006
0.737000 0.000006
0.737200 0.000006
0.737400 0.000006
0.737600 0.000006
0.737800 0.000006
0.738000 0.000006
0.738200 0.000006
0.738400 0.000006
0.738600 0.000006
0.738800 0.000006
0.739000 0.000006
0.739200 0.000006
0.739400 0.000006
0.739600 0.000006
0.739800 0.000006
0.740000 0.000006
0.740200 0.000006
0.740400 0.000006
0.740600 0.000006
0.740800 0.000006
0.741000 0.000006
0.741200 0.000006
0.741400 0.000006
0.741600 0.000006
0.741800 0.000006
0.742000 0.000006
0.742200 0.000006
0.742400 0.000006
0.742600 0.000006
0.742800 0.000006
0.743000 0.000006
0.743200 0.000006
0.743400 0.000006
0.743600 0.000006
0.743800 0.000006
0.744000 0.000006
0.744200 0.000006
0.744400 0.000006
0.744600 0.000006
0.744800 0.000006
0.745000 0.000006
0.745200 0.000006
0.745400 0.000006
0.745600 0.000006
0.745800 0.000006
0.746000 0.000006
0.746200 0.000006
0.746400 0.000007
0.746600 0.000007
0.746800 0.000007
0.747000 0.000007
0.747200 0.000007
0.747400 0.000007
0.747600 0.000007
0.747800 0.000007
0.748000 0.000007
0.748200 0.000007
0.748400 0.000007
0.748600 0.000007
0.748800 0.000007
0.749000 0.000007
0.749200 0.000007
0.749400 0.000007
0.749600 0.000007
0.749800 0.000007
0.750000 0.000007
0.750200 0.000007
0.750400 0.000007
0.750600 0.000007
0.750800 0.000007
0.751000 0.000007
0.751200 0.000007
0.751400 0.000008
0.751600 0.000008
0.751800 0.000008
0.752000 0.000008
0.752200 0.000008
0.752400 0.000008
0.752600 0.000008
0.752800 0.000008
0.753000 0.000008
0.753200 0.000008
0.753400 0.000008
0.753600 0.000008
0.753800 0.000008
0.754000 0.000008
0.754200 0.000008
0.754400 0.000008
0.754600 0.000008
0.754800 0.000009
0.755000 0.000009
0.755200 0.000009
0.755400 0.000009
0.755600 0.000009
0.755800 0.000009
0.756000 0.000009
0.756200 0.000009
0.756400 0.000009
0.756600 0.000009
0.756800 0.000009
0.757000 0.000009
0.757200 0.000009
0.757400 0.000009
0.757600 0.000010
0.757800 0.000010
0.758000 0.000010
0.758200 0.000010
0.758400 0.000010
0.758600 0.000010
0.758800 0.000010
0.759000 0.000010
0.759200 0.000010
0.759400 0.000010
0.759600 0.000010
0.759800 0.000010
0.760000 0.000011
0.760200 0.000011
0.760400 0.000011
0.760600 0.000011
0.760800 0.000011
0.761000 0.000011
0.761200 0.000011
0.761400 0.000011
0.761600 0.000011
0.761800 0.000011
0.762000 0.000011
0.762200 0.000012
0.762400 0.000012
0.762600 0.000012
0.762800 0.000012
0.763000 0.000012
0.763200 0.000012
0.763400 0.000012
0.763600 0.000012
0.763800 0.000012
0.764000 0.000013
0.764200 0.000013
0.764400 0.000013
0.764600 0.000013
0.764800 0.000013
0.765000 0.000013
0.765200 0.000013
0.765400 0.000013
0.765600 0.000013
0.765800 0.000014
0.766000 0.000014
0.766200 0.000014
0.766400 0.000014
0.766600 0.000014
0.766800 0.000014
0.767000 0.000014
0.767200 0.000014
0.767400 0.000015
0.767600 0.000015
0.767800 0.000015
0.768000 0.000015
0.768200 0.000015
0.768400 0.000015
0.768600 0.000015
0.768800 0.000016
0.769000 0.000016
0.769200 0.000016
0.769400 0.000016
0.769600 0.000016
0.769800 0.000016
0.770000 0.000017
0.770200 0.000017
0.770400 0.000017
0.770600 0.000017
0.770800 0.000017
0.771000 0.000017
0.771200 0.000017
0.771400 0.000018
0.771600 0.000018
0.771800 0.000018
0.772000 0.000018
0.772200 0.000018
0.772400 0.000018
0.772600 0.000019
0.772800 0.000019
0.773000 0.000019
0.773200 0.000019
0.773400 0.000019
0.773600 0.000020
0.773800 0.000020
0.774000 0.000020
0.774200 0.000020
0.774400 0.000020
0.774600 0.000020
0.774800 0.000021
0.775000 0.000021
0.775200 0.000021
0.775400 0.000021
0.775600 0.000021
0.775800 0.000022
0.776000 0.000022
0.776200 0.000022
0.776400 0.000022
0.776600 0.000023
0.776800 0.000023
0.777000 0.000023
0.777200 0.000023
0.777400 0.000023
0.777600 0.000024
0.777800 0.000024
0.778000 0.000024
0.778200 0.000024
0.778400 0.000025
0.778600 0.000025
0.778800 0.000025
0.779000 0.000025
0.779200 0.000026
0.779400 0.000026
0.779600 0.000026
0.779800 0.000026
0.780000 0.000026
0.780200 0.000027
0.780400 0.000027
0.780600 0.000027
0.780800 0.000028
0.781000 0.000028
0.781200 0.000028
0.781400 0.000028
0.781600 0.000029
0.781800 0.000029
0.782000 0.000029
0.782200 0.000029
0.782400 0.000030
0.782600 0.000030
0.782800 0.000030
0.783000 0.000031
0.783200 0.000031
0.783400 0.000031
0.783600 0.000031
0.783800 0.000032
0.784000 0.000032
0.784200 0.000032
0.784400 0.000033
0.784600 0.000033
0.784800 0.000033
0.785000 0.000034
0.785200 0.000034
0.785400 0.000034
0.785600 0.000035
0.785800 0.000035
0.786000 0.000035
0.786200 0.000036
0.786400 0.000036
0.786600 0.000036
0.786800 0.000037
0.787000 0.000037
0.787200 0.000037
0.787400 0.000038
0.787600 0.000038
0.787800 0.000038
0.788000 0.000039
0.788200 0.000039
0.788400 0.000039
0.788600 0.000040
0.788800 0.000040
0.789000 0.000041
0.789200 0.000041
0.789400 0.000041
0.789600 0.000042
0.789800 0.000042
0.790000 0.000043
0.790200 0.000043
0.790400 0.000043
0.790600 0.000044
0.790800 0.000044
0.791000 0.000045
0.791200 0.000045
0.791400 0.000045
0.791600 0.000046
0.791800 0.000046
0.792000 0.000047
0.792200 0.000047
0.792400 0.000048
0.792600 0.000048
0.792800 0.000049
0.793000 0.000049
0.793200 0.000050
0.793400 0.000050
0.793600 0.000050
0.793800 0.000051
0.794000 0.000051
0.794200 0.000052
0.794400 0.000052
0.794600 0.000053
0.794800 0.000053
0.795000 0.000054
0.795200 0.000054
0.795400 0.000055
0.795600 0.000055
0.795800 0.000056
0.796000 0.000056
0.796200 0.000057
0.796400 0.000058
0.796600 0.000058
0.796800 0.000059
0.797000 0.000059
0.797200 0.000060
0.797400 0.000060
0.797600 0.000061
0.797800 0.000061
0.798000 0.000062
0.798200 0.000063
0.798400 0.000063
0.798600 0.000064
0.798800 0.000064
0.799000 0.000065
0.799200 0.000066
0.799400 0.000066
0.799600 0.000067
0.799800 0.000067
0.800000 0.000068
0.800200 0.000069
0.800400 0.000069
0.800600 0.000070
0.800800 0.000071
0.801000 0.000071
0.801200 0.000072
0.801400 0.000073
0.801600 0.000073
0.801800 0.000074
0.802000 0.000075
0.802200 0.000075
0.802400 0.000076
0.802600 0.000077
0.802800 0.000077
0.803000 0.000078
0.803200 0.000079
0.803400 0.000080
0.803600 0.000080
0.803800 0.000081
0.804000 0.000082
0.804200 0.000083
0.804400 0.000083
0.804600 0.000084
0.804800 0.000085
0.805000 0.000086
0.805200 0.000086
0.805400 0.000087
0.805600 0.000088
0.805800 0.000089
0.806000 0.000090
0.806200 0.000091
0.806400 0.000091
0.806600 0.000092
0.806800 0.000093
0.807000 0.000094
0.807200 0.000095
0.807400 0.000096
0.807600 0.000097
0.807800 0.000097
0.808000 0.000098
0.808200 0.000099
0.808400 0.000100
0.808600 0.000101
0.808800 0.000102
0.809000 0.000103
0.809200 0.000104
0.809400 0.000105
0.809600 0.000106
0.809800 0.000107
0.810000 0.000108
0.810200 0.000109
0.810400 0.000110
0.810600 0.000111
0.810800 0.000112
0.811000 0.000113
0.811200 0.000114
0.811400 0.000115
0.811600 0.000116
0.811800 0.000117
0.812000 0.000118
0.812200 0.000119
0.812400 0.000120
0.812600 0.000121
0.812800 0.000122
0.813000 0.000123
0.813200 0.000124
0.813400 0.000126
0.813600 0.000127
0.813800 0.000128
0.814000 0.000129
0.814200 0.000130
0.814400 0.000131
0.814600 0.000132
0.814800 0.000134
0.815000 0.000135
0.815200 0.000136
0.815400 0.000137
0.815600 0.000139
0.815800 0.000140
0.816000 0.000141
0.816200 0.000142
0.816400 0.000144
0.816600 0.000145
0.816800 0.000146
0.817000 0.000148
0.817200 0.000149
0.817400 0.000150
0.817600 0.000152
0.817800 0.000153
0.818000 0.000154
0.818200 0.000156
0.818400 0.000157
0.818600 0.000158
0.818800 0.000160
0.819000 0.000161
0.819200 0.000163
0.819400 0.000164
0.819600 0.000166
0.819800 0.000167
0.820000 0.000169
0.820200 0.000170
0.820400 0.000172
0.820600 0.000173
0.820800 0.000175
0.821000 0.000176
0.821200 0.000178
0.821400 0.000179
0.821600 0.000181
0.821800 0.000183
0.822000 0.000184
0.822200 0.000186
0.822400 0.000188
0.822600 0.000189
0.822800 0.000191
0.823000 0.000193
0.823200 0.000194
0.823400 0.000196
0.823600 0.000198
0.823800 0.000199
0.824000 0.000201
0.824200 0.000203
0.824400 0.000205
0.824600 0.000207
0.824800 0.000208
0.825000 0.000210
0.825200 0.000212
0.825400 0.000214
0.825600 0.000216
0.825800 0.000218
0.826000 0.000220
0.826200 0.000222
0.826400 0.000223
0.826600 0.000225
0.826800 0.000227
0.827000 0.000229
0.827200 0.000231
0.827400 0.000233
0.827600 0.000236
0.827800 0.000238
0.828000 0.000240
0.828200 0.000242
0.828400 0.000244
0.828600 0.000246
0.828800 0.000248
0.829000 0.000250
0.829200 0.000252
0.829400 0.000255
0.829600 0.000257
0.829800 0.000259
0.830000 0.000261
0.830200 0.000264
0.830400 0.000266
0.830600 0.000268
0.830800 0.000271
0.831000 0.000273
0.831200 0.000275
0.831400 0.000278
0.831600 0.000280
0.831800 0.000283
0.832000 0.000285
0.832200 0.000287
0.832400 0.000290
0.832600 0.000292
0.832800 0.000295
0.833000 0.000297
0.833200 0.000300
0.833400 0.000303
0.833600 0.000305
0.833800 0.000308
0.834000 0.000311
0.834200 0.000313
0.834400 0.000316
0.834600 0.000319
0.834800 0.000321
0.835000 0.000324
0.835200 0.000327
0.835400 0.000330
0.835600 0.000333
0.835800 0.000335
0.836000 0.000338
0.836200 0.000341
0.836400 0.000344
0.836600 0.000347
0.836800 0.000350
0.837000 0.000353
0.837200 0.000356
0.837400 0.000359
0.837600 0.000362
0.837800 0.000365
0.838000 0.000368
0.838200 0.000371
0.838400 0.000375
0.838600 0.000378
0.838800 0.000381
0.839000 0.000384
0.839200 0.000388
0.839400 0.000391
0.839600 0.000394
0.839800 0.000398
0.840000 0.000401
0.840200 0.000404
0.840400 0.000408
0.840600 0.000411
0.840800 0.000415
0.841000 0.000418
0.841200 0.000422
0.841400 0.000425
0.841600 0.000429
0.841800 0.000432
0.842000 0.000436
0.842200 0.000440
0.842400 0.000444
0.842600 0.000447
0.842800 0.000451
0.843000 0.000455
0.843200 0.000459
0.843400 0.000463
0.843600 0.000466
0.843800 0.000470
0.844000 0.000474
0.844200 0.000478
0.844400 0.000482
0.844600 0.000486
0.844800 0.000490
0.845000 0.000495
0.845200 0.000499
0.845400 0.000503
0.845600 0.000507
0.845800 0.000511
0.846000 0.000516
0.846200 0.000520
0.846400 0.000524
0.846600 0.000529
0.846800 0.000533
0.847000 0.000537
0.847200 0.000542
0.847400 0.000546
0.847600 0.000551
0.847800 0.000556
0.848000 0.000560
0.848200 0.000565
0.848400 0.000570
0.848600 0.000574
0.848800 0.000579
0.849000 0.000584
0.849200 0.000589
0.849400 0.000594
0.849600 0.000598
0.849800 0.000603
0.850000 0.000608
0.850200 0.000613
0.850400 0.000618
0.850600 0.000624
0.850800 0.000629
0.851000 0.000634
0.851200 0.000639
0.851400 0.000644
0.851600 0.000650
0.851800 0.000655
0.852000 0.000660
0.852200 0.000666
0.852400 0.000671
0.852600 0.000677
0.852800 0.000682
0.853000 0.000688
0.853200 0.000694
0.853400 0.000699
0.853600 0.000705
0.853800 0.000711
0.854000 0.000717
0.854200 0.000723
0.854400 0.000728
0.854600 0.000734
0.854800 0.000740
0.855000 0.000746
0.855200 0.000753
0.855400 0.000759
0.855600 0.000765
0.855800 0.000771
0.856000 0.000777
0.856200 0.000784
0.856400 0.000790
0.856600 0.000797
0.856800 0.000803
0.857000 0.000810
0.857200 0.000816
0.857400 0.000823
0.857600 0.000829
0.857800 0.000836
0.858000 0.000843
0.858200 0.000850
0.858400 0.000857
0.858600 0.000864
0.858800 0.000870
0.859000 0.000878
0.859200 0.000885
0.859400 0.000892
0.859600 0.000899
0.859800 0.000906
0.860000 0.000913
0.860200 0.000921
0.860400 0.000928
0.860600 0.000936
0.860800 0.000943
0.861000 0.000951
0.861200 0.000958
0.861400 0.000966
0.861600 0.000974
0.861800 0.000982
0.862000 0.000990
0.862200 0.000997
0.862400 0.001005
0.862600 0.001014
0.862800 0.001022
0.863000 0.001030
0.863200 0.001038
0.863400 0.001046
0.863600 0.001055
0.863800 0.001063
0.864000 0.001072
0.864200 0.001080
0.864400 0.001089
0.864600 0.001097
0.864800 0.001106
0.865000 0.001115
0.865200 0.001124
0.865400 0.001133
0.865600 0.001142
0.865800 0.001151
0.866000 0.001160
0.866200 0.001169
0.866400 0.001178
0.866600 0.001188
0.866800 0.001197
0.867000 0.001206
0.867200 0.001216
0.867400 0.001226
0.867600 0.001235
0.867800 0.001245
0.868000 0.001255
0.868200 0.001265
0.868400 0.001275
0.868600 0.001285
0.868800 0.001295
0.869000 0.001305
0.869200 0.001315
0.869400 0.001326
0.869600 0.001336
0.869800 0.001346
0.870000 0.001357
0.870200 0.001368
0.870400 0.001378
0.870600 0.001389
0.870800 0.001400
0.871000 0.001411
0.871200 0.001422
0.871400 0.001433
0.871600 0.001444
0.871800 0.001456
0.872000 0.001467
0.872200 0.001478
0.872400 0.001490
0.872600 0.001502
0.872800 0.001513
0.873000 0.001525
0.873200 0.001537
0.873400 0.001549
0.873600 0.001561
0.873800 0.001573
0.874000 0.001585
0.874200 0.001597
0.874400 0.001610
0.874600 0.001622
0.874800 0.001635
0.875000 0.001647
0.875200 0.001660
0.875400 0.001673
0.875600 0.001686
0.875800 0.001699
0.876000 0.001712
0.876200 0.001725
0.876400 0.001739
0.876600 0.001752
0.876800 0.001765
0.877000 0.001779
0.877200 0.001793
0.877400 0.001806
0.877600 0.001820
0.877800 0.001834
0.878000 0.001848
0.878200 0.001863
0.878400 0.001877
0.878600 0.001891
0.878800 0.001906
0.879000 0.001920
0.879200 0.001935
0.879400 0.001950
0.879600 0.001965
0.879800 0.001980
0.880000 0.001995
0.880200 0.002010
0.880400 0.002025
0.880600 0.002041
0.880800 0.002056
0.881000 0.002072
0.881200 0.002088
0.881400 0.002103
0.881600 0.002119
0.881800 0.002135
0.882000 0.002152
0.882200 0.002168
0.882400 0.002184
0.882600 0.002201
0.882800 0.002218
0.883000 0.002234
0.883200 0.002251
0.883400 0.002268
0.883600 0.002285
0.883800 0.002303
0.884000 0.002320
0.884200 0.002337
0.884400 0.002355
0.884600 0.002373
0.884800 0.002391
0.885000 0.002409
0.885200 0.002427
0.885400 0.002445
0.885600 0.002463
0.885800 0.002482
0.886000 0.002500
0.886200 0.002519
0.886400 0.002538
0.886600 0.002557
0.886800 0.002576
0.887000 0.002595
0.887200 0.002615
0.887400 0.002634
0.887600 0.002654
0.887800 0.002674
0.888000 0.002694
0.888200 0.002714
0.888400 0.002734
0.888600 0.002754
0.888800 0.002775
0.889000 0.002795
0.889200 0.002816
0.889400 0.002837
0.889600 0.002858
0.889800 0.002879
0.890000 0.002901
0.890200 0.002922
0.890400 0.002944
0.890600 0.002966
0.890800 0.002988
0.891000 0.003010
0.891200 0.003032
0.891400 0.003054
0.891600 0.003077
0.891800 0.003100
0.892000 0.003122
0.892200 0.003145
0.892400 0.003169
0.892600 0.003192
0.892800 0.003215
0.893000 0.003239
0.893200 0.003263
0.893400 0.003287
0.893600 0.003311
0.893800 0.003335
0.894000 0.003359
0.894200 0.003384
0.894400 0.003409
0.894600 0.003434
0.894800 0.003459
0.895000 0.003484
0.895200 0.003510
0.895400 0.003535
0.895600 0.003561
0.895800 0.003587
0.896000 0.003613
0.896200 0.003639
0.896400 0.003666
0.896600 0.003692
0.896800 0.003719
0.897000 0.003746
0.897200 0.003774
0.897400 0.003801
0.897600 0.003828
0.897800 0.003856
0.898000 0.003884
0.898200 0.003912
0.898400 0.003941
0.898600 0.003969
0.898800 0.003998
0.899000 0.004027
0.899200 0.004056
0.899400 0.004085
0.899600 0.004114
0.899800 0.004144
0.900000 0.004174
0.900200 0.004204
0.900400 0.004234
0.900600 0.004264
0.900800 0.004295
0.901000 0.004326
0.901200 0.004357
0.901400 0.004388
0.901600 0.004420
0.901800 0.004451
0.902000 0.004483
0.902200 0.004515
0.902400 0.004547
0.902600 0.004580
0.902800 0.004613
0.903000 0.004645
0.903200 0.004679
0.903400 0.004712
0.903600 0.004745
0.903800 0.004779
0.904000 0.004813
0.904200 0.004847
0.904400 0.004882
0.904600 0.004917
0.904800 0.004951
0.905000 0.004987
0.905200 0.005022
0.905400 0.005057
0.905600 0.005093
0.905800 0.005129
0.906000 0.005166
0.906200 0.005202
0.906400 0.005239
0.906600 0.005276
0.906800 0.005313
0.907000 0.005350
0.907200 0.005388
0.907400 0.005426
0.907600 0.005464
0.907800 0.005503
0.908000 0.005541
0.908200 0.005580
0.908400 0.005619
0.908600 0.005659
0.908800 0.005698
0.909000 0.005738
0.909200 0.005779
0.909400 0.005819
0.909600 0.005860
0.909800 0.005901
0.910000 0.005942
0.910200 0.005983
0.910400 0.006025
0.910600 0.006067
0.910800 0.006109
0.911000 0.006152
0.911200 0.006195
0.911400 0.006238
0.911600 0.006281
0.911800 0.006325
0.912000 0.006369
0.912200 0.006413
0.912400 0.006457
0.912600 0.006502
0.912800 0.006547
0.913000 0.006592
0.913200 0.006638
0.913400 0.006684
0.913600 0.006730
0.913800 0.006776
0.914000 0.006823
0.914200 0.006870
0.914400 0.006917
0.914600 0.006965
0.914800 0.007013
0.915000 0.007061
0.915200 0.007110
0.915400 0.007159
0.915600 0.007208
0.915800 0.007257
0.916000 0.007307
0.916200 0.007357
0.916400 0.007407
0.916600 0.007458
0.916800 0.007509
0.917000 0.007560
0.917200 0.007612
0.917400 0.007664
0.917600 0.007716
0.917800 0.007769
0.918000 0.007822
0.918200 0.007875
0.918400 0.007928
0.918600 0.007982
0.918800 0.008037
0.919000 0.008091
0.919200 0.008146
0.919400 0.008201
0.919600 0.008257
0.919800 0.008313
0.920000 0.008369
0.920200 0.008426
0.920400 0.008483
0.920600 0.008540
0.920800 0.008598
0.921000 0.008656
0.921200 0.008714
0.921400 0.008773
0.921600 0.008832
0.921800 0.008891
0.922000 0.008951
0.922200 0.009011
0.922400 0.009072
0.922600 0.009133
0.922800 0.009194
0.923000 0.009256
0.923200 0.009318
0.923400 0.009380
0.923600 0.009443
0.923800 0.009506
0.924000 0.009570
0.924200 0.009633
0.924400 0.009698
0.924600 0.009762
0.924800 0.009827
0.925000 0.009893
0.925200 0.009959
0.925400 0.010025
0.925600 0.010092
0.925800 0.010159
0.926000 0.010226
0.926200 0.010294
0.926400 0.010362
0.926600 0.010431
0.926800 0.010500
0.927000 0.010570
0.927200 0.010640
0.927400 0.010710
0.927600 0.010781
0.927800 0.010852
0.928000 0.010923
0.928200 0.010995
0.928400 0.011068
0.928600 0.011141
0.928800 0.011214
0.929000 0.011288
0.929200 0.011362
0.929400 0.011437
0.929600 0.011512
0.929800 0.011587
0.930000 0.011663
0.930200 0.011740
0.930400 0.011816
0.930600 0.011894
0.930800 0.011971
0.931000 0.012050
0.931200 0.012128
0.931400 0.012207
0.931600 0.012287
0.931800 0.012367
0.932000 0.012448
0.932200 0.012529
0.932400 0.012610
0.932600 0.012692
0.932800 0.012775
0.933000 0.012857
0.933200 0.012941
0.933400 0.013025
0.933600 0.013109
0.933800 0.013194
0.934000 0.013279
0.934200 0.013365
0.934400 0.013451
0.934600 0.013538
0.934800 0.013626
0.935000 0.013714
0.935200 0.013802
0.935400 0.013891
0.935600 0.013980
0.935800 0.014070
0.936000 0.014160
0.936200 0.014251
0.936400 0.014343
0.936600 0.014435
0.936800 0.014527
0.937000 0.014620
0.937200 0.014714
0.937400 0.014808
0.937600 0.014903
0.937800 0.014998
0.938000 0.015094
0.938200 0.015190
0.938400 0.015287
0.938600 0.015384
0.938800 0.015482
0.939000 0.015581
0.939200 0.015680
0.939400 0.015779
0.939600 0.015879
0.939800 0.015980
0.940000 0.016081
0.940200 0.016183
0.940400 0.016286
0.940600 0.016389
0.940800 0.016493
0.941000 0.016597
0.941200 0.016702
0.941400 0.016807
0.941600 0.016913
0.941800 0.017019
0.942000 0.017127
0.942200 0.017234
0.942400 0.017343
0.942600 0.017452
0.942800 0.017561
0.943000 0.017672
0.943200 0.017782
0.943400 0.017894
0.943600 0.018006
0.943800 0.018119
0.944000 0.018232
0.944200 0.018346
0.944400 0.018461
0.944600 0.018576
0.944800 0.018692
0.945000 0.018808
0.945200 0.018925
0.945400 0.019043
0.945600 0.019162
0.945800 0.019281
0.946000 0.019400
0.946200 0.019521
0.946400 0.019642
0.946600 0.019764
0.946800 0.019886
0.947000 0.020009
0.947200 0.020133
0.947400 0.020257
0.947600 0.020383
0.947800 0.020508
0.948000 0.020635
0.948200 0.020762
0.948400 0.020890
0.948600 0.021019
0.948800 0.021148
0.949000 0.021278
0.949200 0.021409
0.949400 0.021540
0.949600 0.021672
0.949800 0.021805
0.950000 0.021939
0.950200 0.022073
0.950400 0.022208
0.950600 0.022344
0.950800 0.022480
0.951000 0.022617
0.951200 0.022755
0.951400 0.022894
0.951600 0.023034
0.951800 0.023174
0.952000 0.023315
0.952200 0.023456
0.952400 0.023599
0.952600 0.023742
0.952800 0.023886
0.953000 0.024031
0.953200 0.024177
0.953400 0.024323
0.953600 0.024470
0.953800 0.024618
0.954000 0.024767
0.954200 0.024916
0.954400 0.025066
0.954600 0.025218
0.954800 0.025369
0.955000 0.025522
0.955200 0.025676
0.955400 0.025830
0.955600 0.025985
0.955800 0.026141
0.956000 0.026298
0.956200 0.026455
0.956400 0.026614
0.956600 0.026773
0.956800 0.026933
0.957000 0.027094
0.957200 0.027256
0.957400 0.027419
0.957600 0.027582
0.957800 0.027747
0.958000 0.027912
0.958200 0.028078
0.958400 0.028245
0.958600 0.028413
0.958800 0.028581
0.959000 0.028751
0.959200 0.028921
0.959400 0.029093
0.959600 0.029265
0.959800 0.029438
0.960000 0.029612
0.960200 0.029787
0.960400 0.029963
0.960600 0.030140
0.960800 0.030317
0.961000 0.030496
0.961200 0.030675
0.961400 0.030856
0.961600 0.031037
0.961800 0.031220
0.962000 0.031403
0.962200 0.031587
0.962400 0.031772
0.962600 0.031958
0.962800 0.032145
0.963000 0.032333
0.963200 0.032522
0.963400 0.032712
0.963600 0.032903
0.963800 0.033095
0.964000 0.033288
0.964200 0.033481
0.964400 0.033676
0.964600 0.033872
0.964800 0.034069
0.965000 0.034267
0.965200 0.034465
0.965400 0.034665
0.965600 0.034866
0.965800 0.035068
0.966000 0.035271
0.966200 0.035475
0.966400 0.035679
0.966600 0.035885
0.966800 0.036092
0.967000 0.036300
0.967200 0.036509
0.967400 0.036719
0.967600 0.036931
0.967800 0.037143
0.968000 0.037356
0.968200 0.037570
0.968400 0.037786
0.968600 0.038002
0.968800 0.038220
0.969000 0.038439
0.969200 0.038658
0.969400 0.038879
0.969600 0.039101
0.969800 0.039324
0.970000 0.039548
0.970200 0.039773
0.970400 0.040000
0.970600 0.040227
0.970800 0.040456
0.971000 0.040686
0.971200 0.040916
0.971400 0.041148
0.971600 0.041382
0.971800 0.041616
0.972000 0.041851
0.972200 0.042088
0.972400 0.042326
0.972600 0.042565
0.972800 0.042805
0.973000 0.043046
0.973200 0.043289
0.973400 0.043532
0.973600 0.043777
0.973800 0.044023
0.974000 0.044270
0.974200 0.044519
0.974400 0.044768
0.974600 0.045019
0.974800 0.045271
0.975000 0.045525
0.975200 0.045779
0.975400 0.046035
0.975600 0.046292
0.975800 0.046550
0.976000 0.046810
0.976200 0.047070
0.976400 0.047332
0.976600 0.047596
0.976800 0.047860
0.977000 0.048126
0.977200 0.048393
0.977400 0.048662
0.977600 0.048931
0.977800 0.049202
0.978000 0.049474
0.978200 0.049748
0.978400 0.050023
0.978600 0.050299
0.978800 0.050577
0.979000 0.050855
0.979200 0.051136
0.979400 0.051417
0.979600 0.051700
0.979800 0.051984
0.980000 0.052270
0.980200 0.052557
0.980400 0.052845
0.980600 0.053135
0.980800 0.053426
0.981000 0.053718
0.981200 0.054012
0.981400 0.054307
0.981600 0.054604
0.981800 0.054902
0.982000 0.055201
0.982200 0.055502
0.982400 0.055804
0.982600 0.056108
0.982800 0.056413
0.983000 0.056720
0.983200 0.057028
0.983400 0.057337
0.983600 0.057648
0.983800 0.057961
0.984000 0.058275
0.984200 0.058590
0.984400 0.058907
0.984600 0.059225
0.984800 0.059545
0.985000 0.059866
0.985200 0.060189
0.985400 0.060513
0.985600 0.060839
0.985800 0.061167
0.986000 0.061496
0.986200 0.061826
0.986400 0.062158
0.986600 0.062492
0.986800 0.062827
0.987000 0.063164
0.987200 0.063502
0.987400 0.063842
0.987600 0.064183
0.987800 0.064526
0.988000 0.064871
0.988200 0.065217
0.988400 0.065565
0.988600 0.065915
0.988800 0.066266
0.989000 0.066619
0.989200 0.066973
0.989400 0.067330
0.989600 0.067687
0.989800 0.068047
0.990000 0.068408
0.990200 0.068771
0.990400 0.069136
0.990600 0.069502
0.990800 0.069870
0.991000 0.070240
0.991200 0.070611
0.991400 0.070984
0.991600 0.071359
0.991800 0.071736
0.992000 0.072114
0.992200 0.072495
0.992400 0.072877
0.992600 0.073260
0.992800 0.073646
0.993000 0.074033
0.993200 0.074423
0.993400 0.074814
0.993600 0.075207
0.993800 0.075602
0.994000 0.075998
0.994200 0.076397
0.994400 0.076797
0.994600 0.077199
0.994800 0.077604
0.995000 0.078010
0.995200 0.078418
0.995400 0.078828
0.995600 0.079240
0.995800 0.079654
0.996000 0.080070
0.996200 0.080487
0.996400 0.080907
0.996600 0.081329
0.996800 0.081753
0.997000 0.082179
0.997200 0.082607
0.997400 0.083037
0.997600 0.083469
0.997800 0.083903
0.998000 0.084339
0.998200 0.084777
0.998400 0.085218
0.998600 0.085660
0.998800 0.086105
0.999000 0.086552
0.999200 0.087001
0.999400 0.087452
0.999600 0.087906
0.999800 0.088361
