0.000000 2.179275
0.000200 2.170506
0.000400 2.161728
0.000600 2.152939
0.000800 2.144141
0.001000 2.135334
0.001200 2.126518
0.001400 2.117694
0.001600 2.108862
0.001800 2.100022
0.002000 2.091175
0.002200 2.082322
0.002400 2.073462
0.002600 2.064597
0.002800 2.055726
0.003000 2.046850
0.003200 2.037969
0.003400 2.029084
0.003600 2.020195
0.003800 2.011303
0.004000 2.002407
0.004200 1.993509
0.004400 1.984608
0.004600 1.975706
0.004800 1.966802
0.005000 1.957896
0.005200 1.948990
0.005400 1.940083
0.005600 1.931177
0.005800 1.922270
0.006000 1.913364
0.006200 1.904460
0.006400 1.895557
0.006600 1.886655
0.006800 1.877756
0.007000 1.868860
0.007200 1.859966
0.007400 1.851075
0.007600 1.842189
0.007800 1.833306
0.008000 1.824428
0.008200 1.815554
0.008400 1.806685
0.008600 1.797822
0.008800 1.788965
0.009000 1.780113
0.009200 1.771269
0.009400 1.762431
0.009600 1.753600
0.009800 1.744777
0.010000 1.735961
0.010200 1.727154
0.010400 1.718355
0.010600 1.709565
0.010800 1.700784
0.011000 1.692013
0.011200 1.683252
0.011400 1.674501
0.011600 1.665760
0.011800 1.657030
0.012000 1.648311
0.012200 1.639604
0.012400 1.630908
0.012600 1.622224
0.012800 1.613553
0.013000 1.604895
0.013200 1.596249
0.013400 1.587617
0.013600 1.578998
0.013800 1.570393
0.014000 1.561802
0.014200 1.553226
0.014400 1.544664
0.014600 1.536118
0.014800 1.527587
0.015000 1.519071
0.015200 1.510571
0.015400 1.502088
0.015600 1.493621
0.015800 1.485170
0.016000 1.476737
0.016200 1.468320
0.016400 1.459921
0.016600 1.451540
0.016800 1.443177
0.017000 1.434833
0.017200 1.426506
0.017400 1.418199
0.017600 1.409910
0.017800 1.401641
0.018000 1.393391
0.018200 1.385161
0.018400 1.376951
0.018600 1.368761
0.018800 1.360592
0.019000 1.352443
0.019200 1.344316
0.019400 1.336209
0.019600 1.328124
0.019800 1.320060
0.020000 1.312018
0.020200 1.303998
0.020400 1.296000
0.020600 1.288025
0.020800 1.280072
0.021000 1.272142
0.021200 1.264235
0.021400 1.256351
0.021600 1.248491
0.021800 1.240654
0.022000 1.232841
0.022200 1.225053
0.022400 1.217288
0.022600 1.209547
0.022800 1.201831
0.023000 1.194140
0.023200 1.186474
0.023400 1.178832
0.023600 1.171216
0.023800 1.163625
0.024000 1.156060
0.024200 1.148520
0.024400 1.141006
0.024600 1.133518
0.024800 1.126057
0.025000 1.118621
0.025200 1.111212
0.025400 1.103830
0.025600 1.096474
0.025800 1.089145
0.026000 1.081843
0.026200 1.074568
0.026400 1.067321
0.026600 1.060101
0.026800 1.052908
0.027000 1.045743
0.027200 1.038605
0.027400 1.031496
0.027600 1.024414
0.027800 1.017361
0.028000 1.010335
0.028200 1.003338
0.028400 0.996370
0.028600 0.989430
0.028800 0.982518
0.029000 0.975635
0.029200 0.968781
0.029400 0.961955
0.029600 0.955159
0.029800 0.948391
0.030000 0.941653
0.030200 0.934944
0.030400 0.928264
0.030600 0.921614
0.030800 0.914993
0.031000 0.908401
0.031200 0.901839
0.031400 0.895306
0.031600 0.888804
0.031800 0.882331
0.032000 0.875887
0.032200 0.869474
0.032400 0.863090
0.032600 0.856737
0.032800 0.850413
0.033000 0.844119
0.033200 0.837856
0.033400 0.831622
0.033600 0.825419
0.033800 0.819246
0.034000 0.813103
0.034200 0.806991
0.034400 0.800909
0.034600 0.794857
0.034800 0.788835
0.035000 0.782844
0.035200 0.776883
0.035400 0.770953
0.035600 0.765053
0.035800 0.759183
0.036000 0.753344
0.036200 0.747535
0.036400 0.741757
0.036600 0.736009
0.036800 0.730292
0.037000 0.724605
0.037200 0.718949
0.037400 0.713323
0.037600 0.707728
0.037800 0.702163
0.038000 0.696628
0.038200 0.691124
0.038400 0.685651
0.038600 0.680207
0.038800 0.674795
0.039000 0.669412
0.039200 0.664060
0.039400 0.658739
0.039600 0.653447
0.039800 0.648186
0.040000 0.642955
0.040200 0.637755
0.040400 0.632584
0.040600 0.627444
0.040800 0.622334
0.041000 0.617254
0.041200 0.612204
0.041400 0.607184
0.041600 0.602194
0.041800 0.597234
0.042000 0.592304
0.042200 0.587404
0.042400 0.582534
0.042600 0.577693
0.042800 0.572882
0.043000 0.568101
0.043200 0.563349
0.043400 0.558627
0.043600 0.553934
0.043800 0.549271
0.044000 0.544637
0.044200 0.540033
0.044400 0.535457
0.044600 0.530911
0.044800 0.526394
0.045000 0.521906
0.045200 0.517448
0.045400 0.513017
0.045600 0.508616
0.045800 0.504244
0.046000 0.499900
0.046200 0.495585
0.046400 0.491299
0.046600 0.487041
0.046800 0.482811
0.047000 0.478610
0.047200 0.474437
0.047400 0.470292
0.047600 0.466175
0.047800 0.462086
0.048000 0.458025
0.048200 0.453992
0.048400 0.449987
0.048600 0.446009
0.048800 0.442059
0.049000 0.438136
0.049200 0.434241
0.049400 0.430373
0.049600 0.426532
0.049800 0.422718
0.050000 0.418931
0.050200 0.415172
0.050400 0.411439
0.050600 0.407733
0.050800 0.404053
0.051000 0.400400
0.051200 0.396773
0.051400 0.393173
0.051600 0.389599
0.051800 0.386051
0.052000 0.382529
0.052200 0.379033
0.052400 0.375563
0.052600 0.372118
0.052800 0.368699
0.053000 0.365306
0.053200 0.361938
0.053400 0.358595
0.053600 0.355278
0.053800 0.351986
0.054000 0.348718
0.054200 0.345475
0.054400 0.342258
0.054600 0.339064
0.054800 0.335896
0.055000 0.332751
0.055200 0.329631
0.055400 0.326536
0.055600 0.323464
0.055800 0.320416
0.056000 0.317392
0.056200 0.314392
0.056400 0.311416
0.056600 0.308463
0.056800 0.305533
0.057000 0.302626
0.057200 0.299743
0.057400 0.296883
0.057600 0.294046
0.057800 0.291231
0.058000 0.288440
0.058200 0.285670
0.058400 0.282924
0.058600 0.280199
0.058800 0.277497
0.059000 0.274817
0.059200 0.272159
0.059400 0.269523
0.059600 0.266908
0.059800 0.264316
0.060000 0.261744
0.060200 0.259194
0.060400 0.256666
0.060600 0.254158
0.060800 0.251672
0.061000 0.249206
0.061200 0.246761
0.061400 0.244337
0.061600 0.241934
0.061800 0.239551
0.062000 0.237188
0.062200 0.234845
0.062400 0.232523
0.062600 0.230220
0.062800 0.227937
0.063000 0.225674
0.063200 0.223431
0.063400 0.221207
0.063600 0.219002
0.063800 0.216817
0.064000 0.214650
0.064200 0.212503
0.064400 0.210374
0.064600 0.208265
0.064800 0.206174
0.065000 0.204101
0.065200 0.202047
0.065400 0.200011
0.065600 0.197993
0.065800 0.195994
0.066000 0.194012
0.066200 0.192048
0.066400 0.190101
0.066600 0.188173
0.066800 0.186261
0.067000 0.184367
0.067200 0.182491
0.067400 0.180631
0.067600 0.178788
0.067800 0.176962
0.068000 0.175153
0.068200 0.173361
0.068400 0.171585
0.068600 0.169825
0.068800 0.168082
0.069000 0.166355
0.069200 0.164643
0.069400 0.162948
0.069600 0.161269
0.069800 0.159605
0.070000 0.157957
0.070200 0.156325
0.070400 0.154707
0.070600 0.153105
0.070800 0.151519
0.071000 0.149947
0.071200 0.148390
0.071400 0.146848
0.071600 0.145321
0.071800 0.143808
0.072000 0.142309
0.072200 0.140825
0.072400 0.139356
0.072600 0.137900
0.072800 0.136459
0.073000 0.135031
0.073200 0.133617
0.073400 0.132217
0.073600 0.130831
0.073800 0.129458
0.074000 0.128098
0.074200 0.126752
0.074400 0.125419
0.074600 0.124099
0.074800 0.122792
0.075000 0.121498
0.075200 0.120216
0.075400 0.118948
0.075600 0.117691
0.075800 0.116448
0.076000 0.115216
0.076200 0.113997
0.076400 0.112790
0.076600 0.111595
0.076800 0.110412
0.077000 0.109241
0.077200 0.108082
0.077400 0.106934
0.077600 0.105798
0.077800 0.104674
0.078000 0.103560
0.078200 0.102458
0.078400 0.101368
0.078600 0.100288
0.078800 0.099219
0.079000 0.098161
0.079200 0.097114
0.079400 0.096078
0.079600 0.095052
0.079800 0.094037
0.080000 0.093032
0.080200 0.092038
0.080400 0.091053
0.080600 0.090079
0.080800 0.089115
0.081000 0.088161
0.081200 0.087217
0.081400 0.086283
0.081600 0.085358
0.081800 0.084443
0.082000 0.083538
0.082200 0.082642
0.082400 0.081755
0.082600 0.080878
0.082800 0.080010
0.083000 0.079150
0.083200 0.078300
0.083400 0.077459
0.083600 0.076627
0.083800 0.075804
0.084000 0.074989
0.084200 0.074183
0.084400 0.073385
0.084600 0.072596
0.084800 0.071816
0.085000 0.071043
0.085200 0.070279
0.085400 0.069523
0.085600 0.068775
0.085800 0.068035
0.086000 0.067303
0.086200 0.066579
0.086400 0.065862
0.086600 0.065153
0.086800 0.064452
0.087000 0.063759
0.087200 0.063073
0.087400 0.062394
0.087600 0.061722
0.087800 0.061058
0.088000 0.060401
0.088200 0.059752
0.088400 0.059109
0.088600 0.058473
0.088800 0.057844
0.089000 0.057222
0.089200 0.056607
0.089400 0.055998
0.089600 0.055396
0.089800 0.054801
0.090000 0.054212
0.090200 0.053629
0.090400 0.053053
0.090600 0.052484
0.090800 0.051920
0.091000 0.051363
0.091200 0.050812
0.091400 0.050267
0.091600 0.049727
0.091800 0.049194
0.092000 0.048667
0.092200 0.048145
0.092400 0.047630
0.092600 0.047120
0.092800 0.046615
0.093000 0.046116
0.093200 0.045623
0.093400 0.045135
0.093600 0.044653
0.093800 0.044176
0.094000 0.043704
0.094200 0.043237
0.094400 0.042776
0.094600 0.042320
0.094800 0.041869
0.095000 0.041423
0.095200 0.040982
0.095400 0.040545
0.095600 0.040114
0.095800 0.039688
0.096000 0.039266
0.096200 0.038849
0.096400 0.038436
0.096600 0.038029
0.096800 0.037625
0.097000 0.037227
0.097200 0.036832
0.097400 0.036443
0.097600 0.036057
0.097800 0.035676
0.098000 0.035299
0.098200 0.034927
0.098400 0.034558
0.098600 0.034194
0.098800 0.033834
0.099000 0.033478
0.099200 0.033126
0.099400 0.032777
0.099600 0.032433
0.099800 0.032093
0.100000 0.031756
0.100200 0.031423
0.100400 0.031094
0.100600 0.030769
0.100800 0.030447
0.101000 0.030129
0.101200 0.029815
0.101400 0.029504
0.101600 0.029197
0.101800 0.028893
0.102000 0.028592
0.102200 0.028295
0.102400 0.028002
0.102600 0.027711
0.102800 0.027424
0.103000 0.027140
0.103200 0.026859
0.103400 0.026582
0.103600 0.026307
0.103800 0.026036
0.104000 0.025768
0.104200 0.025503
0.104400 0.025240
0.104600 0.024981
0.104800 0.024725
0.105000 0.024471
0.105200 0.024221
0.105400 0.023973
0.105600 0.023728
0.105800 0.023486
0.106000 0.023246
0.106200 0.023009
0.106400 0.022775
0.106600 0.022544
0.106800 0.022315
0.107000 0.022088
0.107200 0.021865
0.107400 0.021643
0.107600 0.021425
0.107800 0.021208
0.108000 0.020994
0.108200 0.020783
0.108400 0.020574
0.108600 0.020367
0.108800 0.020163
0.109000 0.019960
0.109200 0.019761
0.109400 0.019563
0.109600 0.019367
0.109800 0.019174
0.110000 0.018983
0.110200 0.018794
0.110400 0.018607
0.110600 0.018423
0.110800 0.018240
0.111000 0.018059
0.111200 0.017881
0.111400 0.017704
0.111600 0.017529
0.111800 0.017357
0.112000 0.017186
0.112200 0.017017
0.112400 0.016850
0.112600 0.016685
0.112800 0.016521
0.113000 0.016360
0.113200 0.016200
0.113400 0.016042
0.113600 0.015886
0.113800 0.015731
0.114000 0.015578
0.114200 0.015427
0.114400 0.015278
0.114600 0.015130
0.114800 0.014984
0.115000 0.014839
0.115200 0.014696
0.115400 0.014555
0.115600 0.014415
0.115800 0.014277
0.116000 0.014140
0.116200 0.014005
0.116400 0.013871
0.116600 0.013738
0.116800 0.013607
0.117000 0.013478
0.117200 0.013350
0.117400 0.013223
0.117600 0.013098
0.117800 0.012974
0.118000 0.012851
0.118200 0.012730
0.118400 0.012610
0.118600 0.012491
0.118800 0.012373
0.119000 0.012257
0.119200 0.012142
0.119400 0.012029
0.119600 0.011916
0.119800 0.011805
0.120000 0.011695
0.120200 0.011586
0.120400 0.011478
0.120600 0.011372
0.120800 0.011266
0.121000 0.011162
0.121200 0.011059
0.121400 0.010957
0.121600 0.010856
0.121800 0.010756
0.122000 0.010657
0.122200 0.010559
0.122400 0.010462
0.122600 0.010366
0.122800 0.010271
0.123000 0.010178
0.123200 0.010085
0.123400 0.009993
0.123600 0.009902
0.123800 0.009812
0.124000 0.009723
0.124200 0.009635
0.124400 0.009548
0.124600 0.009461
0.124800 0.009376
0.125000 0.009292
0.125200 0.009208
0.125400 0.009125
0.125600 0.009043
0.125800 0.008962
0.126000 0.008882
0.126200 0.008803
0.126400 0.008724
0.126600 0.008646
0.126800 0.008569
0.127000 0.008493
0.127200 0.008418
0.127400 0.008343
0.127600 0.008269
0.127800 0.008196
0.128000 0.008123
0.128200 0.008052
0.128400 0.007981
0.128600 0.007910
0.128800 0.007841
0.129000 0.007772
0.129200 0.007704
0.129400 0.007636
0.129600 0.007569
0.129800 0.007503
0.130000 0.007438
0.130200 0.007373
0.130400 0.007309
0.130600 0.007245
0.130800 0.007182
0.131000 0.007120
0.131200 0.007058
0.131400 0.006997
0.131600 0.006937
0.131800 0.006877
0.132000 0.006817
0.132200 0.006759
0.132400 0.006700
0.132600 0.006643
0.132800 0.006586
0.133000 0.006529
0.133200 0.006473
0.133400 0.006418
0.133600 0.006363
0.133800 0.006308
0.134000 0.006255
0.134200 0.006201
0.134400 0.006149
0.134600 0.006096
0.134800 0.006044
0.135000 0.005993
0.135200 0.005942
0.135400 0.005892
0.135600 0.005842
0.135800 0.005793
0.136000 0.005744
0.136200 0.005695
0.136400 0.005647
0.136600 0.005600
0.136800 0.005552
0.137000 0.005506
0.137200 0.005460
0.137400 0.005414
0.137600 0.005368
0.137800 0.005323
0.138000 0.005279
0.138200 0.005235
0.138400 0.005191
0.138600 0.005148
0.138800 0.005105
0.139000 0.005062
0.139200 0.005020
0.139400 0.004978
0.139600 0.004937
0.139800 0.004896
0.140000 0.004855
0.140200 0.004815
0.140400 0.004775
0.140600 0.004735
0.140800 0.004696
0.141000 0.004657
0.141200 0.004619
0.141400 0.004581
0.141600 0.004543
0.141800 0.004506
0.142000 0.004468
0.142200 0.004432
0.142400 0.004395
0.142600 0.004359
0.142800 0.004323
0.143000 0.004288
0.143200 0.004253
0.143400 0.004218
0.143600 0.004183
0.143800 0.004149
0.144000 0.004115
0.144200 0.004081
0.144400 0.004048
0.144600 0.004015
0.144800 0.003982
0.145000 0.003950
0.145200 0.003917
0.145400 0.003885
0.145600 0.003854
0.145800 0.003822
0.146000 0.003791
0.146200 0.003760
0.146400 0.003730
0.146600 0.003700
0.146800 0.003669
0.147000 0.003640
0.147200 0.003610
0.147400 0.003581
0.147600 0.003552
0.147800 0.003523
0.148000 0.003495
0.148200 0.003466
0.148400 0.003438
0.148600 0.003410
0.148800 0.003383
0.149000 0.003355
0.149200 0.003328
0.149400 0.003301
0.149600 0.003275
0.149800 0.003248
0.150000 0.003222
0.150200 0.003196
0.150400 0.003170
0.150600 0.003145
0.150800 0.003120
0.151000 0.003094
0.151200 0.003069
0.151400 0.003045
0.151600 0.003020
0.151800 0.002996
0.152000 0.002972
0.152200 0.002948
0.152400 0.002924
0.152600 0.002901
0.152800 0.002877
0.153000 0.002854
0.153200 0.002831
0.153400 0.002809
0.153600 0.002786
0.153800 0.002764
0.154000 0.002742
0.154200 0.002720
0.154400 0.002698
0.154600 0.002676
0.154800 0.002655
0.155000 0.002633
0.155200 0.002612
0.155400 0.002591
0.155600 0.002571
0.155800 0.002550
0.156000 0.002530
0.156200 0.002509
0.156400 0.002489
0.156600 0.002469
0.156800 0.002449
0.157000 0.002430
0.157200 0.002410
0.157400 0.002391
0.157600 0.002372
0.157800 0.002353
0.158000 0.002334
0.158200 0.002315
0.158400 0.002297
0.158600 0.002278
0.158800 0.002260
0.159000 0.002242
0.159200 0.002224
0.159400 0.002206
0.159600 0.002189
0.159800 0.002171
0.160000 0.002154
0.160200 0.002137
0.160400 0.002119
0.160600 0.002103
0.160800 0.002086
0.161000 0.002069
0.161200 0.002052
0.161400 0.002036
0.161600 0.002020
0.161800 0.002004
0.162000 0.001987
0.162200 0.001972
0.162400 0.001956
0.162600 0.001940
0.162800 0.001925
0.163000 0.001909
0.163200 0.001894
0.163400 0.001879
0.163600 0.001864
0.163800 0.001849
0.164000 0.001834
0.164200 0.001819
0.164400 0.001805
0.164600 0.001790
0.164800 0.001776
0.165000 0.001762
0.165200 0.001747
0.165400 0.001733
0.165600 0.001719
0.165800 0.001706
0.166000 0.001692
0.166200 0.001678
0.166400 0.001665
0.166600 0.001652
0.166800 0.001638
0.167000 0.001625
0.167200 0.001612
0.167400 0.001599
0.167600 0.001586
0.167800 0.001573
0.168000 0.001561
0.168200 0.001548
0.168400 0.001536
0.168600 0.001523
0.168800 0.001511
0.169000 0.001499
0.169200 0.001487
0.169400 0.001475
0.169600 0.001463
0.169800 0.001451
0.170000 0.001440
0.170200 0.001428
0.170400 0.001416
0.170600 0.001405
0.170800 0.001394
0.171000 0.001382
0.171200 0.001371
0.171400 0.001360
0.171600 0.001349
0.171800 0.001338
0.172000 0.001328
0.172200 0.001317
0.172400 0.001306
0.172600 0.001296
0.172800 0.001285
0.173000 0.001275
0.173200 0.001264
0.173400 0.001254
0.173600 0.001244
0.173800 0.001234
0.174000 0.001224
0.174200 0.001214
0.174400 0.001204
0.174600 0.001194
0.174800 0.001185
0.175000 0.001175
0.175200 0.001166
0.175400 0.001156
0.175600 0.001147
0.175800 0.001137
0.176000 0.001128
0.176200 0.001119
0.176400 0.001110
0.176600 0.001101
0.176800 0.001092
0.177000 0.001083
0.177200 0.001074
0.177400 0.001065
0.177600 0.001057
0.177800 0.001048
0.178000 0.001039
0.178200 0.001031
0.178400 0.001023
0.178600 0.001014
0.178800 0.001006
0.179000 0.000998
0.179200 0.000990
0.179400 0.000981
0.179600 0.000973
0.179800 0.000965
0.180000 0.000958
0.180200 0.000950
0.180400 0.000942
0.180600 0.000934
0.180800 0.000927
0.181000 0.000919
0.181200 0.000911
0.181400 0.000904
0.181600 0.000896
0.181800 0.000889
0.182000 0.000882
0.182200 0.000875
0.182400 0.000867
0.182600 0.000860
0.182800 0.000853
0.183000 0.000846
0.183200 0.000839
0.183400 0.000832
0.183600 0.000825
0.183800 0.000819
0.184000 0.000812
0.184200 0.000805
0.184400 0.000798
0.184600 0.000792
0.184800 0.000785
0.185000 0.000779
0.185200 0.000772
0.185400 0.000766
0.185600 0.000760
0.185800 0.000753
0.186000 0.000747
0.186200 0.000741
0.186400 0.000735
0.186600 0.000729
0.186800 0.000723
0.187000 0.000717
0.187200 0.000711
0.187400 0.000705
0.187600 0.000699
0.187800 0.000693
0.188000 0.000687
0.188200 0.000682
0.188400 0.000676
0.188600 0.000670
0.188800 0.000665
0.189000 0.000659
0.189200 0.000654
0.189400 0.000648
0.189600 0.000643
0.189800 0.000637
0.190000 0.000632
0.190200 0.000627
0.190400 0.000622
0.190600 0.000616
0.190800 0.000611
0.191000 0.000606
0.191200 0.000601
0.191400 0.000596
0.191600 0.000591
0.191800 0.000586
0.192000 0.000581
0.192200 0.000576
0.192400 0.000571
0.192600 0.000566
0.192800 0.000562
0.193000 0.000557
0.193200 0.000552
0.193400 0.000548
0.193600 0.000543
0.193800 0.000538
0.194000 0.000534
0.194200 0.000529
0.194400 0.000525
0.194600 0.000521
0.194800 0.000516
0.195000 0.000512
0.195200 0.000507
0.195400 0.000503
0.195600 0.000499
0.195800 0.000495
0.196000 0.000490
0.196200 0.000486
0.196400 0.000482
0.196600 0.000478
0.196800 0.000474
0.197000 0.000470
0.197200 0.000466
0.197400 0.000462
0.197600 0.000458
0.197800 0.000454
0.198000 0.000450
0.198200 0.000447
0.198400 0.000443
0.198600 0.000439
0.198800 0.000435
0.199000 0.000431
0.199200 0.000428
0.199400 0.000424
0.199600 0.000421
0.199800 0.000417
0.200000 0.000413
0.200200 0.000410
0.200400 0.000406
0.200600 0.000403
0.200800 0.000399
0.201000 0.000396
0.201200 0.000393
0.201400 0.000389
0.201600 0.000386
0.201800 0.000383
0.202000 0.000379
0.202200 0.000376
0.202400 0.000373
0.202600 0.000370
0.202800 0.000366
0.203000 0.000363
0.203200 0.000360
0.203400 0.000357
0.203600 0.000354
0.203800 0.000351
0.204000 0.000348
0.204200 0.000345
0.204400 0.000342
0.204600 0.000339
0.204800 0.000336
0.205000 0.000333
0.205200 0.000330
0.205400 0.000327
0.205600 0.000324
0.205800 0.000322
0.206000 0.000319
0.206200 0.000316
0.206400 0.000313
0.206600 0.000311
0.206800 0.000308
0.207000 0.000305
0.207200 0.000303
0.207400 0.000300
0.207600 0.000297
0.207800 0.000295
0.208000 0.000292
0.208200 0.000290
0.208400 0.000287
0.208600 0.000285
0.208800 0.000282
0.209000 0.000280
0.209200 0.000277
0.209400 0.000275
0.209600 0.000272
0.209800 0.000270
0.210000 0.000268
0.210200 0.000265
0.210400 0.000263
0.210600 0.000261
0.210800 0.000258
0.211000 0.000256
0.211200 0.000254
0.211400 0.000252
0.211600 0.000249
0.211800 0.000247
0.212000 0.000245
0.212200 0.000243
0.212400 0.000241
0.212600 0.000239
0.212800 0.000237
0.213000 0.000234
0.213200 0.000232
0.213400 0.000230
0.213600 0.000228
0.213800 0.000226
0.214000 0.000224
0.214200 0.000222
0.214400 0.000220
0.214600 0.000218
0.214800 0.000216
0.215000 0.000215
0.215200 0.000213
0.215400 0.000211
0.215600 0.000209
0.215800 0.000207
0.216000 0.000205
0.216200 0.000203
0.216400 0.000202
0.216600 0.000200
0.216800 0.000198
0.217000 0.000196
0.217200 0.000195
0.217400 0.000193
0.217600 0.000191
0.217800 0.000189
0.218000 0.000188
0.218200 0.000186
0.218400 0.000184
0.218600 0.000183
0.218800 0.000181
0.219000 0.000179
0.219200 0.000178
0.219400 0.000176
0.219600 0.000175
0.219800 0.000173
0.220000 0.000172
0.220200 0.000170
0.220400 0.000169
0.220600 0.000167
0.220800 0.000166
0.221000 0.000164
0.221200 0.000163
0.221400 0.000161
0.221600 0.000160
0.221800 0.000158
0.222000 0.000157
0.222200 0.000155
0.222400 0.000154
0.222600 0.000153
0.222800 0.000151
0.223000 0.000150
0.223200 0.000148
0.223400 0.000147
0.223600 0.000146
0.223800 0.000145
0.224000 0.000143
0.224200 0.000142
0.224400 0.000141
0.224600 0.000139
0.224800 0.000138
0.225000 0.000137
0.225200 0.000136
0.225400 0.000134
0.225600 0.000133
0.225800 0.000132
0.226000 0.000131
0.226200 0.000130
0.226400 0.000128
0.226600 0.000127
0.226800 0.000126
0.227000 0.000125
0.227200 0.000124
0.227400 0.000123
0.227600 0.000122
0.227800 0.000120
0.228000 0.000119
0.228200 0.000118
0.228400 0.000117
0.228600 0.000116
0.228800 0.000115
0.229000 0.000114
0.229200 0.000113
0.229400 0.000112
0.229600 0.000111
0.229800 0.000110
0.230000 0.000109
0.230200 0.000108
0.230400 0.000107
0.230600 0.000106
0.230800 0.000105
0.231000 0.000104
0.231200 0.000103
0.231400 0.000102
0.231600 0.000101
0.231800 0.000100
0.232000 0.000099
0.232200 0.000098
0.232400 0.000097
0.232600 0.000097
0.232800 0.000096
0.233000 0.000095
0.233200 0.000094
0.233400 0.000093
0.233600 0.000092
0.233800 0.000091
0.234000 0.000091
0.234200 0.000090
0.234400 0.000089
0.234600 0.000088
0.234800 0.000087
0.235000 0.000086
0.235200 0.000086
0.235400 0.000085
0.235600 0.000084
0.235800 0.000083
0.236000 0.000082
0.236200 0.000082
0.236400 0.000081
0.236600 0.000080
0.236800 0.000079
0.237000 0.000079
0.237200 0.000078
0.237400 0.000077
0.237600 0.000077
0.237800 0.000076
0.238000 0.000075
0.238200 0.000074
0.238400 0.000074
0.238600 0.000073
0.238800 0.000072
0.239000 0.000072
0.239200 0.000071
0.239400 0.000070
0.239600 0.000070
0.239800 0.000069
0.240000 0.000068
0.240200 0.000068
0.240400 0.000067
0.240600 0.000067
0.240800 0.000066
0.241000 0.000065
0.241200 0.000065
0.241400 0.000064
0.241600 0.000063
0.241800 0.000063
0.242000 0.000062
0.242200 0.000062
0.242400 0.000061
0.242600 0.000061
0.242800 0.000060
0.243000 0.000059
0.243200 0.000059
0.243400 0.000058
0.243600 0.000058
0.243800 0.000057
0.244000 0.000057
0.244200 0.000056
0.244400 0.000056
0.244600 0.000055
0.244800 0.000055
0.245000 0.000054
0.245200 0.000054
0.245400 0.000053
0.245600 0.000053
0.245800 0.000052
0.246000 0.000052
0.246200 0.000051
0.246400 0.000051
0.246600 0.000050
0.246800 0.000050
0.247000 0.000049
0.247200 0.000049
0.247400 0.000048
0.247600 0.000048
0.247800 0.000047
0.248000 0.000047
0.248200 0.000047
0.248400 0.000046
0.248600 0.000046
0.248800 0.000045
0.249000 0.000045
0.249200 0.000044
0.249400 0.000044
0.249600 0.000044
0.249800 0.000043
0.250000 0.000043
0.250200 0.000042
0.250400 0.000042
0.250600 0.000042
0.250800 0.000041
0.251000 0.000041
0.251200 0.000040
0.251400 0.000040
0.251600 0.000040
0.251800 0.000039
0.252000 0.000039
0.252200 0.000038
0.252400 0.000038
0.252600 0.000038
0.252800 0.000037
0.253000 0.000037
0.253200 0.000037
0.253400 0.000036
0.253600 0.000036
0.253800 0.000036
0.254000 0.000035
0.254200 0.000035
0.254400 0.000035
0.254600 0.000034
0.254800 0.000034
0.255000 0.000034
0.255200 0.000033
0.255400 0.000033
0.255600 0.000033
0.255800 0.000032
0.256000 0.000032
0.256200 0.000032
0.256400 0.000032
0.256600 0.000031
0.256800 0.000031
0.257000 0.000031
0.257200 0.000030
0.257400 0.000030
0.257600 0.000030
0.257800 0.000030
0.258000 0.000029
0.258200 0.000029
0.258400 0.000029
0.258600 0.000028
0.258800 0.000028
0.259000 0.000028
0.259200 0.000028
0.259400 0.000027
0.259600 0.000027
0.259800 0.000027
0.260000 0.000027
0.260200 0.000026
0.260400 0.000026
0.260600 0.000026
0.260800 0.000026
0.261000 0.000025
0.261200 0.000025
0.261400 0.000025
0.261600 0.000025
0.261800 0.000024
0.262000 0.000024
0.262200 0.000024
0.262400 0.000024
0.262600 0.000024
0.262800 0.000023
0.263000 0.000023
0.263200 0.000023
0.263400 0.000023
0.263600 0.000023
0.263800 0.000022
0.264000 0.000022
0.264200 0.000022
0.264400 0.000022
0.264600 0.000022
0.264800 0.000021
0.265000 0.000021
0.265200 0.000021
0.265400 0.000021
0.265600 0.000021
0.265800 0.000020
0.266000 0.000020
0.266200 0.000020
0.266400 0.000020
0.266600 0.000020
0.266800 0.000019
0.267000 0.000019
0.267200 0.000019
0.267400 0.000019
0.267600 0.000019
0.267800 0.000019
0.268000 0.000018
0.268200 0.000018
0.268400 0.000018
0.268600 0.000018
0.268800 0.000018
0.269000 0.000018
0.269200 0.000017
0.269400 0.000017
0.269600 0.000017
0.269800 0.000017
0.270000 0.000017
0.270200 0.000017
0.270400 0.000017
0.270600 0.000016
0.270800 0.000016
0.271000 0.000016
0.271200 0.000016
0.271400 0.000016
0.271600 0.000016
0.271800 0.000016
0.272000 0.000015
0.272200 0.000015
0.272400 0.000015
0.272600 0.000015
0.272800 0.000015
0.273000 0.000015
0.273200 0.000015
0.273400 0.000015
0.273600 0.000014
0.273800 0.000014
0.274000 0.000014
0.274200 0.000014
0.274400 0.000014
0.274600 0.000014
0.274800 0.000014
0.275000 0.000014
0.275200 0.000014
0.275400 0.000013
0.275600 0.000013
0.275800 0.000013
0.276000 0.000013
0.276200 0.000013
0.276400 0.000013
0.276600 0.000013
0.276800 0.000013
0.277000 0.000013
0.277200 0.000013
0.277400 0.000012
0.277600 0.000012
0.277800 0.000012
0.278000 0.000012
0.278200 0.000012
0.278400 0.000012
0.278600 0.000012
0.278800 0.000012
0.279000 0.000012
0.279200 0.000012
0.279400 0.000012
0.279600 0.000011
0.279800 0.000011
0.280000 0.000011
0.280200 0.000011
0.280400 0.000011
0.280600 0.000011
0.280800 0.000011
0.281000 0.000011
0.281200 0.000011
0.281400 0.000011
0.281600 0.000011
0.281800 0.000011
0.282000 0.000011
0.282200 0.000011
0.282400 0.000010
0.282600 0.000010
0.282800 0.000010
0.283000 0.000010
0.283200 0.000010
0.283400 0.000010
0.283600 0.000010
0.283800 0.000010
0.284000 0.000010
0.284200 0.000010
0.284400 0.000010
0.284600 0.000010
0.284800 0.000010
0.285000 0.000010
0.285200 0.000010
0.285400 0.000010
0.285600 0.000010
0.285800 0.000010
0.286000 0.000009
0.286200 0.000009
0.286400 0.000009
0.286600 0.000009
0.286800 0.000009
0.287000 0.000009
0.287200 0.000009
0.287400 0.000009
0.287600 0.000009
0.287800 0.000009
0.288000 0.000009
0.288200 0.000009
0.288400 0.000009
0.288600 0.000009
0.288800 0.000009
0.289000 0.000009
0.289200 0.000009
0.289400 0.000009
0.289600 0.000009
0.289800 0.000009
0.290000 0.000009
0.290200 0.000009
0.290400 0.000009
0.290600 0.000009
0.290800 0.000009
0.291000 0.000009
0.291200 0.000009
0.291400 0.000009
0.291600 0.000009
0.291800 0.000009
0.292000 0.000009
0.292200 0.000009
0.292400 0.000009
0.292600 0.000009
0.292800 0.000009
0.293000 0.000008
0.293200 0.000008
0.293400 0.000008
0.293600 0.000008
0.293800 0.000008
0.294000 0.000008
0.294200 0.000008
0.294400 0.000008
0.294600 0.000008
0.294800 0.000008
0.295000 0.000008
0.295200 0.000008
0.295400 0.000008
0.295600 0.000008
0.295800 0.000008
0.296000 0.000008
0.296200 0.000008
0.296400 0.000008
0.296600 0.000008
0.296800 0.000008
0.297000 0.000008
0.297200 0.000008
0.297400 0.000008
0.297600 0.000008
0.297800 0.000008
0.298000 0.000008
0.298200 0.000008
0.298400 0.000009
0.298600 0.000009
0.298800 0.000009
0.299000 0.000009
0.299200 0.000009
0.299400 0.000009
0.299600 0.000009
0.299800 0.000009
0.300000 0.000009
0.300200 0.000009
0.300400 0.000009
0.300600 0.000009
0.300800 0.000009
0.301000 0.000009
0.301200 0.000009
0.301400 0.000009
0.301600 0.000009
0.301800 0.000009
0.302000 0.000009
0.302200 0.000009
0.302400 0.000009
0.302600 0.000009
0.302800 0.000009
0.303000 0.000009
0.303200 0.000009
0.303400 0.000009
0.303600 0.000009
0.303800 0.000009
0.304000 0.000009
0.304200 0.000009
0.304400 0.000009
0.304600 0.000009
0.304800 0.000009
0.305000 0.000009
0.305200 0.000009
0.305400 0.000010
0.305600 0.000010
0.305800 0.000010
0.306000 0.000010
0.306200 0.000010
0.306400 0.000010
0.306600 0.000010
0.306800 0.000010
0.307000 0.000010
0.307200 0.000010
0.307400 0.000010
0.307600 0.000010
0.307800 0.000010
0.308000 0.000010
0.308200 0.000010
0.308400 0.000010
0.308600 0.000010
0.308800 0.000010
0.309000 0.000011
0.309200 0.000011
0.309400 0.000011
0.309600 0.000011
0.309800 0.000011
0.310000 0.000011
0.310200 0.000011
0.310400 0.000011
0.310600 0.000011
0.310800 0.000011
0.311000 0.000011
0.311200 0.000011
0.311400 0.000011
0.311600 0.000011
0.311800 0.000012
0.312000 0.000012
0.312200 0.000012
0.312400 0.000012
0.312600 0.000012
0.312800 0.000012
0.313000 0.000012
0.313200 0.000012
0.313400 0.000012
0.313600 0.000012
0.313800 0.000012
0.314000 0.000013
0.314200 0.000013
0.314400 0.000013
0.314600 0.000013
0.314800 0.000013
0.315000 0.000013
0.315200 0.000013
0.315400 0.000013
0.315600 0.000013
0.315800 0.000013
0.316000 0.000014
0.316200 0.000014
0.316400 0.000014
0.316600 0.000014
0.316800 0.000014
0.317000 0.000014
0.317200 0.000014
0.317400 0.000014
0.317600 0.000014
0.317800 0.000015
0.318000 0.000015
0.318200 0.000015
0.318400 0.000015
0.318600 0.000015
0.318800 0.000015
0.319000 0.000015
0.319200 0.000015
0.319400 0.000016
0.319600 0.000016
0.319800 0.000016
0.320000 0.000016
0.320200 0.000016
0.320400 0.000016
0.320600 0.000016
0.320800 0.000017
0.321000 0.000017
0.321200 0.000017
0.321400 0.000017
0.321600 0.000017
0.321800 0.000017
0.322000 0.000017
0.322200 0.000018
0.322400 0.000018
0.322600 0.000018
0.322800 0.000018
0.323000 0.000018
0.323200 0.000018
0.323400 0.000019
0.323600 0.000019
0.323800 0.000019
0.324000 0.000019
0.324200 0.000019
0.324400 0.000019
0.324600 0.000020
0.324800 0.000020
0.325000 0.000020
0.325200 0.000020
0.325400 0.000020
0.325600 0.000020
0.325800 0.000021
0.326000 0.000021
0.326200 0.000021
0.326400 0.000021
0.326600 0.000021
0.326800 0.000022
0.327000 0.000022
0.327200 0.000022
0.327400 0.000022
0.327600 0.000022
0.327800 0.000023
0.328000 0.000023
0.328200 0.000023
0.328400 0.000023
0.328600 0.000023
0.328800 0.000024
0.329000 0.000024
0.329200 0.000024
0.329400 0.000024
0.329600 0.000025
0.329800 0.000025
0.330000 0.000025
0.330200 0.000025
0.330400 0.000026
0.330600 0.000026
0.330800 0.000026
0.331000 0.000026
0.331200 0.000027
0.331400 0.000027
0.331600 0.000027
0.331800 0.000027
0.332000 0.000028
0.332200 0.000028
0.332400 0.000028
0.332600 0.000028
0.332800 0.000029
0.333000 0.000029
0.333200 0.000029
0.333400 0.000029
0.333600 0.000030
0.333800 0.000030
0.334000 0.000030
0.334200 0.000031
0.334400 0.000031
0.334600 0.000031
0.334800 0.000031
0.335000 0.000032
0.335200 0.000032
0.335400 0.000032
0.335600 0.000033
0.335800 0.000033
0.336000 0.000033
0.336200 0.000034
0.336400 0.000034
0.336600 0.000034
0.336800 0.000035
0.337000 0.000035
0.337200 0.000035
0.337400 0.000036
0.337600 0.000036
0.337800 0.000036
0.338000 0.000037
0.338200 0.000037
0.338400 0.000037
0.338600 0.000038
0.338800 0.000038
0.339000 0.000038
0.339200 0.000039
0.339400 0.000039
0.339600 0.000039
0.339800 0.000040
0.340000 0.000040
0.340200 0.000041
0.340400 0.000041
0.340600 0.000041
0.340800 0.000042
0.341000 0.000042
0.341200 0.000043
0.341400 0.000043
0.341600 0.000043
0.341800 0.000044
0.342000 0.000044
0.342200 0.000045
0.342400 0.000045
0.342600 0.000045
0.342800 0.000046
0.343000 0.000046
0.343200 0.000047
0.343400 0.000047
0.343600 0.000048
0.343800 0.000048
0.344000 0.000049
0.344200 0.000049
0.344400 0.000050
0.344600 0.000050
0.344800 0.000050
0.345000 0.000051
0.345200 0.000051
0.345400 0.000052
0.345600 0.000052
0.345800 0.000053
0.346000 0.000053
0.346200 0.000054
0.346400 0.000054
0.346600 0.000055
0.346800 0.000055
0.347000 0.000056
0.347200 0.000057
0.347400 0.000057
0.347600 0.000058
0.347800 0.000058
0.348000 0.000059
0.348200 0.000059
0.348400 0.000060
0.348600 0.000060
0.348800 0.000061
0.349000 0.000061
0.349200 0.000062
0.349400 0.000063
0.349600 0.000063
0.349800 0.000064
0.350000 0.000064
0.350200 0.000065
0.350400 0.000066
0.350600 0.000066
0.350800 0.000067
0.351000 0.000068
0.351200 0.000068
0.351400 0.000069
0.351600 0.000069
0.351800 0.000070
0.352000 0.000071
0.352200 0.000071
0.352400 0.000072
0.352600 0.000073
0.352800 0.000073
0.353000 0.000074
0.353200 0.000075
0.353400 0.000076
0.353600 0.000076
0.353800 0.000077
0.354000 0.000078
0.354200 0.000078
0.354400 0.000079
0.354600 0.000080
0.354800 0.000081
0.355000 0.000081
0.355200 0.000082
0.355400 0.000083
0.355600 0.000084
0.355800 0.000085
0.356000 0.000085
0.356200 0.000086
0.356400 0.000087
0.356600 0.000088
0.356800 0.000089
0.357000 0.000089
0.357200 0.000090
0.357400 0.000091
0.357600 0.000092
0.357800 0.000093
0.358000 0.000094
0.358200 0.000094
0.358400 0.000095
0.358600 0.000096
0.358800 0.000097
0.359000 0.000098
0.359200 0.000099
0.359400 0.000100
0.359600 0.000101
0.359800 0.000102
0.360000 0.000103
0.360200 0.000104
0.360400 0.000105
0.360600 0.000106
0.360800 0.000106
0.361000 0.000107
0.361200 0.000108
0.361400 0.000109
0.361600 0.000110
0.361800 0.000112
0.362000 0.000113
0.362200 0.000114
0.362400 0.000115
0.362600 0.000116
0.362800 0.000117
0.363000 0.000118
0.363200 0.000119
0.363400 0.000120
0.363600 0.000121
0.363800 0.000122
0.364000 0.000123
0.364200 0.000124
0.364400 0.000126
0.364600 0.000127
0.364800 0.000128
0.365000 0.000129
0.365200 0.000130
0.365400 0.000131
0.365600 0.000133
0.365800 0.000134
0.366000 0.000135
0.366200 0.000136
0.366400 0.000138
0.366600 0.000139
0.366800 0.000140
0.367000 0.000141
0.367200 0.000143
0.367400 0.000144
0.367600 0.000145
0.367800 0.000147
0.368000 0.000148
0.368200 0.000149
0.368400 0.000151
0.368600 0.000152
0.368800 0.000153
0.369000 0.000155
0.369200 0.000156
0.369400 0.000158
0.369600 0.000159
0.369800 0.000161
0.370000 0.000162
0.370200 0.000163
0.370400 0.000165
0.370600 0.000166
0.370800 0.000168
0.371000 0.000169
0.371200 0.000171
0.371400 0.000172
0.371600 0.000174
0.371800 0.000176
0.372000 0.000177
0.372200 0.000179
0.372400 0.000180
0.372600 0.000182
0.372800 0.000184
0.373000 0.000185
0.373200 0.000187
0.373400 0.000189
0.373600 0.000190
0.373800 0.000192
0.374000 0.000194
0.374200 0.000196
0.374400 0.000197
0.374600 0.000199
0.374800 0.000201
0.375000 0.000203
0.375200 0.000204
0.375400 0.000206
0.375600 0.000208
0.375800 0.000210
0.376000 0.000212
0.376200 0.000214
0.376400 0.000216
0.376600 0.000218
0.376800 0.000220
0.377000 0.000222
0.377200 0.000224
0.377400 0.000225
0.377600 0.000228
0.377800 0.000230
0.378000 0.000232
0.378200 0.000234
0.378400 0.000236
0.378600 0.000238
0.378800 0.000240
0.379000 0.000242
0.379200 0.000244
0.379400 0.000246
0.379600 0.000249
0.379800 0.000251
0.380000 0.000253
0.380200 0.000255
0.380400 0.000257
0.380600 0.000260
0.380800 0.000262
0.381000 0.000264
0.381200 0.000267
0.381400 0.000269
0.381600 0.000271
0.381800 0.000274
0.382000 0.000276
0.382200 0.000279
0.382400 0.000281
0.382600 0.000284
0.382800 0.000286
0.383000 0.000289
0.383200 0.000291
0.383400 0.000294
0.383600 0.000296
0.383800 0.000299
0.384000 0.000301
0.384200 0.000304
0.384400 0.000307
0.384600 0.000309
0.384800 0.000312
0.385000 0.000315
0.385200 0.000318
0.385400 0.000320
0.385600 0.000323
0.385800 0.000326
0.386000 0.000329
0.386200 0.000332
0.386400 0.000335
0.386600 0.000338
0.386800 0.000341
0.387000 0.000343
0.387200 0.000346
0.387400 0.000349
0.387600 0.000353
0.387800 0.000356
0.388000 0.000359
0.388200 0.000362
0.388400 0.000365
0.388600 0.000368
0.388800 0.000371
0.389000 0.000375
0.389200 0.000378
0.389400 0.000381
0.389600 0.000384
0.389800 0.000388
0.390000 0.000391
0.390200 0.000394
0.390400 0.000398
0.390600 0.000401
0.390800 0.000405
0.391000 0.000408
0.391200 0.000412
0.391400 0.000415
0.391600 0.000419
0.391800 0.000422
0.392000 0.000426
0.392200 0.000430
0.392400 0.000433
0.392600 0.000437
0.392800 0.000441
0.393000 0.000445
0.393200 0.000448
0.393400 0.000452
0.393600 0.000456
0.393800 0.000460
0.394000 0.000464
0.394200 0.000468
0.394400 0.000472
0.394600 0.000476
0.394800 0.000480
0.395000 0.000484
0.395200 0.000488
0.395400 0.000492
0.395600 0.000497
0.395800 0.000501
0.396000 0.000505
0.396200 0.000509
0.396400 0.000514
0.396600 0.000518
0.396800 0.000523
0.397000 0.000527
0.397200 0.000531
0.397400 0.000536
0.397600 0.000541
0.397800 0.000545
0.398000 0.000550
0.398200 0.000554
0.398400 0.000559
0.398600 0.000564
0.398800 0.000569
0.399000 0.000573
0.399200 0.000578
0.399400 0.000583
0.399600 0.000588
0.399800 0.000593
0.400000 0.000598
0.400200 0.000603
0.400400 0.000608
0.400600 0.000613
0.400800 0.000618
0.401000 0.000624
0.401200 0.000629
0.401400 0.000634
0.401600 0.000639
0.401800 0.000645
0.402000 0.000650
0.402200 0.000656
0.402400 0.000661
0.402600 0.000667
0.402800 0.000672
0.403000 0.000678
0.403200 0.000684
0.403400 0.000689
0.403600 0.000695
0.403800 0.000701
0.404000 0.000707
0.404200 0.000713
0.404400 0.000719
0.404600 0.000724
0.404800 0.000731
0.405000 0.000737
0.405200 0.000743
0.405400 0.000749
0.405600 0.000755
0.405800 0.000761
0.406000 0.000768
0.406200 0.000774
0.406400 0.000781
0.406600 0.000787
0.406800 0.000794
0.407000 0.000800
0.407200 0.000807
0.407400 0.000813
0.407600 0.000820
0.407800 0.000827
0.408000 0.000834
0.408200 0.000841
0.408400 0.000848
0.408600 0.000855
0.408800 0.000862
0.409000 0.000869
0.409200 0.000876
0.409400 0.000883
0.409600 0.000890
0.409800 0.000898
0.410000 0.000905
0.410200 0.000912
0.410400 0.000920
0.410600 0.000927
0.410800 0.000935
0.411000 0.000943
0.411200 0.000950
0.411400 0.000958
0.411600 0.000966
0.411800 0.000974
0.412000 0.000982
0.412200 0.000990
0.412400 0.000998
0.412600 0.001006
0.412800 0.001014
0.413000 0.001023
0.413200 0.001031
0.413400 0.001039
0.413600 0.001048
0.413800 0.001056
0.414000 0.001065
0.414200 0.001074
0.414400 0.001082
0.414600 0.001091
0.414800 0.001100
0.415000 0.001109
0.415200 0.001118
0.415400 0.001127
0.415600 0.001136
0.415800 0.001145
0.416000 0.001154
0.416200 0.001164
0.416400 0.001173
0.416600 0.001183
0.416800 0.001192
0.417000 0.001202
0.417200 0.001212
0.417400 0.001221
0.417600 0.001231
0.417800 0.001241
0.418000 0.001251
0.418200 0.001261
0.418400 0.001271
0.418600 0.001281
0.418800 0.001292
0.419000 0.001302
0.419200 0.001313
0.419400 0.001323
0.419600 0.001334
0.419800 0.001344
0.420000 0.001355
0.420200 0.001366
0.420400 0.001377
0.420600 0.001388
0.420800 0.001399
0.421000 0.001410
0.421200 0.001421
0.421400 0.001433
0.421600 0.001444
0.421800 0.001456
0.422000 0.001467
0.422200 0.001479
0.422400 0.001491
0.422600 0.001502
0.422800 0.001514
0.423000 0.001526
0.423200 0.001538
0.423400 0.001551
0.423600 0.001563
0.423800 0.001575
0.424000 0.001588
0.424200 0.001600
0.424400 0.001613
0.424600 0.001626
0.424800 0.001639
0.425000 0.001652
0.425200 0.001665
0.425400 0.001678
0.425600 0.001691
0.425800 0.001704
0.426000 0.001718
0.426200 0.001731
0.426400 0.001745
0.426600 0.001759
0.426800 0.001772
0.427000 0.001786
0.427200 0.001800
0.427400 0.001814
0.427600 0.001829
0.427800 0.001843
0.428000 0.001857
0.428200 0.001872
0.428400 0.001887
0.428600 0.001901
0.428800 0.001916
0.429000 0.001931
0.429200 0.001946
0.429400 0.001961
0.429600 0.001977
0.429800 0.001992
0.430000 0.002008
0.430200 0.002023
0.430400 0.002039
0.430600 0.002055
0.430800 0.002071
0.431000 0.002087
0.431200 0.002103
0.431400 0.002119
0.431600 0.002136
0.431800 0.002152
0.432000 0.002169
0.432200 0.002186
0.432400 0.002203
0.432600 0.002220
0.432800 0.002237
0.433000 0.002254
0.433200 0.002272
0.433400 0.002289
0.433600 0.002307
0.433800 0.002325
0.434000 0.002343
0.434200 0.002361
0.434400 0.002379
0.434600 0.002397
0.434800 0.002415
0.435000 0.002434
0.435200 0.002453
0.435400 0.002472
0.435600 0.002490
0.435800 0.002510
0.436000 0.002529
0.436200 0.002548
0.436400 0.002568
0.436600 0.002587
0.436800 0.002607
0.437000 0.002627
0.437200 0.002647
0.437400 0.002667
0.437600 0.002688
0.437800 0.002708
0.438000 0.002729
0.438200 0.002749
0.438400 0.002770
0.438600 0.002791
0.438800 0.002813
0.439000 0.002834
0.439200 0.002856
0.439400 0.002877
0.439600 0.002899
0.439800 0.002921
0.440000 0.002943
0.440200 0.002965
0.440400 0.002988
0.440600 0.003010
0.440800 0.003033
0.441000 0.003056
0.441200 0.003079
0.441400 0.003102
0.441600 0.003126
0.441800 0.003149
0.442000 0.003173
0.442200 0.003197
0.442400 0.003221
0.442600 0.003245
0.442800 0.003270
0.443000 0.003294
0.443200 0.003319
0.443400 0.003344
0.443600 0.003369
0.443800 0.003394
0.444000 0.003420
0.444200 0.003445
0.444400 0.003471
0.444600 0.003497
0.444800 0.003523
0.445000 0.003549
0.445200 0.003576
0.445400 0.003602
0.445600 0.003629
0.445800 0.003656
0.446000 0.003684
0.446200 0.003711
0.446400 0.003739
0.446600 0.003766
0.446800 0.003794
0.447000 0.003823
0.447200 0.003851
0.447400 0.003879
0.447600 0.003908
0.447800 0.003937
0.448000 0.003966
0.448200 0.003996
0.448400 0.004025
0.448600 0.004055
0.448800 0.004085
0.449000 0.004115
0.449200 0.004145
0.449400 0.004176
0.449600 0.004207
0.449800 0.004238
0.450000 0.004269
0.450200 0.004300
0.450400 0.004332
0.450600 0.004364
0.450800 0.004396
0.451000 0.004428
0.451200 0.004461
0.451400 0.004493
0.451600 0.004526
0.451800 0.004559
0.452000 0.004593
0.452200 0.004626
0.452400 0.004660
0.452600 0.004694
0.452800 0.004728
0.453000 0.004763
0.453200 0.004798
0.453400 0.004833
0.453600 0.004868
0.453800 0.004903
0.454000 0.004939
0.454200 0.004975
0.454400 0.005011
0.454600 0.005047
0.454800 0.005084
0.455000 0.005121
0.455200 0.005158
0.455400 0.005195
0.455600 0.005233
0.455800 0.005271
0.456000 0.005309
0.456200 0.005347
0.456400 0.005386
0.456600 0.005425
0.456800 0.005464
0.457000 0.005503
0.457200 0.005543
0.457400 0.005583
0.457600 0.005623
0.457800 0.005664
0.458000 0.005704
0.458200 0.005745
0.458400 0.005787
0.458600 0.005828
0.458800 0.005870
0.459000 0.005912
0.459200 0.005954
0.459400 0.005997
0.459600 0.006040
0.459800 0.006083
0.460000 0.006127
0.460200 0.006170
0.460400 0.006215
0.460600 0.006259
0.460800 0.006303
0.461000 0.006348
0.461200 0.006394
0.461400 0.006439
0.461600 0.006485
0.461800 0.006531
0.462000 0.006577
0.462200 0.006624
0.462400 0.006671
0.462600 0.006718
0.462800 0.006766
0.463000 0.006814
0.463200 0.006862
0.463400 0.006911
0.463600 0.006960
0.463800 0.007009
0.464000 0.007058
0.464200 0.007108
0.464400 0.007158
0.464600 0.007209
0.464800 0.007259
0.465000 0.007311
0.465200 0.007362
0.465400 0.007414
0.465600 0.007466
0.465800 0.007518
0.466000 0.007571
0.466200 0.007624
0.466400 0.007678
0.466600 0.007731
0.466800 0.007786
0.467000 0.007840
0.467200 0.007895
0.467400 0.007950
0.467600 0.008006
0.467800 0.008062
0.468000 0.008118
0.468200 0.008174
0.468400 0.008231
0.468600 0.008289
0.468800 0.008346
0.469000 0.008404
0.469200 0.008463
0.469400 0.008522
0.469600 0.008581
0.469800 0.008640
0.470000 0.008700
0.470200 0.008760
0.470400 0.008821
0.470600 0.008882
0.470800 0.008944
0.471000 0.009005
0.471200 0.009068
0.471400 0.009130
0.471600 0.009193
0.471800 0.009257
0.472000 0.009320
0.472200 0.009385
0.472400 0.009449
0.472600 0.009514
0.472800 0.009580
0.473000 0.009645
0.473200 0.009712
0.473400 0.009778
0.473600 0.009845
0.473800 0.009913
0.474000 0.009981
0.474200 0.010049
0.474400 0.010118
0.474600 0.010187
0.474800 0.010256
0.475000 0.010326
0.475200 0.010397
0.475400 0.010468
0.475600 0.010539
0.475800 0.010611
0.476000 0.010683
0.476200 0.010756
0.476400 0.010829
0.476600 0.010902
0.476800 0.010976
0.477000 0.011051
0.477200 0.011126
0.477400 0.011201
0.477600 0.011277
0.477800 0.011353
0.478000 0.011430
0.478200 0.011507
0.478400 0.011585
0.478600 0.011663
0.478800 0.011742
0.479000 0.011821
0.479200 0.011901
0.479400 0.011981
0.479600 0.012062
0.479800 0.012143
0.480000 0.012224
0.480200 0.012306
0.480400 0.012389
0.480600 0.012472
0.480800 0.012556
0.481000 0.012640
0.481200 0.012724
0.481400 0.012809
0.481600 0.012895
0.481800 0.012981
0.482000 0.013068
0.482200 0.013155
0.482400 0.013243
0.482600 0.013331
0.482800 0.013420
0.483000 0.013509
0.483200 0.013599
0.483400 0.013690
0.483600 0.013780
0.483800 0.013872
0.484000 0.013964
0.484200 0.014057
0.484400 0.014150
0.484600 0.014243
0.484800 0.014338
0.485000 0.014433
0.485200 0.014528
0.485400 0.014624
0.485600 0.014720
0.485800 0.014817
0.486000 0.014915
0.486200 0.015013
0.486400 0.015112
0.486600 0.015212
0.486800 0.015312
0.487000 0.015412
0.487200 0.015514
0.487400 0.015615
0.487600 0.015718
0.487800 0.015821
0.488000 0.015924
0.488200 0.016029
0.488400 0.016133
0.488600 0.016239
0.488800 0.016345
0.489000 0.016452
0.489200 0.016559
0.489400 0.016667
0.489600 0.016776
0.489800 0.016885
0.490000 0.016995
0.490200 0.017105
0.490400 0.017216
0.490600 0.017328
0.490800 0.017441
0.491000 0.017554
0.491200 0.017667
0.491400 0.017782
0.491600 0.017897
0.491800 0.018013
0.492000 0.018129
0.492200 0.018246
0.492400 0.018364
0.492600 0.018482
0.492800 0.018602
0.493000 0.018721
0.493200 0.018842
0.493400 0.018963
0.493600 0.019085
0.493800 0.019208
0.494000 0.019331
0.494200 0.019455
0.494400 0.019580
0.494600 0.019705
0.494800 0.019832
0.495000 0.019959
0.495200 0.020086
0.495400 0.020215
0.495600 0.020344
0.495800 0.020473
0.496000 0.020604
0.496200 0.020735
0.496400 0.020868
0.496600 0.021000
0.496800 0.021134
0.497000 0.021268
0.497200 0.021403
0.497400 0.021539
0.497600 0.021676
0.497800 0.021813
0.498000 0.021952
0.498200 0.022091
0.498400 0.022230
0.498600 0.022371
0.498800 0.022512
0.499000 0.022654
0.499200 0.022797
0.499400 0.022941
0.499600 0.023086
0.499800 0.023231
0.500000 0.023377
0.500200 0.023524
0.500400 0.023672
0.500600 0.023821
0.500800 0.023970
0.501000 0.024121
0.501200 0.024272
0.501400 0.024424
0.501600 0.024577
0.501800 0.024730
0.502000 0.024885
0.502200 0.025040
0.502400 0.025197
0.502600 0.025354
0.502800 0.025512
0.503000 0.025671
0.503200 0.025831
0.503400 0.025991
0.503600 0.026153
0.503800 0.026315
0.504000 0.026479
0.504200 0.026643
0.504400 0.026808
0.504600 0.026974
0.504800 0.027141
0.505000 0.027309
0.505200 0.027478
0.505400 0.027648
0.505600 0.027818
0.505800 0.027990
0.506000 0.028163
0.506200 0.028336
0.506400 0.028511
0.506600 0.028686
0.506800 0.028862
0.507000 0.029040
0.507200 0.029218
0.507400 0.029397
0.507600 0.029577
0.507800 0.029759
0.508000 0.029941
0.508200 0.030124
0.508400 0.030308
0.508600 0.030493
0.508800 0.030679
0.509000 0.030867
0.509200 0.031055
0.509400 0.031244
0.509600 0.031434
0.509800 0.031625
0.510000 0.031818
0.510200 0.032011
0.510400 0.032205
0.510600 0.032401
0.510800 0.032597
0.511000 0.032795
0.511200 0.032993
0.511400 0.033193
0.511600 0.033394
0.511800 0.033595
0.512000 0.033798
0.512200 0.034002
0.512400 0.034207
0.512600 0.034413
0.512800 0.034620
0.513000 0.034828
0.513200 0.035038
0.513400 0.035248
0.513600 0.035460
0.513800 0.035673
0.514000 0.035886
0.514200 0.036101
0.514400 0.036318
0.514600 0.036535
0.514800 0.036753
0.515000 0.036973
0.515200 0.037193
0.515400 0.037415
0.515600 0.037638
0.515800 0.037862
0.516000 0.038088
0.516200 0.038314
0.516400 0.038542
0.516600 0.038771
0.516800 0.039001
0.517000 0.039232
0.517200 0.039465
0.517400 0.039698
0.517600 0.039933
0.517800 0.040169
0.518000 0.040407
0.518200 0.040645
0.518400 0.040885
0.518600 0.041126
0.518800 0.041369
0.519000 0.041612
0.519200 0.041857
0.519400 0.042103
0.519600 0.042350
0.519800 0.042599
0.520000 0.042849
0.520200 0.043100
0.520400 0.043353
0.520600 0.043606
0.520800 0.043861
0.521000 0.044118
0.521200 0.044375
0.521400 0.044634
0.521600 0.044895
0.521800 0.045156
0.522000 0.045419
0.522200 0.045684
0.522400 0.045949
0.522600 0.046216
0.522800 0.046485
0.523000 0.046754
0.523200 0.047025
0.523400 0.047298
0.523600 0.047572
0.523800 0.047847
0.524000 0.048124
0.524200 0.048402
0.524400 0.048681
0.524600 0.048962
0.524800 0.049244
0.525000 0.049528
0.525200 0.049813
0.525400 0.050099
0.525600 0.050387
0.525800 0.050676
0.526000 0.050967
0.526200 0.051259
0.526400 0.051553
0.526600 0.051848
0.526800 0.052145
0.527000 0.052443
0.527200 0.052743
0.527400 0.053044
0.527600 0.053346
0.527800 0.053650
0.528000 0.053956
0.528200 0.054263
0.528400 0.054572
0.528600 0.054882
0.528800 0.055193
0.529000 0.055507
0.529200 0.055821
0.529400 0.056138
0.529600 0.056455
0.529800 0.056775
0.530000 0.057096
0.530200 0.057418
0.530400 0.057742
0.530600 0.058068
0.530800 0.058395
0.531000 0.058724
0.531200 0.059055
0.531400 0.059387
0.531600 0.059720
0.531800 0.060056
0.532000 0.060393
0.532200 0.060731
0.532400 0.061071
0.532600 0.061413
0.532800 0.061757
0.533000 0.062102
0.533200 0.062449
0.533400 0.062797
0.533600 0.063147
0.533800 0.063499
0.534000 0.063853
0.534200 0.064208
0.534400 0.064565
0.534600 0.064923
0.534800 0.065284
0.535000 0.065646
0.535200 0.066010
0.535400 0.066375
0.535600 0.066743
0.535800 0.067112
0.536000 0.067482
0.536200 0.067855
0.536400 0.068229
0.536600 0.068605
0.536800 0.068983
0.537000 0.069363
0.537200 0.069744
0.537400 0.070128
0.537600 0.070513
0.537800 0.070900
0.538000 0.071288
0.538200 0.071679
0.538400 0.072071
0.538600 0.072465
0.538800 0.072861
0.539000 0.073259
0.539200 0.073659
0.539400 0.074061
0.539600 0.074464
0.539800 0.074869
0.540000 0.075277
0.540200 0.075686
0.540400 0.076097
0.540600 0.076510
0.540800 0.076925
0.541000 0.077342
0.541200 0.077760
0.541400 0.078181
0.541600 0.078604
0.541800 0.079028
0.542000 0.079455
0.542200 0.079883
0.542400 0.080314
0.542600 0.080746
0.542800 0.081180
0.543000 0.081617
0.543200 0.082055
0.543400 0.082496
0.543600 0.082938
0.543800 0.083382
0.544000 0.083829
0.544200 0.084277
0.544400 0.084728
0.544600 0.085181
0.544800 0.085635
0.545000 0.086092
0.545200 0.086551
0.545400 0.087011
0.545600 0.087474
0.545800 0.087939
0.546000 0.088407
0.546200 0.088876
0.546400 0.089347
0.546600 0.089820
0.546800 0.090296
0.547000 0.090774
0.547200 0.091254
0.547400 0.091736
0.547600 0.092220
0.547800 0.092706
0.548000 0.093194
0.548200 0.093685
0.548400 0.094178
0.548600 0.094673
0.548800 0.095170
0.549000 0.095670
0.549200 0.096171
0.549400 0.096675
0.549600 0.097181
0.549800 0.097690
0.550000 0.098200
0.550200 0.098713
0.550400 0.099228
0.550600 0.099745
0.550800 0.100265
0.551000 0.100787
0.551200 0.101311
0.551400 0.101837
0.551600 0.102366
0.551800 0.102897
0.552000 0.103431
0.552200 0.103966
0.552400 0.104504
0.552600 0.105045
0.552800 0.105588
0.553000 0.106133
0.553200 0.106680
0.553400 0.107230
0.553600 0.107782
0.553800 0.108337
0.554000 0.108894
0.554200 0.109453
0.554400 0.110015
0.554600 0.110579
0.554800 0.111146
0.555000 0.111715
0.555200 0.112286
0.555400 0.112860
0.555600 0.113436
0.555800 0.114015
0.556000 0.114597
0.556200 0.115180
0.556400 0.115767
0.556600 0.116355
0.556800 0.116947
0.557000 0.117540
0.557200 0.118137
0.557400 0.118735
0.557600 0.119337
0.557800 0.119941
0.558000 0.120547
0.558200 0.121156
0.558400 0.121767
0.558600 0.122382
0.558800 0.122998
0.559000 0.123617
0.559200 0.124239
0.559400 0.124864
0.559600 0.125491
0.559800 0.126120
0.560000 0.126753
0.560200 0.127388
0.560400 0.128025
0.560600 0.128665
0.560800 0.129308
0.561000 0.129954
0.561200 0.130602
0.561400 0.131253
0.561600 0.131906
0.561800 0.132562
0.562000 0.133221
0.562200 0.133883
0.562400 0.134547
0.562600 0.135214
0.562800 0.135884
0.563000 0.136556
0.563200 0.137232
0.563400 0.137910
0.563600 0.138590
0.563800 0.139274
0.564000 0.139960
0.564200 0.140649
0.564400 0.141341
0.564600 0.142036
0.564800 0.142734
0.565000 0.143434
0.565200 0.144137
0.565400 0.144843
0.565600 0.145552
0.565800 0.146264
0.566000 0.146978
0.566200 0.147696
0.566400 0.148416
0.566600 0.149139
0.566800 0.149865
0.567000 0.150594
0.567200 0.151326
0.567400 0.152061
0.567600 0.152798
0.567800 0.153539
0.568000 0.154282
0.568200 0.155029
0.568400 0.155778
0.568600 0.156531
0.568800 0.157286
0.569000 0.158044
0.569200 0.158806
0.569400 0.159570
0.569600 0.160337
0.569800 0.161108
0.570000 0.161881
0.570200 0.162657
0.570400 0.163437
0.570600 0.164219
0.570800 0.165004
0.571000 0.165793
0.571200 0.166585
0.571400 0.167379
0.571600 0.168177
0.571800 0.168978
0.572000 0.169782
0.572200 0.170589
0.572400 0.171399
0.572600 0.172212
0.572800 0.173028
0.573000 0.173848
0.573200 0.174670
0.573400 0.175496
0.573600 0.176325
0.573800 0.177157
0.574000 0.177992
0.574200 0.178831
0.574400 0.179672
0.574600 0.180517
0.574800 0.181365
0.575000 0.182216
0.575200 0.183071
0.575400 0.183929
0.575600 0.184789
0.575800 0.185654
0.576000 0.186521
0.576200 0.187392
0.576400 0.188266
0.576600 0.189143
0.576800 0.190023
0.577000 0.190907
0.577200 0.191794
0.577400 0.192684
0.577600 0.193578
0.577800 0.194475
0.578000 0.195375
0.578200 0.196279
0.578400 0.197186
0.578600 0.198096
0.578800 0.199010
0.579000 0.199927
0.579200 0.200848
0.579400 0.201772
0.579600 0.202699
0.579800 0.203629
0.580000 0.204563
0.580200 0.205501
0.580400 0.206442
0.580600 0.207386
0.580800 0.208334
0.581000 0.209285
0.581200 0.210239
0.581400 0.211198
0.581600 0.212159
0.581800 0.213124
0.582000 0.214093
0.582200 0.215065
0.582400 0.216040
0.582600 0.217019
0.582800 0.218002
0.583000 0.218988
0.583200 0.219977
0.583400 0.220970
0.583600 0.221967
0.583800 0.222967
0.584000 0.223971
0.584200 0.224978
0.584400 0.225989
0.584600 0.227003
0.584800 0.228021
0.585000 0.229043
0.585200 0.230068
0.585400 0.231097
0.585600 0.232129
0.585800 0.233165
0.586000 0.234205
0.586200 0.235248
0.586400 0.236295
0.586600 0.237346
0.586800 0.238400
0.587000 0.239458
0.587200 0.240520
0.587400 0.241585
0.587600 0.242654
0.587800 0.243727
0.588000 0.244803
0.588200 0.245883
0.588400 0.246967
0.588600 0.248055
0.588800 0.249146
0.589000 0.250241
0.589200 0.251340
0.589400 0.252442
0.589600 0.253549
0.589800 0.254659
0.590000 0.255773
0.590200 0.256890
0.590400 0.258012
0.590600 0.259137
0.590800 0.260266
0.591000 0.261399
0.591200 0.262535
0.591400 0.263676
0.591600 0.264820
0.591800 0.265968
0.592000 0.267120
0.592200 0.268276
0.592400 0.269436
0.592600 0.270599
0.592800 0.271766
0.593000 0.272938
0.593200 0.274113
0.593400 0.275292
0.593600 0.276475
0.593800 0.277662
0.594000 0.278853
0.594200 0.280047
0.594400 0.281246
0.594600 0.282449
0.594800 0.283655
0.595000 0.284865
0.595200 0.286080
0.595400 0.287298
0.595600 0.288520
0.595800 0.289747
0.596000 0.290977
0.596200 0.292211
0.596400 0.293450
0.596600 0.294692
0.596800 0.295938
0.597000 0.297188
0.597200 0.298442
0.597400 0.299701
0.597600 0.300963
0.597800 0.302229
0.598000 0.303500
0.598200 0.304774
0.598400 0.306053
0.598600 0.307335
0.598800 0.308622
0.599000 0.309913
0.599200 0.311207
0.599400 0.312506
0.599600 0.313809
0.599800 0.315116
0.600000 0.316427
0.600200 0.317743
0.600400 0.319062
0.600600 0.320385
0.600800 0.321713
0.601000 0.323045
0.601200 0.324381
0.601400 0.325721
0.601600 0.327065
0.601800 0.328413
0.602000 0.329765
0.602200 0.331122
0.602400 0.332483
0.602600 0.333848
0.602800 0.335217
0.603000 0.336590
0.603200 0.337968
0.603400 0.339350
0.603600 0.340736
0.603800 0.342126
0.604000 0.343520
0.604200 0.344919
0.604400 0.346321
0.604600 0.347729
0.604800 0.349140
0.605000 0.350555
0.605200 0.351975
0.605400 0.353399
0.605600 0.354827
0.605800 0.356260
0.606000 0.357697
0.606200 0.359138
0.606400 0.360583
0.606600 0.362033
0.606800 0.363487
0.607000 0.364945
0.607200 0.366407
0.607400 0.367874
0.607600 0.369345
0.607800 0.370821
0.608000 0.372300
0.608200 0.373784
0.608400 0.375273
0.608600 0.376766
0.608800 0.378263
0.609000 0.379764
0.609200 0.381270
0.609400 0.382780
0.609600 0.384294
0.609800 0.385813
0.610000 0.387336
0.610200 0.388864
0.610400 0.390395
0.610600 0.391932
0.610800 0.393472
0.611000 0.395017
0.611200 0.396567
0.611400 0.398121
0.611600 0.399679
0.611800 0.401241
0.612000 0.402808
0.612200 0.404380
0.612400 0.405955
0.612600 0.407536
0.612800 0.409120
0.613000 0.410709
0.613200 0.412303
0.613400 0.413901
0.613600 0.415503
0.613800 0.417110
0.614000 0.418721
0.614200 0.420337
0.614400 0.421957
0.614600 0.423581
0.614800 0.425210
0.615000 0.426844
0.615200 0.428482
0.615400 0.430124
0.615600 0.431771
0.615800 0.433423
0.616000 0.435078
0.616200 0.436739
0.616400 0.438404
0.616600 0.440073
0.616800 0.441747
0.617000 0.443425
0.617200 0.445108
0.617400 0.446795
0.617600 0.448487
0.617800 0.450183
0.618000 0.451884
0.618200 0.453589
0.618400 0.455299
0.618600 0.457014
0.618800 0.458733
0.619000 0.460456
0.619200 0.462184
0.619400 0.463917
0.619600 0.465654
0.619800 0.467395
0.620000 0.469141
0.620200 0.470892
0.620400 0.472648
0.620600 0.474407
0.620800 0.476172
0.621000 0.477941
0.621200 0.479714
0.621400 0.481492
0.621600 0.483275
0.621800 0.485063
0.622000 0.486854
0.622200 0.488651
0.622400 0.490452
0.622600 0.492258
0.622800 0.494068
0.623000 0.495883
0.623200 0.497702
0.623400 0.499527
0.623600 0.501355
0.623800 0.503189
0.624000 0.505027
0.624200 0.506870
0.624400 0.508717
0.624600 0.510569
0.624800 0.512426
0.625000 0.514287
0.625200 0.516153
0.625400 0.518024
0.625600 0.519899
0.625800 0.521779
0.626000 0.523664
0.626200 0.525554
0.626400 0.527448
0.626600 0.529347
0.626800 0.531251
0.627000 0.533159
0.627200 0.535072
0.627400 0.536990
0.627600 0.538913
0.627800 0.540841
0.628000 0.542773
0.628200 0.544710
0.628400 0.546652
0.628600 0.548599
0.628800 0.550551
0.629000 0.552508
0.629200 0.554469
0.629400 0.556435
0.629600 0.558407
0.629800 0.560383
0.630000 0.562364
0.630200 0.564350
0.630400 0.566341
0.630600 0.568337
0.630800 0.570338
0.631000 0.572344
0.631200 0.574356
0.631400 0.576372
0.631600 0.578393
0.631800 0.580420
0.632000 0.582452
0.632200 0.584489
0.632400 0.586531
0.632600 0.588578
0.632800 0.590631
0.633000 0.592689
0.633200 0.594752
0.633400 0.596821
0.633600 0.598895
0.633800 0.600974
0.634000 0.603059
0.634200 0.605150
0.634400 0.607246
0.634600 0.609348
0.634800 0.611455
0.635000 0.613569
0.635200 0.615688
0.635400 0.617812
0.635600 0.619943
0.635800 0.622080
0.636000 0.624222
0.636200 0.626371
0.636400 0.628525
0.636600 0.630686
0.636800 0.632853
0.637000 0.635027
0.637200 0.637207
0.637400 0.639393
0.637600 0.641586
0.637800 0.643785
0.638000 0.645991
0.638200 0.648204
0.638400 0.650424
0.638600 0.652651
0.638800 0.654885
0.639000 0.657126
0.639200 0.659375
0.639400 0.661631
0.639600 0.663894
0.639800 0.666165
0.640000 0.668444
0.640200 0.670731
0.640400 0.673026
0.640600 0.675329
0.640800 0.677640
0.641000 0.679960
0.641200 0.682288
0.641400 0.684625
0.641600 0.686971
0.641800 0.689327
0.642000 0.691691
0.642200 0.694065
0.642400 0.696449
0.642600 0.698842
0.642800 0.701246
0.643000 0.703659
0.643200 0.706084
0.643400 0.708518
0.643600 0.710964
0.643800 0.713421
0.644000 0.715889
0.644200 0.718369
0.644400 0.720861
0.644600 0.723365
0.644800 0.725882
0.645000 0.728411
0.645200 0.730953
0.645400 0.733509
0.645600 0.736078
0.645800 0.738661
0.646000 0.741258
0.646200 0.743870
0.646400 0.746497
0.646600 0.749139
0.646800 0.751797
0.647000 0.754471
0.647200 0.757162
0.647400 0.759869
0.647600 0.762594
0.647800 0.765336
0.648000 0.768097
0.648200 0.770876
0.648400 0.773674
0.648600 0.776492
0.648800 0.779330
0.649000 0.782188
0.649200 0.785067
0.649400 0.787968
0.649600 0.790892
0.649800 0.793837
0.650000 0.796806
0.650200 0.799799
0.650400 0.802817
0.650600 0.805859
0.650800 0.808927
0.651000 0.812022
0.651200 0.815143
0.651400 0.818292
0.651600 0.821470
0.651800 0.824676
0.652000 0.827913
0.652200 0.831180
0.652400 0.834478
0.652600 0.837809
0.652800 0.841172
0.653000 0.844569
0.653200 0.848001
0.653400 0.851468
0.653600 0.854972
0.653800 0.858513
0.654000 0.862091
0.654200 0.865709
0.654400 0.869367
0.654600 0.873066
0.654800 0.876807
0.655000 0.880590
0.655200 0.884418
0.655400 0.888291
0.655600 0.892210
0.655800 0.896176
0.656000 0.900190
0.656200 0.904254
0.656400 0.908369
0.656600 0.912535
0.656800 0.916754
0.657000 0.921027
0.657200 0.925356
0.657400 0.929741
0.657600 0.934185
0.657800 0.938687
0.658000 0.943250
0.658200 0.947875
0.658400 0.952563
0.658600 0.957316
0.658800 0.962135
0.659000 0.967021
0.659200 0.971976
0.659400 0.977002
0.659600 0.982099
0.659800 0.987270
0.660000 0.992515
0.660200 0.997837
0.660400 1.003237
0.660600 1.008716
0.660800 1.014277
0.661000 1.019920
0.661200 1.025648
0.661400 1.031461
0.661600 1.037363
0.661800 1.043353
0.662000 1.049435
0.662200 1.055610
0.662400 1.061879
0.662600 1.068244
0.662800 1.074708
0.663000 1.081271
0.663200 1.087936
0.663400 1.094704
0.663600 1.101578
0.663800 1.108558
0.664000 1.115648
0.664200 1.122848
0.664400 1.130161
0.664600 1.137588
0.664800 1.145132
0.665000 1.152794
0.665200 1.160576
0.665400 1.168480
0.665600 1.176507
0.665800 1.184661
0.666000 1.192942
0.666200 1.201353
0.666400 1.209896
0.666600 1.218572
0.666800 1.227383
0.667000 1.236331
0.667200 1.245419
0.667400 1.254647
0.667600 1.264019
0.667800 1.273535
0.668000 1.283197
0.668200 1.293009
0.668400 1.302970
0.668600 1.313084
0.668800 1.323352
0.669000 1.333775
0.669200 1.344356
0.669400 1.355097
0.669600 1.365998
0.669800 1.377062
0.670000 1.388291
0.670200 1.399686
0.670400 1.411249
0.670600 1.422981
0.670800 1.434885
0.671000 1.446961
0.671200 1.459211
0.671400 1.471637
0.671600 1.484240
0.671800 1.497022
0.672000 1.509983
0.672200 1.523126
0.672400 1.536451
0.672600 1.549961
0.672800 1.563655
0.673000 1.577536
0.673200 1.591604
0.673400 1.605860
0.673600 1.620306
0.673800 1.634942
0.674000 1.649770
0.674200 1.664790
0.674400 1.680002
0.674600 1.695408
0.674800 1.711009
0.675000 1.726805
0.675200 1.742796
0.675400 1.758982
0.675600 1.775365
0.675800 1.791945
0.676000 1.808722
0.676200 1.825695
0.676400 1.842866
0.676600 1.860233
0.676800 1.877798
0.677000 1.895560
0.677200 1.913518
0.677400 1.931672
0.677600 1.950022
0.677800 1.968568
0.678000 1.987308
0.678200 2.006243
0.678400 2.025371
0.678600 2.044691
0.678800 2.064203
0.679000 2.083905
0.679200 2.103797
0.679400 2.123876
0.679600 2.144142
0.679800 2.164594
0.680000 2.185229
0.680200 2.206045
0.680400 2.227042
0.680600 2.248218
0.680800 2.269570
0.681000 2.291095
0.681200 2.312793
0.681400 2.334661
0.681600 2.356696
0.681800 2.378896
0.682000 2.401257
0.682200 2.423779
0.682400 2.446456
0.682600 2.469288
0.682800 2.492269
0.683000 2.515398
0.683200 2.538671
0.683400 2.562085
0.683600 2.585635
0.683800 2.609319
0.684000 2.633133
0.684200 2.657072
0.684400 2.681134
0.684600 2.705313
0.684800 2.729605
0.685000 2.754007
0.685200 2.778513
0.685400 2.803120
0.685600 2.827823
0.685800 2.852617
0.686000 2.877497
0.686200 2.902458
0.686400 2.927495
0.686600 2.952603
0.686800 2.977778
0.687000 3.003013
0.687200 3.028303
0.687400 3.053642
0.687600 3.079026
0.687800 3.104448
0.688000 3.129903
0.688200 3.155384
0.688400 3.180887
0.688600 3.206403
0.688800 3.231929
0.689000 3.257457
0.689200 3.282981
0.689400 3.308496
0.689600 3.333993
0.689800 3.359468
0.690000 3.384914
0.690200 3.410323
0.690400 3.435689
0.690600 3.461007
0.690800 3.486268
0.691000 3.511466
0.691200 3.536595
0.691400 3.561647
0.691600 3.586615
0.691800 3.611493
0.692000 3.636274
0.692200 3.660950
0.692400 3.685515
0.692600 3.709961
0.692800 3.734282
0.693000 3.758470
0.693200 3.782519
0.693400 3.806420
0.693600 3.830168
0.693800 3.853755
0.694000 3.877174
0.694200 3.900417
0.694400 3.923479
0.694600 3.946351
0.694800 3.969028
0.695000 3.991501
0.695200 4.013764
0.695400 4.035810
0.695600 4.057632
0.695800 4.079223
0.696000 4.100577
0.696200 4.121686
0.696400 4.142545
0.696600 4.163146
0.696800 4.183483
0.697000 4.203549
0.697200 4.223339
0.697400 4.242845
0.697600 4.262061
0.697800 4.280981
0.698000 4.299600
0.698200 4.317911
0.698400 4.335908
0.698600 4.353585
0.698800 4.370937
0.699000 4.387959
0.699200 4.404643
0.699400 4.420986
0.699600 4.436982
0.699800 4.452626
0.700000 4.467913
0.700200 4.482838
0.700400 4.497396
0.700600 4.511582
0.700800 4.525392
0.701000 4.538823
0.701200 4.551868
0.701400 4.564526
0.701600 4.576790
0.701800 4.588659
0.702000 4.600127
0.702200 4.611193
0.702400 4.621852
0.702600 4.632101
0.702800 4.641937
0.703000 4.651358
0.703200 4.660360
0.703400 4.668942
0.703600 4.677101
0.703800 4.684835
0.704000 4.692142
0.704200 4.699020
0.704400 4.705467
0.704600 4.711482
0.704800 4.717065
0.705000 4.722212
0.705200 4.726925
0.705400 4.731202
0.705600 4.735042
0.705800 4.738445
0.706000 4.741411
0.706200 4.743940
0.706400 4.746032
0.706600 4.747688
0.706800 4.748907
0.707000 4.749691
0.707200 4.750040
0.707400 4.749956
0.707600 4.749440
0.707800 4.748493
0.708000 4.747117
0.708200 4.745313
0.708400 4.743084
0.708600 4.740432
0.708800 4.737358
0.709000 4.733866
0.709200 4.729957
0.709400 4.725636
0.709600 4.720904
0.709800 4.715764
0.710000 4.710221
0.710200 4.704277
0.710400 4.697937
0.710600 4.691203
0.710800 4.684079
0.711000 4.676571
0.711200 4.668681
0.711400 4.660414
0.711600 4.651775
0.711800 4.642768
0.712000 4.633398
0.712200 4.623670
0.712400 4.613589
0.712600 4.603159
0.712800 4.592386
0.713000 4.581276
0.713200 4.569834
0.713400 4.558064
0.713600 4.545974
0.713800 4.533569
0.714000 4.520855
0.714200 4.507837
0.714400 4.494521
0.714600 4.480915
0.714800 4.467023
0.715000 4.452853
0.715200 4.438411
0.715400 4.423702
0.715600 4.408735
0.715800 4.393514
0.716000 4.378048
0.716200 4.362341
0.716400 4.346403
0.716600 4.330238
0.716800 4.313854
0.717000 4.297258
0.717200 4.280456
0.717400 4.263456
0.717600 4.246265
0.717800 4.228889
0.718000 4.211336
0.718200 4.193612
0.718400 4.175724
0.718600 4.157681
0.718800 4.139488
0.719000 4.121152
0.719200 4.102681
0.719400 4.084082
0.719600 4.065362
0.719800 4.046527
0.720000 4.027585
0.720200 4.008543
0.720400 3.989407
0.720600 3.970184
0.720800 3.950882
0.721000 3.931507
0.721200 3.912066
0.721400 3.892565
0.721600 3.873012
0.721800 3.853412
0.722000 3.833773
0.722200 3.814101
0.722400 3.794402
0.722600 3.774683
0.722800 3.754951
0.723000 3.735210
0.723200 3.715469
0.723400 3.695732
0.723600 3.676006
0.723800 3.656296
0.724000 3.636610
0.724200 3.616951
0.724400 3.597327
0.724600 3.577743
0.724800 3.558204
0.725000 3.538715
0.725200 3.519283
0.725400 3.499912
0.725600 3.480608
0.725800 3.461375
0.726000 3.442219
0.726200 3.423144
0.726400 3.404155
0.726600 3.385257
0.726800 3.366455
0.727000 3.347752
0.727200 3.329154
0.727400 3.310664
0.727600 3.292286
0.727800 3.274025
0.728000 3.255884
0.728200 3.237868
0.728400 3.219979
0.728600 3.202222
0.728800 3.184600
0.729000 3.167117
0.729200 3.149775
0.729400 3.132577
0.729600 3.115527
0.729800 3.098628
0.730000 3.081883
0.730200 3.065293
0.730400 3.048862
0.730600 3.032592
0.730800 3.016486
0.731000 3.000545
0.731200 2.984773
0.731400 2.969170
0.731600 2.953739
0.731800 2.938482
0.732000 2.923400
0.732200 2.908495
0.732400 2.893769
0.732600 2.879222
0.732800 2.864857
0.733000 2.850674
0.733200 2.836674
0.733400 2.822859
0.733600 2.809230
0.733800 2.795786
0.734000 2.782530
0.734200 2.769461
0.734400 2.756580
0.734600 2.743888
0.734800 2.731384
0.735000 2.719070
0.735200 2.706945
0.735400 2.695010
0.735600 2.683264
0.735800 2.671707
0.736000 2.660340
0.736200 2.649161
0.736400 2.638172
0.736600 2.627370
0.736800 2.616757
0.737000 2.606331
0.737200 2.596092
0.737400 2.586039
0.737600 2.576172
0.737800 2.566489
0.738000 2.556991
0.738200 2.547675
0.738400 2.538541
0.738600 2.529588
0.738800 2.520815
0.739000 2.512221
0.739200 2.503805
0.739400 2.495565
0.739600 2.487501
0.739800 2.479610
0.740000 2.471891
0.740200 2.464344
0.740400 2.456967
0.740600 2.449758
0.740800 2.442715
0.741000 2.435838
0.741200 2.429124
0.741400 2.422572
0.741600 2.416180
0.741800 2.409948
0.742000 2.403872
0.742200 2.397951
0.742400 2.392184
0.742600 2.386568
0.742800 2.381102
0.743000 2.375785
0.743200 2.370614
0.743400 2.365587
0.743600 2.360703
0.743800 2.355959
0.744000 2.351354
0.744200 2.346886
0.744400 2.342553
0.744600 2.338353
0.744800 2.334285
0.745000 2.330345
0.745200 2.326533
0.745400 2.322846
0.745600 2.319283
0.745800 2.315840
0.746000 2.312518
0.746200 2.309313
0.746400 2.306223
0.746600 2.303248
0.746800 2.300384
0.747000 2.297630
0.747200 2.294983
0.747400 2.292443
0.747600 2.290007
0.747800 2.287673
0.748000 2.285439
0.748200 2.283303
0.748400 2.281264
0.748600 2.279320
0.748800 2.277469
0.749000 2.275708
0.749200 2.274036
0.749400 2.272452
0.749600 2.270953
0.749800 2.269538
0.750000 2.268205
0.750200 2.266953
0.750400 2.265778
0.750600 2.264681
0.750800 2.263658
0.751000 2.262709
0.751200 2.261831
0.751400 2.261024
0.751600 2.260284
0.751800 2.259612
0.752000 2.259005
0.752200 2.258461
0.752400 2.257980
0.752600 2.257559
0.752800 2.257197
0.753000 2.256893
0.753200 2.256644
0.753400 2.256451
0.753600 2.256310
0.753800 2.256221
0.754000 2.256183
0.754200 2.256194
0.754400 2.256252
0.754600 2.256356
0.754800 2.256506
0.755000 2.256699
0.755200 2.256935
0.755400 2.257212
0.755600 2.257529
0.755800 2.257885
0.756000 2.258278
0.756200 2.258708
0.756400 2.259173
0.756600 2.259672
0.756800 2.260205
0.757000 2.260769
0.757200 2.261365
0.757400 2.261990
0.757600 2.262644
0.757800 2.263326
0.758000 2.264036
0.758200 2.264771
0.758400 2.265531
0.758600 2.266315
0.758800 2.267122
0.759000 2.267952
0.759200 2.268803
0.759400 2.269675
0.759600 2.270566
0.759800 2.271477
0.760000 2.272406
0.760200 2.273352
0.760400 2.274315
0.760600 2.275293
0.760800 2.276287
0.761000 2.277296
0.761200 2.278318
0.761400 2.279353
0.761600 2.280401
0.761800 2.281460
0.762000 2.282531
0.762200 2.283613
0.762400 2.284704
0.762600 2.285804
0.762800 2.286914
0.763000 2.288032
0.763200 2.289157
0.763400 2.290290
0.763600 2.291429
0.763800 2.292575
0.764000 2.293726
0.764200 2.294883
0.764400 2.296044
0.764600 2.297210
0.764800 2.298379
0.765000 2.299552
0.765200 2.300728
0.765400 2.301906
0.765600 2.303087
0.765800 2.304270
0.766000 2.305454
0.766200 2.306639
0.766400 2.307825
0.766600 2.309011
0.766800 2.310198
0.767000 2.311384
0.767200 2.312570
0.767400 2.313754
0.767600 2.314938
0.767800 2.316120
0.768000 2.317301
0.768200 2.318479
0.768400 2.319655
0.768600 2.320829
0.768800 2.322000
0.769000 2.323168
0.769200 2.324333
0.769400 2.325494
0.769600 2.326652
0.769800 2.327805
0.770000 2.328955
0.770200 2.330100
0.770400 2.331241
0.770600 2.332377
0.770800 2.333508
0.771000 2.334634
0.771200 2.335755
0.771400 2.336871
0.771600 2.337981
0.771800 2.339085
0.772000 2.340184
0.772200 2.341276
0.772400 2.342363
0.772600 2.343443
0.772800 2.344517
0.773000 2.345584
0.773200 2.346644
0.773400 2.347698
0.773600 2.348745
0.773800 2.349785
0.774000 2.350817
0.774200 2.351843
0.774400 2.352861
0.774600 2.353872
0.774800 2.354875
0.775000 2.355871
0.775200 2.356859
0.775400 2.357839
0.775600 2.358811
0.775800 2.359776
0.776000 2.360732
0.776200 2.361680
0.776400 2.362620
0.776600 2.363552
0.776800 2.364476
0.777000 2.365391
0.777200 2.366297
0.777400 2.367196
0.777600 2.368085
0.777800 2.368966
0.778000 2.369839
0.778200 2.370702
0.778400 2.371557
0.778600 2.372403
0.778800 2.373241
0.779000 2.374069
0.779200 2.374888
0.779400 2.375698
0.779600 2.376500
0.779800 2.377292
0.780000 2.378075
0.780200 2.378849
0.780400 2.379613
0.780600 2.380369
0.780800 2.381115
0.781000 2.381852
0.781200 2.382579
0.781400 2.383298
0.781600 2.384006
0.781800 2.384706
0.782000 2.385396
0.782200 2.386076
0.782400 2.386747
0.782600 2.387408
0.782800 2.388060
0.783000 2.388703
0.783200 2.389335
0.783400 2.389958
0.783600 2.390572
0.783800 2.391176
0.784000 2.391770
0.784200 2.392354
0.784400 2.392929
0.784600 2.393494
0.784800 2.394049
0.785000 2.394595
0.785200 2.395131
0.785400 2.395657
0.785600 2.396173
0.785800 2.396679
0.786000 2.397176
0.786200 2.397662
0.786400 2.398139
0.786600 2.398606
0.786800 2.399063
0.787000 2.399511
0.787200 2.399948
0.787400 2.400375
0.787600 2.400793
0.787800 2.401201
0.788000 2.401598
0.788200 2.401986
0.788400 2.402364
0.788600 2.402732
0.788800 2.403090
0.789000 2.403438
0.789200 2.403776
0.789400 2.404104
0.789600 2.404422
0.789800 2.404730
0.790000 2.405028
0.790200 2.405316
0.790400 2.405594
0.790600 2.405863
0.790800 2.406121
0.791000 2.406369
0.791200 2.406607
0.791400 2.406835
0.791600 2.407053
0.791800 2.407261
0.792000 2.407459
0.792200 2.407647
0.792400 2.407825
0.792600 2.407993
0.792800 2.408151
0.793000 2.408299
0.793200 2.408437
0.793400 2.408565
0.793600 2.408683
0.793800 2.408791
0.794000 2.408888
0.794200 2.408976
0.794400 2.409054
0.794600 2.409122
0.794800 2.409180
0.795000 2.409227
0.795200 2.409265
0.795400 2.409293
0.795600 2.409311
0.795800 2.409318
0.796000 2.409316
0.796200 2.409304
0.796400 2.409282
0.796600 2.409249
0.796800 2.409207
0.797000 2.409155
0.797200 2.409093
0.797400 2.409020
0.797600 2.408938
0.797800 2.408846
0.798000 2.408744
0.798200 2.408632
0.798400 2.408510
0.798600 2.408378
0.798800 2.408236
0.799000 2.408085
0.799200 2.407923
0.799400 2.407751
0.799600 2.407570
0.799800 2.407378
0.800000 2.407177
0.800200 2.406966
0.800400 2.406745
0.800600 2.406514
0.800800 2.406273
0.801000 2.406022
0.801200 2.405762
0.801400 2.405492
0.801600 2.405211
0.801800 2.404921
0.802000 2.404622
0.802200 2.404312
0.802400 2.403993
0.802600 2.403663
0.802800 2.403325
0.803000 2.402976
0.803200 2.402617
0.803400 2.402249
0.803600 2.401871
0.803800 2.401484
0.804000 2.401086
0.804200 2.400679
0.804400 2.400263
0.804600 2.399836
0.804800 2.399400
0.805000 2.398955
0.805200 2.398499
0.805400 2.398035
0.805600 2.397560
0.805800 2.397076
0.806000 2.396582
0.806200 2.396079
0.806400 2.395567
0.806600 2.395044
0.806800 2.394513
0.807000 2.393971
0.807200 2.393421
0.807400 2.392860
0.807600 2.392291
0.807800 2.391712
0.808000 2.391123
0.808200 2.390525
0.808400 2.389918
0.808600 2.389301
0.808800 2.388675
0.809000 2.388040
0.809200 2.387395
0.809400 2.386741
0.809600 2.386078
0.809800 2.385406
0.810000 2.384724
0.810200 2.384033
0.810400 2.383333
0.810600 2.382624
0.810800 2.381905
0.811000 2.381178
0.811200 2.380441
0.811400 2.379695
0.811600 2.378941
0.811800 2.378177
0.812000 2.377404
0.812200 2.376622
0.812400 2.375831
0.812600 2.375031
0.812800 2.374222
0.813000 2.373405
0.813200 2.372578
0.813400 2.371742
0.813600 2.370898
0.813800 2.370045
0.814000 2.369183
0.814200 2.368312
0.814400 2.367433
0.814600 2.366545
0.814800 2.365648
0.815000 2.364742
0.815200 2.363828
0.815400 2.362905
0.815600 2.361974
0.815800 2.361034
0.816000 2.360085
0.816200 2.359128
0.816400 2.358163
0.816600 2.357189
0.816800 2.356207
0.817000 2.355216
0.817200 2.354217
0.817400 2.353210
0.817600 2.352194
0.817800 2.351170
0.818000 2.350138
0.818200 2.349097
0.818400 2.348049
0.818600 2.346992
0.818800 2.345927
0.819000 2.344855
0.819200 2.343774
0.819400 2.342685
0.819600 2.341588
0.819800 2.340483
0.820000 2.339370
0.820200 2.338250
0.820400 2.337121
0.820600 2.335985
0.820800 2.334841
0.821000 2.333689
0.821200 2.332530
0.821400 2.331362
0.821600 2.330188
0.821800 2.329005
0.822000 2.327816
0.822200 2.326618
0.822400 2.325413
0.822600 2.324201
0.822800 2.322981
0.823000 2.321754
0.823200 2.320520
0.823400 2.319279
0.823600 2.318030
0.823800 2.316774
0.824000 2.315511
0.824200 2.314240
0.824400 2.312963
0.824600 2.311679
0.824800 2.310388
0.825000 2.309089
0.825200 2.307784
0.825400 2.306472
0.825600 2.305154
0.825800 2.303828
0.826000 2.302496
0.826200 2.301157
0.826400 2.299812
0.826600 2.298460
0.826800 2.297101
0.827000 2.295736
0.827200 2.294365
0.827400 2.292987
0.827600 2.291603
0.827800 2.290212
0.828000 2.288816
0.828200 2.287413
0.828400 2.286004
0.828600 2.284589
0.828800 2.283168
0.829000 2.281741
0.829200 2.280308
0.829400 2.278869
0.829600 2.277425
0.829800 2.275975
0.830000 2.274518
0.830200 2.273057
0.830400 2.271590
0.830600 2.270117
0.830800 2.268638
0.831000 2.267155
0.831200 2.265666
0.831400 2.264171
0.831600 2.262672
0.831800 2.261167
0.832000 2.259657
0.832200 2.258142
0.832400 2.256622
0.832600 2.255097
0.832800 2.253567
0.833000 2.252032
0.833200 2.250493
0.833400 2.248949
0.833600 2.247400
0.833800 2.245846
0.834000 2.244288
0.834200 2.242726
0.834400 2.241159
0.834600 2.239588
0.834800 2.238013
0.835000 2.236433
0.835200 2.234850
0.835400 2.233262
0.835600 2.231670
0.835800 2.230074
0.836000 2.228475
0.836200 2.226872
0.836400 2.225265
0.836600 2.223654
0.836800 2.222040
0.837000 2.220422
0.837200 2.218801
0.837400 2.217177
0.837600 2.215549
0.837800 2.213918
0.838000 2.212284
0.838200 2.210647
0.838400 2.209006
0.838600 2.207363
0.838800 2.205717
0.839000 2.204069
0.839200 2.202417
0.839400 2.200763
0.839600 2.199107
0.839800 2.197448
0.840000 2.195787
0.840200 2.194123
0.840400 2.192457
0.840600 2.190790
0.840800 2.189120
0.841000 2.187448
0.841200 2.185774
0.841400 2.184098
0.841600 2.182421
0.841800 2.180742
0.842000 2.179062
0.842200 2.177380
0.842400 2.175696
0.842600 2.174012
0.842800 2.172326
0.843000 2.170639
0.843200 2.168951
0.843400 2.167262
0.843600 2.165573
0.843800 2.163882
0.844000 2.162191
0.844200 2.160499
0.844400 2.158807
0.844600 2.157115
0.844800 2.155422
0.845000 2.153729
0.845200 2.152036
0.845400 2.150342
0.845600 2.148649
0.845800 2.146956
0.846000 2.145264
0.846200 2.143571
0.846400 2.141880
0.846600 2.140188
0.846800 2.138498
0.847000 2.136808
0.847200 2.135119
0.847400 2.133431
0.847600 2.131744
0.847800 2.130058
0.848000 2.128374
0.848200 2.126690
0.848400 2.125009
0.848600 2.123329
0.848800 2.121650
0.849000 2.119973
0.849200 2.118299
0.849400 2.116626
0.849600 2.114955
0.849800 2.113287
0.850000 2.111620
0.850200 2.109957
0.850400 2.108295
0.850600 2.106637
0.850800 2.104981
0.851000 2.103328
0.851200 2.101678
0.851400 2.100031
0.851600 2.098387
0.851800 2.096747
0.852000 2.095110
0.852200 2.093476
0.852400 2.091846
0.852600 2.090220
0.852800 2.088598
0.853000 2.086980
0.853200 2.085365
0.853400 2.083755
0.853600 2.082150
0.853800 2.080549
0.854000 2.078952
0.854200 2.077360
0.854400 2.075773
0.854600 2.074191
0.854800 2.072614
0.855000 2.071042
0.855200 2.069475
0.855400 2.067914
0.855600 2.066358
0.855800 2.064808
0.856000 2.063264
0.856200 2.061726
0.856400 2.060193
0.856600 2.058667
0.856800 2.057147
0.857000 2.055634
0.857200 2.054127
0.857400 2.052627
0.857600 2.051133
0.857800 2.049646
0.858000 2.048167
0.858200 2.046695
0.858400 2.045229
0.858600 2.043772
0.858800 2.042322
0.859000 2.040879
0.859200 2.039445
0.859400 2.038018
0.859600 2.036599
0.859800 2.035189
0.860000 2.033787
0.860200 2.032394
0.860400 2.031009
0.860600 2.029632
0.860800 2.028265
0.861000 2.026907
0.861200 2.025558
0.861400 2.024218
0.861600 2.022887
0.861800 2.021567
0.862000 2.020255
0.862200 2.018954
0.862400 2.017662
0.862600 2.016381
0.862800 2.015110
0.863000 2.013849
0.863200 2.012599
0.863400 2.011360
0.863600 2.010131
0.863800 2.008913
0.864000 2.007706
0.864200 2.006511
0.864400 2.005326
0.864600 2.004154
0.864800 2.002992
0.865000 2.001843
0.865200 2.000706
0.865400 1.999580
0.865600 1.998467
0.865800 1.997366
0.866000 1.996278
0.866200 1.995202
0.866400 1.994139
0.866600 1.993088
0.866800 1.992051
0.867000 1.991027
0.867200 1.990017
0.867400 1.989019
0.867600 1.988036
0.867800 1.987066
0.868000 1.986110
0.868200 1.985168
0.868400 1.984240
0.868600 1.983327
0.868800 1.982428
0.869000 1.981544
0.869200 1.980674
0.869400 1.979819
0.869600 1.978980
0.869800 1.978155
0.870000 1.977346
0.870200 1.976552
0.870400 1.975774
0.870600 1.975012
0.870800 1.974265
0.871000 1.973535
0.871200 1.972821
0.871400 1.972123
0.871600 1.971441
0.871800 1.970776
0.872000 1.970128
0.872200 1.969497
0.872400 1.968883
0.872600 1.968286
0.872800 1.967706
0.873000 1.967144
0.873200 1.966599
0.873400 1.966072
0.873600 1.965563
0.873800 1.965072
0.874000 1.964599
0.874200 1.964145
0.874400 1.963709
0.874600 1.963291
0.874800 1.962892
0.875000 1.962512
0.875200 1.962151
0.875400 1.961810
0.875600 1.961487
0.875800 1.961184
0.876000 1.960900
0.876200 1.960637
0.876400 1.960393
0.876600 1.960169
0.876800 1.959965
0.877000 1.959781
0.877200 1.959617
0.877400 1.959474
0.877600 1.959352
0.877800 1.959251
0.878000 1.959170
0.878200 1.959111
0.878400 1.959072
0.878600 1.959055
0.878800 1.959059
0.879000 1.959085
0.879200 1.959133
0.879400 1.959202
0.879600 1.959293
0.879800 1.959407
0.880000 1.959542
0.880200 1.959700
0.880400 1.959880
0.880600 1.960083
0.880800 1.960309
0.881000 1.960557
0.881200 1.960828
0.881400 1.961123
0.881600 1.961440
0.881800 1.961781
0.882000 1.962145
0.882200 1.962533
0.882400 1.962944
0.882600 1.963379
0.882800 1.963838
0.883000 1.964321
0.883200 1.964828
0.883400 1.965359
0.883600 1.965915
0.883800 1.966494
0.884000 1.967099
0.884200 1.967728
0.884400 1.968382
0.884600 1.969061
0.884800 1.969764
0.885000 1.970493
0.885200 1.971247
0.885400 1.972026
0.885600 1.972830
0.885800 1.973660
0.886000 1.974516
0.886200 1.975397
0.886400 1.976304
0.886600 1.977237
0.886800 1.978195
0.887000 1.979180
0.887200 1.980191
0.887400 1.981228
0.887600 1.982291
0.887800 1.983381
0.888000 1.984497
0.888200 1.985639
0.888400 1.986808
0.888600 1.988004
0.888800 1.989227
0.889000 1.990476
0.889200 1.991753
0.889400 1.993056
0.889600 1.994387
0.889800 1.995744
0.890000 1.997129
0.890200 1.998541
0.890400 1.999981
0.890600 2.001447
0.890800 2.002942
0.891000 2.004463
0.891200 2.006013
0.891400 2.007590
0.891600 2.009194
0.891800 2.010827
0.892000 2.012487
0.892200 2.014175
0.892400 2.015891
0.892600 2.017634
0.892800 2.019406
0.893000 2.021206
0.893200 2.023034
0.893400 2.024890
0.893600 2.026774
0.893800 2.028686
0.894000 2.030627
0.894200 2.032595
0.894400 2.034592
0.894600 2.036618
0.894800 2.038671
0.895000 2.040753
0.895200 2.042863
0.895400 2.045002
0.895600 2.047169
0.895800 2.049364
0.896000 2.051588
0.896200 2.053840
0.896400 2.056121
0.896600 2.058430
0.896800 2.060767
0.897000 2.063133
0.897200 2.065528
0.897400 2.067951
0.897600 2.070402
0.897800 2.072882
0.898000 2.075390
0.898200 2.077926
0.898400 2.080491
0.898600 2.083084
0.898800 2.085706
0.899000 2.088356
0.899200 2.091034
0.899400 2.093740
0.899600 2.096475
0.899800 2.099238
0.900000 2.102029
0.900200 2.104848
0.900400 2.107696
0.900600 2.110571
0.900800 2.113475
0.901000 2.116406
0.901200 2.119366
0.901400 2.122353
0.901600 2.125368
0.901800 2.128411
0.902000 2.131481
0.902200 2.134579
0.902400 2.137705
0.902600 2.140858
0.902800 2.144039
0.903000 2.147247
0.903200 2.150482
0.903400 2.153745
0.903600 2.157035
0.903800 2.160352
0.904000 2.163695
0.904200 2.167066
0.904400 2.170464
0.904600 2.173888
0.904800 2.177339
0.905000 2.180816
0.905200 2.184320
0.905400 2.187850
0.905600 2.191406
0.905800 2.194988
0.906000 2.198597
0.906200 2.202231
0.906400 2.205891
0.906600 2.209576
0.906800 2.213287
0.907000 2.217024
0.907200 2.220785
0.907400 2.224572
0.907600 2.228384
0.907800 2.232221
0.908000 2.236082
0.908200 2.239968
0.908400 2.243878
0.908600 2.247813
0.908800 2.251772
0.909000 2.255755
0.909200 2.259761
0.909400 2.263791
0.909600 2.267845
0.909800 2.271922
0.910000 2.276022
0.910200 2.280146
0.910400 2.284292
0.910600 2.288460
0.910800 2.292652
0.911000 2.296865
0.911200 2.301101
0.911400 2.305358
0.911600 2.309637
0.911800 2.313938
0.912000 2.318260
0.912200 2.322603
0.912400 2.326968
0.912600 2.331353
0.912800 2.335758
0.913000 2.340184
0.913200 2.344630
0.913400 2.349095
0.913600 2.353581
0.913800 2.358086
0.914000 2.362610
0.914200 2.367153
0.914400 2.371715
0.914600 2.376295
0.914800 2.380894
0.915000 2.385511
0.915200 2.390146
0.915400 2.394798
0.915600 2.399468
0.915800 2.404154
0.916000 2.408858
0.916200 2.413578
0.916400 2.418315
0.916600 2.423067
0.916800 2.427836
0.917000 2.432620
0.917200 2.437419
0.917400 2.442234
0.917600 2.447063
0.917800 2.451906
0.918000 2.456764
0.918200 2.461636
0.918400 2.466521
0.918600 2.471420
0.918800 2.476332
0.919000 2.481256
0.919200 2.486193
0.919400 2.491143
0.919600 2.496104
0.919800 2.501077
0.920000 2.506061
0.920200 2.511056
0.920400 2.516062
0.920600 2.521078
0.920800 2.526104
0.921000 2.531140
0.921200 2.536186
0.921400 2.541240
0.921600 2.546304
0.921800 2.551376
0.922000 2.556456
0.922200 2.561544
0.922400 2.566639
0.922600 2.571742
0.922800 2.576851
0.923000 2.581967
0.923200 2.587089
0.923400 2.592217
0.923600 2.597350
0.923800 2.602489
0.924000 2.607632
0.924200 2.612780
0.924400 2.617932
0.924600 2.623088
0.924800 2.628247
0.925000 2.633409
0.925200 2.638574
0.925400 2.643741
0.925600 2.648910
0.925800 2.654081
0.926000 2.659253
0.926200 2.664426
0.926400 2.669599
0.926600 2.674773
0.926800 2.679946
0.927000 2.685119
0.927200 2.690290
0.927400 2.695461
0.927600 2.700629
0.927800 2.705796
0.928000 2.710960
0.928200 2.716121
0.928400 2.721279
0.928600 2.726433
0.928800 2.731583
0.929000 2.736729
0.929200 2.741870
0.929400 2.747006
0.929600 2.752136
0.929800 2.757261
0.930000 2.762379
0.930200 2.767490
0.930400 2.772594
0.930600 2.777690
0.930800 2.782779
0.931000 2.787859
0.931200 2.792930
0.931400 2.797993
0.931600 2.803046
0.931800 2.808088
0.932000 2.813121
0.932200 2.818143
0.932400 2.823153
0.932600 2.828152
0.932800 2.833139
0.933000 2.838114
0.933200 2.843076
0.933400 2.848025
0.933600 2.852960
0.933800 2.857881
0.934000 2.862788
0.934200 2.867680
0.934400 2.872557
0.934600 2.877418
0.934800 2.882263
0.935000 2.887092
0.935200 2.891903
0.935400 2.896698
0.935600 2.901475
0.935800 2.906234
0.936000 2.910974
0.936200 2.915695
0.936400 2.920397
0.936600 2.925079
0.936800 2.929742
0.937000 2.934383
0.937200 2.939004
0.937400 2.943603
0.937600 2.948181
0.937800 2.952736
0.938000 2.957269
0.938200 2.961779
0.938400 2.966265
0.938600 2.970727
0.938800 2.975166
0.939000 2.979579
0.939200 2.983968
0.939400 2.988331
0.939600 2.992669
0.939800 2.996980
0.940000 3.001264
0.940200 3.005522
0.940400 3.009752
0.940600 3.013954
0.940800 3.018128
0.941000 3.022273
0.941200 3.026389
0.941400 3.030476
0.941600 3.034533
0.941800 3.038559
0.942000 3.042555
0.942200 3.046520
0.942400 3.050454
0.942600 3.054356
0.942800 3.058226
0.943000 3.062063
0.943200 3.065867
0.943400 3.069638
0.943600 3.073375
0.943800 3.077078
0.944000 3.080747
0.944200 3.084380
0.944400 3.087979
0.944600 3.091542
0.944800 3.095069
0.945000 3.098560
0.945200 3.102014
0.945400 3.105430
0.945600 3.108810
0.945800 3.112152
0.946000 3.115455
0.946200 3.118720
0.946400 3.121946
0.946600 3.125133
0.946800 3.128281
0.947000 3.131388
0.947200 3.134455
0.947400 3.137482
0.947600 3.140468
0.947800 3.143412
0.948000 3.146315
0.948200 3.149175
0.948400 3.151994
0.948600 3.154770
0.948800 3.157502
0.949000 3.160192
0.949200 3.162838
0.949400 3.165440
0.949600 3.167998
0.949800 3.170511
0.950000 3.172980
0.950200 3.175403
0.950400 3.177781
0.950600 3.180112
0.950800 3.182398
0.951000 3.184638
0.951200 3.186831
0.951400 3.188977
0.951600 3.191075
0.951800 3.193126
0.952000 3.195129
0.952200 3.197085
0.952400 3.198991
0.952600 3.200849
0.952800 3.202659
0.953000 3.204419
0.953200 3.206129
0.953400 3.207790
0.953600 3.209401
0.953800 3.210961
0.954000 3.212472
0.954200 3.213931
0.954400 3.215340
0.954600 3.216697
0.954800 3.218003
0.955000 3.219257
0.955200 3.220459
0.955400 3.221609
0.955600 3.222707
0.955800 3.223753
0.956000 3.224745
0.956200 3.225685
0.956400 3.226571
0.956600 3.227404
0.956800 3.228183
0.957000 3.228909
0.957200 3.229581
0.957400 3.230198
0.957600 3.230761
0.957800 3.231270
0.958000 3.231724
0.958200 3.232123
0.958400 3.232467
0.958600 3.232755
0.958800 3.232989
0.959000 3.233167
0.959200 3.233289
0.959400 3.233355
0.959600 3.233366
0.959800 3.233320
0.960000 3.233218
0.960200 3.233060
0.960400 3.232845
0.960600 3.232574
0.960800 3.232245
0.961000 3.231860
0.961200 3.231418
0.961400 3.230919
0.961600 3.230363
0.961800 3.229749
0.962000 3.229078
0.962200 3.228350
0.962400 3.227564
0.962600 3.226721
0.962800 3.225819
0.963000 3.224860
0.963200 3.223843
0.963400 3.222769
0.963600 3.221636
0.963800 3.220445
0.964000 3.219196
0.964200 3.217889
0.964400 3.216524
0.964600 3.215101
0.964800 3.213619
0.965000 3.212079
0.965200 3.210481
0.965400 3.208825
0.965600 3.207110
0.965800 3.205337
0.966000 3.203505
0.966200 3.201615
0.966400 3.199667
0.966600 3.197661
0.966800 3.195596
0.967000 3.193473
0.967200 3.191291
0.967400 3.189051
0.967600 3.186753
0.967800 3.184397
0.968000 3.181982
0.968200 3.179510
0.968400 3.176979
0.968600 3.174390
0.968800 3.171744
0.969000 3.169039
0.969200 3.166276
0.969400 3.163456
0.969600 3.160578
0.969800 3.157642
0.970000 3.154649
0.970200 3.151598
0.970400 3.148490
0.970600 3.145324
0.970800 3.142101
0.971000 3.138821
0.971200 3.135484
0.971400 3.132090
0.971600 3.128639
0.971800 3.125132
0.972000 3.121568
0.972200 3.117948
0.972400 3.114271
0.972600 3.110538
0.972800 3.106749
0.973000 3.102904
0.973200 3.099004
0.973400 3.095047
0.973600 3.091036
0.973800 3.086969
0.974000 3.082847
0.974200 3.078670
0.974400 3.074438
0.974600 3.070152
0.974800 3.065811
0.975000 3.061416
0.975200 3.056967
0.975400 3.052464
0.975600 3.047907
0.975800 3.043297
0.976000 3.038633
0.976200 3.033917
0.976400 3.029147
0.976600 3.024325
0.976800 3.019450
0.977000 3.014524
0.977200 3.009545
0.977400 3.004514
0.977600 2.999432
0.977800 2.994299
0.978000 2.989114
0.978200 2.983879
0.978400 2.978593
0.978600 2.973257
0.978800 2.967871
0.979000 2.962434
0.979200 2.956949
0.979400 2.951414
0.979600 2.945830
0.979800 2.940197
0.980000 2.934515
0.980200 2.928786
0.980400 2.923008
0.980600 2.917183
0.980800 2.911311
0.981000 2.905391
0.981200 2.899424
0.981400 2.893411
0.981600 2.887352
0.981800 2.881247
0.982000 2.875096
0.982200 2.868900
0.982400 2.862659
0.982600 2.856373
0.982800 2.850043
0.983000 2.843669
0.983200 2.837251
0.983400 2.830790
0.983600 2.824285
0.983800 2.817738
0.984000 2.811149
0.984200 2.804517
0.984400 2.797843
0.984600 2.791128
0.984800 2.784372
0.985000 2.777576
0.985200 2.770738
0.985400 2.763861
0.985600 2.756944
0.985800 2.749988
0.986000 2.742993
0.986200 2.735959
0.986400 2.728887
0.986600 2.721777
0.986800 2.714629
0.987000 2.707444
0.987200 2.700222
0.987400 2.692964
0.987600 2.685670
0.987800 2.678340
0.988000 2.670974
0.988200 2.663574
0.988400 2.656139
0.988600 2.648670
0.988800 2.641167
0.989000 2.633631
0.989200 2.626061
0.989400 2.618459
0.989600 2.610824
0.989800 2.603158
0.990000 2.595460
0.990200 2.587731
0.990400 2.579971
0.990600 2.572181
0.990800 2.564361
0.991000 2.556511
0.991200 2.548633
0.991400 2.540725
0.991600 2.532789
0.991800 2.524825
0.992000 2.516834
0.992200 2.508815
0.992400 2.500770
0.992600 2.492698
0.992800 2.484601
0.993000 2.476478
0.993200 2.468329
0.993400 2.460157
0.993600 2.451959
0.993800 2.443738
0.994000 2.435493
0.994200 2.427226
0.994400 2.418935
0.994600 2.410623
0.994800 2.402288
0.995000 2.393932
0.995200 2.385555
0.995400 2.377158
0.995600 2.368740
0.995800 2.360302
0.996000 2.351845
0.996200 2.343369
0.996400 2.334875
0.996600 2.326362
0.996800 2.317832
0.997000 2.309285
0.997200 2.300720
0.997400 2.292139
0.997600 2.283542
0.997800 2.274929
0.998000 2.266301
0.998200 2.257659
0.998400 2.249002
0.998600 2.240330
0.998800 2.231646
0.999000 2.222948
0.999200 2.214237
0.999400 2.205514
0.999600 2.196779
0.999800 2.188032
