0.000000 7.255813
0.000200 7.401167
0.000400 7.546790
0.000600 7.692548
0.000800 7.838301
0.001000 7.983909
0.001200 8.129226
0.001400 8.274106
0.001600 8.418398
0.001800 8.561950
0.002000 8.704609
0.002200 8.846219
0.002400 8.986624
0.002600 9.125664
0.002800 9.263183
0.003000 9.399019
0.003200 9.533013
0.003400 9.665007
0.003600 9.794841
0.003800 9.922357
0.004000 10.047398
0.004200 10.169808
0.004400 10.289433
0.004600 10.406121
0.004800 10.519723
0.005000 10.630091
0.005200 10.737081
0.005400 10.840554
0.005600 10.940373
0.005800 11.036404
0.006000 11.128519
0.006200 11.216595
0.006400 11.300511
0.006600 11.380154
0.006800 11.455416
0.007000 11.526193
0.007200 11.592388
0.007400 11.653911
0.007600 11.710677
0.007800 11.762608
0.008000 11.809633
0.008200 11.851688
0.008400 11.888715
0.008600 11.920664
0.008800 11.947492
0.009000 11.969165
0.009200 11.985655
0.009400 11.996941
0.009600 12.003011
0.009800 12.003859
0.010000 11.999490
0.010200 11.989913
0.010400 11.975147
0.010600 11.955217
0.010800 11.930156
0.011000 11.900006
0.011200 11.864815
0.011400 11.824637
0.011600 11.779536
0.011800 11.729580
0.012000 11.674847
0.012200 11.615418
0.012400 11.551383
0.012600 11.482838
0.012800 11.409883
0.013000 11.332626
0.013200 11.251180
0.013400 11.165661
0.013600 11.076194
0.013800 10.982905
0.014000 10.885925
0.014200 10.785391
0.014400 10.681443
0.014600 10.574222
0.014800 10.463875
0.015000 10.350552
0.015200 10.234402
0.015400 10.115580
0.015600 9.994240
0.015800 9.870540
0.016000 9.744638
0.016200 9.616691
0.016400 9.486860
0.016600 9.355303
0.016800 9.222180
0.017000 9.087649
0.017200 8.951870
0.017400 8.814998
0.017600 8.677190
0.017800 8.538599
0.018000 8.399379
0.018200 8.259678
0.018400 8.119646
0.018600 7.979426
0.018800 7.839162
0.019000 7.698992
0.019200 7.559054
0.019400 7.419478
0.019600 7.280395
0.019800 7.141929
0.020000 7.004201
0.020200 6.867329
0.020400 6.731425
0.020600 6.596599
0.020800 6.462954
0.021000 6.330589
0.021200 6.199601
0.021400 6.070079
0.021600 5.942109
0.021800 5.815772
0.022000 5.691145
0.022200 5.568298
0.022400 5.447300
0.022600 5.328211
0.022800 5.211090
0.023000 5.095988
0.023200 4.982955
0.023400 4.872033
0.023600 4.763261
0.023800 4.656674
0.024000 4.552303
0.024200 4.450172
0.024400 4.350305
0.024600 4.252718
0.024800 4.157426
0.025000 4.064437
0.025200 3.973760
0.025400 3.885395
0.025600 3.799343
0.025800 3.715599
0.026000 3.634155
0.026200 3.555002
0.026400 3.478126
0.026600 3.403511
0.026800 3.331137
0.027000 3.260985
0.027200 3.193029
0.027400 3.127246
0.027600 3.063605
0.027800 3.002079
0.028000 2.942634
0.028200 2.885239
0.028400 2.829858
0.028600 2.776455
0.028800 2.724993
0.029000 2.675433
0.029200 2.627736
0.029400 2.581862
0.029600 2.537769
0.029800 2.495416
0.030000 2.454761
0.030200 2.415760
0.030400 2.378372
0.030600 2.342552
0.030800 2.308258
0.031000 2.275446
0.031200 2.244073
0.031400 2.214095
0.031600 2.185470
0.031800 2.158155
0.032000 2.132107
0.032200 2.107285
0.032400 2.083647
0.032600 2.061152
0.032800 2.039760
0.033000 2.019430
0.033200 2.000125
0.033400 1.981804
0.033600 1.964432
0.033800 1.947970
0.034000 1.932382
0.034200 1.917634
0.034400 1.903690
0.034600 1.890517
0.034800 1.878082
0.035000 1.866353
0.035200 1.855299
0.035400 1.844890
0.035600 1.835097
0.035800 1.825891
0.036000 1.817245
0.036200 1.809132
0.036400 1.801526
0.036600 1.794403
0.036800 1.787738
0.037000 1.781509
0.037200 1.775694
0.037400 1.770269
0.037600 1.765217
0.037800 1.760515
0.038000 1.756146
0.038200 1.752091
0.038400 1.748332
0.038600 1.744854
0.038800 1.741639
0.039000 1.738673
0.039200 1.735940
0.039400 1.733428
0.039600 1.731122
0.039800 1.729010
0.040000 1.727080
0.040200 1.725320
0.040400 1.723719
0.040600 1.722267
0.040800 1.720954
0.041000 1.719771
0.041200 1.718708
0.041400 1.717757
0.041600 1.716910
0.041800 1.716160
0.042000 1.715500
0.042200 1.714922
0.042400 1.714420
0.042600 1.713989
0.042800 1.713622
0.043000 1.713315
0.043200 1.713061
0.043400 1.712857
0.043600 1.712698
0.043800 1.712579
0.044000 1.712498
0.044200 1.712449
0.044400 1.712430
0.044600 1.712437
0.044800 1.712467
0.045000 1.712518
0.045200 1.712586
0.045400 1.712670
0.045600 1.712767
0.045800 1.712874
0.046000 1.712990
0.046200 1.713112
0.046400 1.713240
0.046600 1.713370
0.046800 1.713503
0.047000 1.713636
0.047200 1.713768
0.047400 1.713897
0.047600 1.714023
0.047800 1.714145
0.048000 1.714261
0.048200 1.714371
0.048400 1.714474
0.048600 1.714569
0.048800 1.714655
0.049000 1.714731
0.049200 1.714798
0.049400 1.714853
0.049600 1.714898
0.049800 1.714931
0.050000 1.714952
0.050200 1.714961
0.050400 1.714957
0.050600 1.714939
0.050800 1.714908
0.051000 1.714863
0.051200 1.714804
0.051400 1.714731
0.051600 1.714643
0.051800 1.714540
0.052000 1.714423
0.052200 1.714290
0.052400 1.714142
0.052600 1.713978
0.052800 1.713799
0.053000 1.713604
0.053200 1.713393
0.053400 1.713167
0.053600 1.712924
0.053800 1.712665
0.054000 1.712391
0.054200 1.712100
0.054400 1.711792
0.054600 1.711469
0.054800 1.711129
0.055000 1.710773
0.055200 1.710400
0.055400 1.710011
0.055600 1.709605
0.055800 1.709183
0.056000 1.708745
0.056200 1.708289
0.056400 1.707818
0.056600 1.707330
0.056800 1.706825
0.057000 1.706303
0.057200 1.705766
0.057400 1.705211
0.057600 1.704640
0.057800 1.704053
0.058000 1.703449
0.058200 1.702828
0.058400 1.702191
0.058600 1.701537
0.058800 1.700867
0.059000 1.700180
0.059200 1.699477
0.059400 1.698758
0.059600 1.698022
0.059800 1.697269
0.060000 1.696501
0.060200 1.695715
0.060400 1.694914
0.060600 1.694096
0.060800 1.693262
0.061000 1.692411
0.061200 1.691544
0.061400 1.690661
0.061600 1.689762
0.061800 1.688847
0.062000 1.687915
0.062200 1.686967
0.062400 1.686003
0.062600 1.685023
0.062800 1.684027
0.063000 1.683015
0.063200 1.681987
0.063400 1.680943
0.063600 1.679883
0.063800 1.678807
0.064000 1.677715
0.064200 1.676608
0.064400 1.675484
0.064600 1.674345
0.064800 1.673190
0.065000 1.672019
0.065200 1.670832
0.065400 1.669630
0.065600 1.668413
0.065800 1.667179
0.066000 1.665930
0.066200 1.664666
0.066400 1.663386
0.066600 1.662091
0.066800 1.660780
0.067000 1.659454
0.067200 1.658112
0.067400 1.656756
0.067600 1.655384
0.067800 1.653997
0.068000 1.652594
0.068200 1.651177
0.068400 1.649744
0.068600 1.648297
0.068800 1.646834
0.069000 1.645357
0.069200 1.643864
0.069400 1.642357
0.069600 1.640835
0.069800 1.639298
0.070000 1.637746
0.070200 1.636179
0.070400 1.634598
0.070600 1.633003
0.070800 1.631392
0.071000 1.629768
0.071200 1.628128
0.071400 1.626475
0.071600 1.624807
0.071800 1.623124
0.072000 1.621428
0.072200 1.619717
0.072400 1.617992
0.072600 1.616253
0.072800 1.614499
0.073000 1.612732
0.073200 1.610951
0.073400 1.609156
0.073600 1.607346
0.073800 1.605523
0.074000 1.603687
0.074200 1.601836
0.074400 1.599972
0.074600 1.598094
0.074800 1.596203
0.075000 1.594298
0.075200 1.592380
0.075400 1.590448
0.075600 1.588503
0.075800 1.586545
0.076000 1.584573
0.076200 1.582588
0.076400 1.580590
0.076600 1.578579
0.076800 1.576555
0.077000 1.574518
0.077200 1.572469
0.077400 1.570406
0.077600 1.568330
0.077800 1.566242
0.078000 1.564141
0.078200 1.562027
0.078400 1.559901
0.078600 1.557763
0.078800 1.555612
0.079000 1.553448
0.079200 1.551272
0.079400 1.549084
0.079600 1.546884
0.079800 1.544672
0.080000 1.542447
0.080200 1.540211
0.080400 1.537962
0.080600 1.535702
0.080800 1.533430
0.081000 1.531146
0.081200 1.528850
0.081400 1.526543
0.081600 1.524224
0.081800 1.521894
0.082000 1.519552
0.082200 1.517199
0.082400 1.514834
0.082600 1.512459
0.082800 1.510072
0.083000 1.507673
0.083200 1.505264
0.083400 1.502844
0.083600 1.500413
0.083800 1.497971
0.084000 1.495518
0.084200 1.493055
0.084400 1.490580
0.084600 1.488096
0.084800 1.485600
0.085000 1.483094
0.085200 1.480578
0.085400 1.478052
0.085600 1.475515
0.085800 1.472968
0.086000 1.470411
0.086200 1.467843
0.086400 1.465266
0.086600 1.462679
0.086800 1.460082
0.087000 1.457475
0.087200 1.454859
0.087400 1.452232
0.087600 1.449597
0.087800 1.446951
0.088000 1.444297
0.088200 1.441633
0.088400 1.438959
0.088600 1.436276
0.088800 1.433585
0.089000 1.430884
0.089200 1.428174
0.089400 1.425455
0.089600 1.422727
0.089800 1.419991
0.090000 1.417245
0.090200 1.414491
0.090400 1.411729
0.090600 1.408958
0.090800 1.406178
0.091000 1.403390
0.091200 1.400594
0.091400 1.397789
0.091600 1.394977
0.091800 1.392156
0.092000 1.389327
0.092200 1.386490
0.092400 1.383645
0.092600 1.380793
0.092800 1.377933
0.093000 1.375065
0.093200 1.372190
0.093400 1.369307
0.093600 1.366416
0.093800 1.363518
0.094000 1.360613
0.094200 1.357701
0.094400 1.354782
0.094600 1.351855
0.094800 1.348921
0.095000 1.345981
0.095200 1.343034
0.095400 1.340079
0.095600 1.337119
0.095800 1.334151
0.096000 1.331177
0.096200 1.328197
0.096400 1.325210
0.096600 1.322216
0.096800 1.319217
0.097000 1.316211
0.097200 1.313199
0.097400 1.310181
0.097600 1.307157
0.097800 1.304127
0.098000 1.301091
0.098200 1.298050
0.098400 1.295003
0.098600 1.291950
0.098800 1.288892
0.099000 1.285828
0.099200 1.282759
0.099400 1.279684
0.099600 1.276604
0.099800 1.273519
0.100000 1.270429
0.100200 1.267334
0.100400 1.264234
0.100600 1.261130
0.100800 1.258020
0.101000 1.254905
0.101200 1.251786
0.101400 1.248663
0.101600 1.245535
0.101800 1.242402
0.102000 1.239265
0.102200 1.236124
0.102400 1.232978
0.102600 1.229828
0.102800 1.226675
0.103000 1.223517
0.103200 1.220355
0.103400 1.217190
0.103600 1.214021
0.103800 1.210848
0.104000 1.207671
0.104200 1.204491
0.104400 1.201307
0.104600 1.198120
0.104800 1.194929
0.105000 1.191736
0.105200 1.188539
0.105400 1.185338
0.105600 1.182135
0.105800 1.178929
0.106000 1.175720
0.106200 1.172508
0.106400 1.169293
0.106600 1.166076
0.106800 1.162856
0.107000 1.159633
0.107200 1.156408
0.107400 1.153180
0.107600 1.149950
0.107800 1.146718
0.108000 1.143484
0.108200 1.140247
0.108400 1.137009
0.108600 1.133768
0.108800 1.130525
0.109000 1.127281
0.109200 1.124035
0.109400 1.120787
0.109600 1.117537
0.109800 1.114286
0.110000 1.111033
0.110200 1.107779
0.110400 1.104523
0.110600 1.101266
0.110800 1.098008
0.111000 1.094749
0.111200 1.091488
0.111400 1.088227
0.111600 1.084964
0.111800 1.081701
0.112000 1.078437
0.112200 1.075172
0.112400 1.071906
0.112600 1.068640
0.112800 1.065373
0.113000 1.062106
0.113200 1.058838
0.113400 1.055569
0.113600 1.052301
0.113800 1.049032
0.114000 1.045763
0.114200 1.042494
0.114400 1.039225
0.114600 1.035956
0.114800 1.032687
0.115000 1.029418
0.115200 1.026149
0.115400 1.022881
0.115600 1.019613
0.115800 1.016345
0.116000 1.013078
0.116200 1.009811
0.116400 1.006545
0.116600 1.003280
0.116800 1.000015
0.117000 0.996751
0.117200 0.993488
0.117400 0.990225
0.117600 0.986964
0.117800 0.983704
0.118000 0.980445
0.118200 0.977187
0.118400 0.973930
0.118600 0.970674
0.118800 0.967420
0.119000 0.964167
0.119200 0.960916
0.119400 0.957666
0.119600 0.954417
0.119800 0.951171
0.120000 0.947925
0.120200 0.944682
0.120400 0.941441
0.120600 0.938201
0.120800 0.934963
0.121000 0.931727
0.121200 0.928494
0.121400 0.925262
0.121600 0.922032
0.121800 0.918805
0.122000 0.915580
0.122200 0.912357
0.122400 0.909136
0.122600 0.905918
0.122800 0.902703
0.123000 0.899490
0.123200 0.896279
0.123400 0.893071
0.123600 0.889866
0.123800 0.886664
0.124000 0.883464
0.124200 0.880267
0.124400 0.877074
0.124600 0.873883
0.124800 0.870695
0.125000 0.867510
0.125200 0.864328
0.125400 0.861149
0.125600 0.857974
0.125800 0.854802
0.126000 0.851633
0.126200 0.848468
0.126400 0.845306
0.126600 0.842147
0.126800 0.838992
0.127000 0.835841
0.127200 0.832693
0.127400 0.829548
0.127600 0.826408
0.127800 0.823271
0.128000 0.820138
0.128200 0.817009
0.128400 0.813884
0.128600 0.810763
0.128800 0.807645
0.129000 0.804532
0.129200 0.801423
0.129400 0.798318
0.129600 0.795217
0.129800 0.792120
0.130000 0.789028
0.130200 0.785940
0.130400 0.782856
0.130600 0.779777
0.130800 0.776702
0.131000 0.773631
0.131200 0.770565
0.131400 0.767504
0.131600 0.764447
0.131800 0.761395
0.132000 0.758348
0.132200 0.755305
0.132400 0.752267
0.132600 0.749234
0.132800 0.746206
0.133000 0.743183
0.133200 0.740164
0.133400 0.737151
0.133600 0.734142
0.133800 0.731139
0.134000 0.728141
0.134200 0.725148
0.134400 0.722160
0.134600 0.719177
0.134800 0.716200
0.135000 0.713227
0.135200 0.710260
0.135400 0.707299
0.135600 0.704343
0.135800 0.701392
0.136000 0.698447
0.136200 0.695507
0.136400 0.692573
0.136600 0.689644
0.136800 0.686721
0.137000 0.683803
0.137200 0.680891
0.137400 0.677985
0.137600 0.675085
0.137800 0.672190
0.138000 0.669302
0.138200 0.666419
0.138400 0.663541
0.138600 0.660670
0.138800 0.657805
0.139000 0.654946
0.139200 0.652092
0.139400 0.649245
0.139600 0.646404
0.139800 0.643568
0.140000 0.640739
0.140200 0.637916
0.140400 0.635099
0.140600 0.632289
0.140800 0.629484
0.141000 0.626686
0.141200 0.623894
0.141400 0.621109
0.141600 0.618329
0.141800 0.615556
0.142000 0.612790
0.142200 0.610030
0.142400 0.607276
0.142600 0.604529
0.142800 0.601788
0.143000 0.599054
0.143200 0.596326
0.143400 0.593605
0.143600 0.590890
0.143800 0.588182
0.144000 0.585481
0.144200 0.582786
0.144400 0.580098
0.144600 0.577417
0.144800 0.574742
0.145000 0.572074
0.145200 0.569413
0.145400 0.566759
0.145600 0.564111
0.145800 0.561470
0.146000 0.558836
0.146200 0.556209
0.146400 0.553589
0.146600 0.550976
0.146800 0.548370
0.147000 0.545770
0.147200 0.543178
0.147400 0.540592
0.147600 0.538014
0.147800 0.535442
0.148000 0.532878
0.148200 0.530320
0.148400 0.527770
0.148600 0.525227
0.148800 0.522690
0.149000 0.520161
0.149200 0.517639
0.149400 0.515124
0.149600 0.512617
0.149800 0.510116
0.150000 0.507623
0.150200 0.505137
0.150400 0.502658
0.150600 0.500186
0.150800 0.497722
0.151000 0.495264
0.151200 0.492814
0.151400 0.490372
0.151600 0.487936
0.151800 0.485508
0.152000 0.483087
0.152200 0.480674
0.152400 0.478268
0.152600 0.475869
0.152800 0.473477
0.153000 0.471093
0.153200 0.468717
0.153400 0.466347
0.153600 0.463985
0.153800 0.461631
0.154000 0.459284
0.154200 0.456944
0.154400 0.454612
0.154600 0.452287
0.154800 0.449969
0.155000 0.447659
0.155200 0.445357
0.155400 0.443062
0.155600 0.440774
0.155800 0.438494
0.156000 0.436221
0.156200 0.433956
0.156400 0.431699
0.156600 0.429449
0.156800 0.427206
0.157000 0.424971
0.157200 0.422743
0.157400 0.420523
0.157600 0.418311
0.157800 0.416106
0.158000 0.413908
0.158200 0.411718
0.158400 0.409536
0.158600 0.407361
0.158800 0.405194
0.159000 0.403034
0.159200 0.400882
0.159400 0.398737
0.159600 0.396600
0.159800 0.394470
0.160000 0.392348
0.160200 0.390234
0.160400 0.388127
0.160600 0.386028
0.160800 0.383936
0.161000 0.381852
0.161200 0.379775
0.161400 0.377706
0.161600 0.375645
0.161800 0.373591
0.162000 0.371544
0.162200 0.369505
0.162400 0.367474
0.162600 0.365450
0.162800 0.363434
0.163000 0.361426
0.163200 0.359424
0.163400 0.357431
0.163600 0.355445
0.163800 0.353467
0.164000 0.351496
0.164200 0.349532
0.164400 0.347576
0.164600 0.345628
0.164800 0.343687
0.165000 0.341754
0.165200 0.339828
0.165400 0.337910
0.165600 0.335999
0.165800 0.334096
0.166000 0.332200
0.166200 0.330312
0.166400 0.328432
0.166600 0.326558
0.166800 0.324692
0.167000 0.322834
0.167200 0.320983
0.167400 0.319140
0.167600 0.317304
0.167800 0.315475
0.168000 0.313654
0.168200 0.311841
0.168400 0.310035
0.168600 0.308236
0.168800 0.306444
0.169000 0.304660
0.169200 0.302884
0.169400 0.301115
0.169600 0.299353
0.169800 0.297598
0.170000 0.295851
0.170200 0.294111
0.170400 0.292379
0.170600 0.290654
0.170800 0.288936
0.171000 0.287226
0.171200 0.285523
0.171400 0.283827
0.171600 0.282138
0.171800 0.280457
0.172000 0.278783
0.172200 0.277116
0.172400 0.275457
0.172600 0.273804
0.172800 0.272159
0.173000 0.270521
0.173200 0.268891
0.173400 0.267267
0.173600 0.265651
0.173800 0.264042
0.174000 0.262440
0.174200 0.260845
0.174400 0.259257
0.174600 0.257677
0.174800 0.256103
0.175000 0.254537
0.175200 0.252978
0.175400 0.251425
0.175600 0.249880
0.175800 0.248342
0.176000 0.246811
0.176200 0.245287
0.176400 0.243770
0.176600 0.242260
0.176800 0.240756
0.177000 0.239260
0.177200 0.237771
0.177400 0.236289
0.177600 0.234813
0.177800 0.233345
0.178000 0.231883
0.178200 0.230429
0.178400 0.228981
0.178600 0.227540
0.178800 0.226106
0.179000 0.224678
0.179200 0.223258
0.179400 0.221844
0.179600 0.220437
0.179800 0.219037
0.180000 0.217644
0.180200 0.216257
0.180400 0.214877
0.180600 0.213503
0.180800 0.212137
0.181000 0.210777
0.181200 0.209424
0.181400 0.208077
0.181600 0.206737
0.181800 0.205403
0.182000 0.204076
0.182200 0.202756
0.182400 0.201442
0.182600 0.200135
0.182800 0.198834
0.183000 0.197540
0.183200 0.196252
0.183400 0.194971
0.183600 0.193696
0.183800 0.192428
0.184000 0.191166
0.184200 0.189910
0.184400 0.188661
0.184600 0.187418
0.184800 0.186182
0.185000 0.184952
0.185200 0.183728
0.185400 0.182510
0.185600 0.181299
0.185800 0.180094
0.186000 0.178895
0.186200 0.177703
0.186400 0.176517
0.186600 0.175336
0.186800 0.174162
0.187000 0.172995
0.187200 0.171833
0.187400 0.170677
0.187600 0.169528
0.187800 0.168385
0.188000 0.167247
0.188200 0.166116
0.188400 0.164991
0.188600 0.163871
0.188800 0.162758
0.189000 0.161651
0.189200 0.160549
0.189400 0.159454
0.189600 0.158364
0.189800 0.157281
0.190000 0.156203
0.190200 0.155131
0.190400 0.154065
0.190600 0.153005
0.190800 0.151950
0.191000 0.150901
0.191200 0.149858
0.191400 0.148821
0.191600 0.147790
0.191800 0.146764
0.192000 0.145744
0.192200 0.144729
0.192400 0.143721
0.192600 0.142717
0.192800 0.141720
0.193000 0.140728
0.193200 0.139741
0.193400 0.138760
0.193600 0.137785
0.193800 0.136815
0.194000 0.135851
0.194200 0.134892
0.194400 0.133938
0.194600 0.132990
0.194800 0.132048
0.195000 0.131110
0.195200 0.130179
0.195400 0.129252
0.195600 0.128331
0.195800 0.127415
0.196000 0.126504
0.196200 0.125599
0.196400 0.124699
0.196600 0.123804
0.196800 0.122914
0.197000 0.122030
0.197200 0.121150
0.197400 0.120276
0.197600 0.119407
0.197800 0.118543
0.198000 0.117684
0.198200 0.116831
0.198400 0.115982
0.198600 0.115138
0.198800 0.114299
0.199000 0.113466
0.199200 0.112637
0.199400 0.111813
0.199600 0.110994
0.199800 0.110180
0.200000 0.109371
0.200200 0.108567
0.200400 0.107768
0.200600 0.106973
0.200800 0.106183
0.201000 0.105399
0.201200 0.104618
0.201400 0.103843
0.201600 0.103072
0.201800 0.102306
0.202000 0.101545
0.202200 0.100788
0.202400 0.100036
0.202600 0.099289
0.202800 0.098546
0.203000 0.097808
0.203200 0.097075
0.203400 0.096346
0.203600 0.095621
0.203800 0.094901
0.204000 0.094186
0.204200 0.093475
0.204400 0.092768
0.204600 0.092066
0.204800 0.091368
0.205000 0.090675
0.205200 0.089986
0.205400 0.089301
0.205600 0.088621
0.205800 0.087945
0.206000 0.087273
0.206200 0.086606
0.206400 0.085943
0.206600 0.085284
0.206800 0.084629
0.207000 0.083979
0.207200 0.083332
0.207400 0.082690
0.207600 0.082052
0.207800 0.081418
0.208000 0.080789
0.208200 0.080163
0.208400 0.079541
0.208600 0.078923
0.208800 0.078310
0.209000 0.077700
0.209200 0.077095
0.209400 0.076493
0.209600 0.075895
0.209800 0.075302
0.210000 0.074712
0.210200 0.074126
0.210400 0.073544
0.210600 0.072965
0.210800 0.072391
0.211000 0.071820
0.211200 0.071253
0.211400 0.070690
0.211600 0.070131
0.211800 0.069575
0.212000 0.069024
0.212200 0.068475
0.212400 0.067931
0.212600 0.067390
0.212800 0.066853
0.213000 0.066320
0.213200 0.065790
0.213400 0.065263
0.213600 0.064741
0.213800 0.064221
0.214000 0.063706
0.214200 0.063194
0.214400 0.062685
0.214600 0.062180
0.214800 0.061678
0.215000 0.061180
0.215200 0.060685
0.215400 0.060193
0.215600 0.059705
0.215800 0.059221
0.216000 0.058739
0.216200 0.058261
0.216400 0.057787
0.216600 0.057315
0.216800 0.056847
0.217000 0.056382
0.217200 0.055921
0.217400 0.055463
0.217600 0.055007
0.217800 0.054556
0.218000 0.054107
0.218200 0.053661
0.218400 0.053219
0.218600 0.052779
0.218800 0.052343
0.219000 0.051910
0.219200 0.051480
0.219400 0.051053
0.219600 0.050629
0.219800 0.050208
0.220000 0.049790
0.220200 0.049375
0.220400 0.048963
0.220600 0.048554
0.220800 0.048148
0.221000 0.047745
0.221200 0.047345
0.221400 0.046948
0.221600 0.046553
0.221800 0.046162
0.222000 0.045773
0.222200 0.045387
0.222400 0.045004
0.222600 0.044624
0.222800 0.044246
0.223000 0.043871
0.223200 0.043499
0.223400 0.043130
0.223600 0.042763
0.223800 0.042399
0.224000 0.042038
0.224200 0.041680
0.224400 0.041324
0.224600 0.040970
0.224800 0.040620
0.225000 0.040272
0.225200 0.039926
0.225400 0.039583
0.225600 0.039243
0.225800 0.038905
0.226000 0.038570
0.226200 0.038237
0.226400 0.037907
0.226600 0.037579
0.226800 0.037254
0.227000 0.036931
0.227200 0.036611
0.227400 0.036293
0.227600 0.035977
0.227800 0.035664
0.228000 0.035353
0.228200 0.035045
0.228400 0.034738
0.228600 0.034435
0.228800 0.034133
0.229000 0.033834
0.229200 0.033537
0.229400 0.033243
0.229600 0.032950
0.229800 0.032660
0.230000 0.032372
0.230200 0.032087
0.230400 0.031803
0.230600 0.031522
0.230800 0.031243
0.231000 0.030966
0.231200 0.030691
0.231400 0.030419
0.231600 0.030148
0.231800 0.029880
0.232000 0.029614
0.232200 0.029350
0.232400 0.029087
0.232600 0.028827
0.232800 0.028569
0.233000 0.028313
0.233200 0.028059
0.233400 0.027807
0.233600 0.027558
0.233800 0.027310
0.234000 0.027064
0.234200 0.026819
0.234400 0.026577
0.234600 0.026337
0.234800 0.026099
0.235000 0.025862
0.235200 0.025628
0.235400 0.025395
0.235600 0.025165
0.235800 0.024936
0.236000 0.024709
0.236200 0.024483
0.236400 0.024260
0.236600 0.024038
0.236800 0.023818
0.237000 0.023600
0.237200 0.023384
0.237400 0.023169
0.237600 0.022957
0.237800 0.022746
0.238000 0.022536
0.238200 0.022329
0.238400 0.022123
0.238600 0.021918
0.238800 0.021716
0.239000 0.021515
0.239200 0.021316
0.239400 0.021118
0.239600 0.020922
0.239800 0.020728
0.240000 0.020535
0.240200 0.020344
0.240400 0.020154
0.240600 0.019966
0.240800 0.019779
0.241000 0.019594
0.241200 0.019411
0.241400 0.019229
0.241600 0.019049
0.241800 0.018870
0.242000 0.018693
0.242200 0.018517
0.242400 0.018342
0.242600 0.018169
0.242800 0.017998
0.243000 0.017828
0.243200 0.017659
0.243400 0.017492
0.243600 0.017326
0.243800 0.017162
0.244000 0.016999
0.244200 0.016837
0.244400 0.016677
0.244600 0.016518
0.244800 0.016361
0.245000 0.016205
0.245200 0.016050
0.245400 0.015897
0.245600 0.015744
0.245800 0.015593
0.246000 0.015444
0.246200 0.015296
0.246400 0.015149
0.246600 0.015003
0.246800 0.014858
0.247000 0.014715
0.247200 0.014573
0.247400 0.014432
0.247600 0.014293
0.247800 0.014155
0.248000 0.014017
0.248200 0.013881
0.248400 0.013747
0.248600 0.013613
0.248800 0.013481
0.249000 0.013350
0.249200 0.013219
0.249400 0.013090
0.249600 0.012963
0.249800 0.012836
0.250000 0.012710
0.250200 0.012586
0.250400 0.012463
0.250600 0.012340
0.250800 0.012219
0.251000 0.012099
0.251200 0.011980
0.251400 0.011862
0.251600 0.011745
0.251800 0.011629
0.252000 0.011514
0.252200 0.011400
0.252400 0.011288
0.252600 0.011176
0.252800 0.011065
0.253000 0.010955
0.253200 0.010846
0.253400 0.010739
0.253600 0.010632
0.253800 0.010526
0.254000 0.010421
0.254200 0.010317
0.254400 0.010214
0.254600 0.010112
0.254800 0.010011
0.255000 0.009910
0.255200 0.009811
0.255400 0.009713
0.255600 0.009615
0.255800 0.009519
0.256000 0.009423
0.256200 0.009328
0.256400 0.009234
0.256600 0.009141
0.256800 0.009049
0.257000 0.008957
0.257200 0.008867
0.257400 0.008777
0.257600 0.008688
0.257800 0.008600
0.258000 0.008513
0.258200 0.008426
0.258400 0.008341
0.258600 0.008256
0.258800 0.008172
0.259000 0.008089
0.259200 0.008006
0.259400 0.007924
0.259600 0.007843
0.259800 0.007763
0.260000 0.007684
0.260200 0.007605
0.260400 0.007527
0.260600 0.007450
0.260800 0.007374
0.261000 0.007298
0.261200 0.007223
0.261400 0.007149
0.261600 0.007075
0.261800 0.007003
0.262000 0.006930
0.262200 0.006859
0.262400 0.006788
0.262600 0.006718
0.262800 0.006649
0.263000 0.006580
0.263200 0.006512
0.263400 0.006444
0.263600 0.006378
0.263800 0.006312
0.264000 0.006246
0.264200 0.006181
0.264400 0.006117
0.264600 0.006054
0.264800 0.005991
0.265000 0.005929
0.265200 0.005867
0.265400 0.005806
0.265600 0.005745
0.265800 0.005685
0.266000 0.005626
0.266200 0.005568
0.266400 0.005509
0.266600 0.005452
0.266800 0.005395
0.267000 0.005339
0.267200 0.005283
0.267400 0.005228
0.267600 0.005173
0.267800 0.005119
0.268000 0.005065
0.268200 0.005012
0.268400 0.004960
0.268600 0.004908
0.268800 0.004857
0.269000 0.004806
0.269200 0.004755
0.269400 0.004706
0.269600 0.004656
0.269800 0.004608
0.270000 0.004559
0.270200 0.004512
0.270400 0.004464
0.270600 0.004418
0.270800 0.004371
0.271000 0.004325
0.271200 0.004280
0.271400 0.004235
0.271600 0.004191
0.271800 0.004147
0.272000 0.004104
0.272200 0.004061
0.272400 0.004019
0.272600 0.003977
0.272800 0.003935
0.273000 0.003894
0.273200 0.003853
0.273400 0.003813
0.273600 0.003774
0.273800 0.003734
0.274000 0.003695
0.274200 0.003657
0.274400 0.003619
0.274600 0.003582
0.274800 0.003545
0.275000 0.003508
0.275200 0.003472
0.275400 0.003436
0.275600 0.003400
0.275800 0.003365
0.276000 0.003331
0.276200 0.003297
0.276400 0.003263
0.276600 0.003229
0.276800 0.003197
0.277000 0.003164
0.277200 0.003132
0.277400 0.003100
0.277600 0.003069
0.277800 0.003038
0.278000 0.003007
0.278200 0.002977
0.278400 0.002947
0.278600 0.002917
0.278800 0.002888
0.279000 0.002860
0.279200 0.002831
0.279400 0.002803
0.279600 0.002776
0.279800 0.002749
0.280000 0.002722
0.280200 0.002695
0.280400 0.002669
0.280600 0.002643
0.280800 0.002618
0.281000 0.002593
0.281200 0.002568
0.281400 0.002544
0.281600 0.002520
0.281800 0.002496
0.282000 0.002473
0.282200 0.002450
0.282400 0.002427
0.282600 0.002405
0.282800 0.002383
0.283000 0.002361
0.283200 0.002340
0.283400 0.002319
0.283600 0.002299
0.283800 0.002278
0.284000 0.002259
0.284200 0.002239
0.284400 0.002220
0.284600 0.002201
0.284800 0.002182
0.285000 0.002164
0.285200 0.002146
0.285400 0.002129
0.285600 0.002112
0.285800 0.002095
0.286000 0.002078
0.286200 0.002062
0.286400 0.002046
0.286600 0.002030
0.286800 0.002015
0.287000 0.002000
0.287200 0.001986
0.287400 0.001971
0.287600 0.001958
0.287800 0.001944
0.288000 0.001931
0.288200 0.001918
0.288400 0.001905
0.288600 0.001893
0.288800 0.001881
0.289000 0.001869
0.289200 0.001858
0.289400 0.001847
0.289600 0.001836
0.289800 0.001826
0.290000 0.001816
0.290200 0.001806
0.290400 0.001797
0.290600 0.001788
0.290800 0.001779
0.291000 0.001771
0.291200 0.001763
0.291400 0.001756
0.291600 0.001748
0.291800 0.001741
0.292000 0.001735
0.292200 0.001728
0.292400 0.001722
0.292600 0.001717
0.292800 0.001712
0.293000 0.001707
0.293200 0.001702
0.293400 0.001698
0.293600 0.001694
0.293800 0.001690
0.294000 0.001687
0.294200 0.001685
0.294400 0.001682
0.294600 0.001680
0.294800 0.001678
0.295000 0.001677
0.295200 0.001676
0.295400 0.001675
0.295600 0.001675
0.295800 0.001675
0.296000 0.001676
0.296200 0.001677
0.296400 0.001678
0.296600 0.001680
0.296800 0.001682
0.297000 0.001684
0.297200 0.001687
0.297400 0.001690
0.297600 0.001694
0.297800 0.001698
0.298000 0.001702
0.298200 0.001707
0.298400 0.001712
0.298600 0.001718
0.298800 0.001724
0.299000 0.001731
0.299200 0.001738
0.299400 0.001745
0.299600 0.001753
0.299800 0.001761
0.300000 0.001770
0.300200 0.001779
0.300400 0.001789
0.300600 0.001799
0.300800 0.001809
0.301000 0.001820
0.301200 0.001832
0.301400 0.001844
0.301600 0.001856
0.301800 0.001869
0.302000 0.001882
0.302200 0.001896
0.302400 0.001911
0.302600 0.001925
0.302800 0.001941
0.303000 0.001957
0.303200 0.001973
0.303400 0.001990
0.303600 0.002008
0.303800 0.002026
0.304000 0.002044
0.304200 0.002064
0.304400 0.002083
0.304600 0.002104
0.304800 0.002125
0.305000 0.002146
0.305200 0.002168
0.305400 0.002191
0.305600 0.002214
0.305800 0.002238
0.306000 0.002262
0.306200 0.002287
0.306400 0.002313
0.306600 0.002339
0.306800 0.002366
0.307000 0.002394
0.307200 0.002422
0.307400 0.002451
0.307600 0.002481
0.307800 0.002511
0.308000 0.002542
0.308200 0.002574
0.308400 0.002607
0.308600 0.002640
0.308800 0.002674
0.309000 0.002708
0.309200 0.002744
0.309400 0.002780
0.309600 0.002817
0.309800 0.002855
0.310000 0.002893
0.310200 0.002933
0.310400 0.002973
0.310600 0.003014
0.310800 0.003055
0.311000 0.003098
0.311200 0.003141
0.311400 0.003186
0.311600 0.003231
0.311800 0.003277
0.312000 0.003324
0.312200 0.003372
0.312400 0.003421
0.312600 0.003471
0.312800 0.003521
0.313000 0.003573
0.313200 0.003626
0.313400 0.003679
0.313600 0.003734
0.313800 0.003790
0.314000 0.003846
0.314200 0.003904
0.314400 0.003963
0.314600 0.004022
0.314800 0.004083
0.315000 0.004145
0.315200 0.004208
0.315400 0.004273
0.315600 0.004338
0.315800 0.004404
0.316000 0.004472
0.316200 0.004541
0.316400 0.004611
0.316600 0.004682
0.316800 0.004755
0.317000 0.004828
0.317200 0.004903
0.317400 0.004979
0.317600 0.005057
0.317800 0.005136
0.318000 0.005216
0.318200 0.005297
0.318400 0.005380
0.318600 0.005465
0.318800 0.005550
0.319000 0.005637
0.319200 0.005726
0.319400 0.005816
0.319600 0.005907
0.319800 0.006000
0.320000 0.006094
0.320200 0.006190
0.320400 0.006288
0.320600 0.006387
0.320800 0.006487
0.321000 0.006590
0.321200 0.006693
0.321400 0.006799
0.321600 0.006906
0.321800 0.007015
0.322000 0.007126
0.322200 0.007238
0.322400 0.007352
0.322600 0.007468
0.322800 0.007585
0.323000 0.007705
0.323200 0.007826
0.323400 0.007949
0.323600 0.008074
0.323800 0.008201
0.324000 0.008330
0.324200 0.008461
0.324400 0.008594
0.324600 0.008729
0.324800 0.008866
0.325000 0.009005
0.325200 0.009146
0.325400 0.009289
0.325600 0.009434
0.325800 0.009582
0.326000 0.009731
0.326200 0.009883
0.326400 0.010037
0.326600 0.010194
0.326800 0.010353
0.327000 0.010514
0.327200 0.010677
0.327400 0.010843
0.327600 0.011011
0.327800 0.011182
0.328000 0.011355
0.328200 0.011530
0.328400 0.011708
0.328600 0.011889
0.328800 0.012072
0.329000 0.012258
0.329200 0.012447
0.329400 0.012638
0.329600 0.012832
0.329800 0.013029
0.330000 0.013228
0.330200 0.013431
0.330400 0.013636
0.330600 0.013844
0.330800 0.014055
0.331000 0.014269
0.331200 0.014485
0.331400 0.014705
0.331600 0.014928
0.331800 0.015154
0.332000 0.015383
0.332200 0.015616
0.332400 0.015851
0.332600 0.016090
0.332800 0.016332
0.333000 0.016577
0.333200 0.016826
0.333400 0.017078
0.333600 0.017333
0.333800 0.017592
0.334000 0.017854
0.334200 0.018120
0.334400 0.018389
0.334600 0.018662
0.334800 0.018939
0.335000 0.019219
0.335200 0.019503
0.335400 0.019791
0.335600 0.020083
0.335800 0.020378
0.336000 0.020677
0.336200 0.020981
0.336400 0.021288
0.336600 0.021599
0.336800 0.021915
0.337000 0.022234
0.337200 0.022557
0.337400 0.022885
0.337600 0.023217
0.337800 0.023553
0.338000 0.023894
0.338200 0.024239
0.338400 0.024588
0.338600 0.024942
0.338800 0.025300
0.339000 0.025663
0.339200 0.026031
0.339400 0.026403
0.339600 0.026779
0.339800 0.027161
0.340000 0.027547
0.340200 0.027938
0.340400 0.028334
0.340600 0.028735
0.340800 0.029141
0.341000 0.029552
0.341200 0.029968
0.341400 0.030389
0.341600 0.030815
0.341800 0.031247
0.342000 0.031684
0.342200 0.032126
0.342400 0.032573
0.342600 0.033026
0.342800 0.033485
0.343000 0.033949
0.343200 0.034419
0.343400 0.034894
0.343600 0.035375
0.343800 0.035861
0.344000 0.036354
0.344200 0.036852
0.344400 0.037357
0.344600 0.037867
0.344800 0.038383
0.345000 0.038906
0.345200 0.039434
0.345400 0.039969
0.345600 0.040510
0.345800 0.041057
0.346000 0.041611
0.346200 0.042171
0.346400 0.042737
0.346600 0.043310
0.346800 0.043890
0.347000 0.044477
0.347200 0.045070
0.347400 0.045669
0.347600 0.046276
0.347800 0.046890
0.348000 0.047510
0.348200 0.048138
0.348400 0.048773
0.348600 0.049414
0.348800 0.050063
0.349000 0.050720
0.349200 0.051383
0.349400 0.052054
0.349600 0.052733
0.349800 0.053419
0.350000 0.054112
0.350200 0.054813
0.350400 0.055522
0.350600 0.056239
0.350800 0.056963
0.351000 0.057695
0.351200 0.058436
0.351400 0.059184
0.351600 0.059940
0.351800 0.060705
0.352000 0.061478
0.352200 0.062259
0.352400 0.063048
0.352600 0.063846
0.352800 0.064652
0.353000 0.065467
0.353200 0.066290
0.353400 0.067122
0.353600 0.067963
0.353800 0.068812
0.354000 0.069671
0.354200 0.070538
0.354400 0.071415
0.354600 0.072300
0.354800 0.073195
0.355000 0.074099
0.355200 0.075012
0.355400 0.075934
0.355600 0.076866
0.355800 0.077807
0.356000 0.078758
0.356200 0.079719
0.356400 0.080689
0.356600 0.081669
0.356800 0.082658
0.357000 0.083658
0.357200 0.084668
0.357400 0.085687
0.357600 0.086717
0.357800 0.087757
0.358000 0.088807
0.358200 0.089867
0.358400 0.090938
0.358600 0.092019
0.358800 0.093111
0.359000 0.094213
0.359200 0.095326
0.359400 0.096450
0.359600 0.097584
0.359800 0.098730
0.360000 0.099886
0.360200 0.101053
0.360400 0.102231
0.360600 0.103421
0.360800 0.104621
0.361000 0.105833
0.361200 0.107056
0.361400 0.108291
0.361600 0.109537
0.361800 0.110795
0.362000 0.112064
0.362200 0.113345
0.362400 0.114637
0.362600 0.115942
0.362800 0.117258
0.363000 0.118586
0.363200 0.119927
0.363400 0.121279
0.363600 0.122644
0.363800 0.124020
0.364000 0.125410
0.364200 0.126811
0.364400 0.128225
0.364600 0.129651
0.364800 0.131090
0.365000 0.132541
0.365200 0.134006
0.365400 0.135483
0.365600 0.136972
0.365800 0.138475
0.366000 0.139991
0.366200 0.141519
0.366400 0.143061
0.366600 0.144616
0.366800 0.146184
0.367000 0.147765
0.367200 0.149360
0.367400 0.150968
0.367600 0.152589
0.367800 0.154224
0.368000 0.155873
0.368200 0.157535
0.368400 0.159211
0.368600 0.160901
0.368800 0.162604
0.369000 0.164321
0.369200 0.166053
0.369400 0.167798
0.369600 0.169557
0.369800 0.171331
0.370000 0.173119
0.370200 0.174921
0.370400 0.176737
0.370600 0.178567
0.370800 0.180412
0.371000 0.182272
0.371200 0.184146
0.371400 0.186034
0.371600 0.187937
0.371800 0.189855
0.372000 0.191788
0.372200 0.193735
0.372400 0.195697
0.372600 0.197674
0.372800 0.199666
0.373000 0.201673
0.373200 0.203695
0.373400 0.205732
0.373600 0.207784
0.373800 0.209851
0.374000 0.211934
0.374200 0.214031
0.374400 0.216144
0.374600 0.218273
0.374800 0.220417
0.375000 0.222576
0.375200 0.224751
0.375400 0.226941
0.375600 0.229147
0.375800 0.231368
0.376000 0.233605
0.376200 0.235858
0.376400 0.238126
0.376600 0.240410
0.376800 0.242710
0.377000 0.245026
0.377200 0.247358
0.377400 0.249705
0.377600 0.252069
0.377800 0.254448
0.378000 0.256843
0.378200 0.259255
0.378400 0.261682
0.378600 0.264125
0.378800 0.266585
0.379000 0.269061
0.379200 0.271552
0.379400 0.274060
0.379600 0.276584
0.379800 0.279125
0.380000 0.281681
0.380200 0.284254
0.380400 0.286843
0.380600 0.289448
0.380800 0.292070
0.381000 0.294708
0.381200 0.297362
0.381400 0.300033
0.381600 0.302720
0.381800 0.305423
0.382000 0.308143
0.382200 0.310879
0.382400 0.313631
0.382600 0.316400
0.382800 0.319185
0.383000 0.321987
0.383200 0.324805
0.383400 0.327639
0.383600 0.330490
0.383800 0.333357
0.384000 0.336241
0.384200 0.339141
0.384400 0.342057
0.384600 0.344990
0.384800 0.347939
0.385000 0.350905
0.385200 0.353887
0.385400 0.356885
0.385600 0.359900
0.385800 0.362931
0.386000 0.365978
0.386200 0.369042
0.386400 0.372122
0.386600 0.375218
0.386800 0.378330
0.387000 0.381459
0.387200 0.384603
0.387400 0.387764
0.387600 0.390941
0.387800 0.394134
0.388000 0.397344
0.388200 0.400569
0.388400 0.403810
0.388600 0.407068
0.388800 0.410341
0.389000 0.413630
0.389200 0.416935
0.389400 0.420256
0.389600 0.423593
0.389800 0.426945
0.390000 0.430313
0.390200 0.433697
0.390400 0.437097
0.390600 0.440512
0.390800 0.443942
0.391000 0.447388
0.391200 0.450850
0.391400 0.454327
0.391600 0.457819
0.391800 0.461326
0.392000 0.464849
0.392200 0.468386
0.392400 0.471939
0.392600 0.475507
0.392800 0.479090
0.393000 0.482688
0.393200 0.486300
0.393400 0.489927
0.393600 0.493569
0.393800 0.497226
0.394000 0.500897
0.394200 0.504582
0.394400 0.508282
0.394600 0.511996
0.394800 0.515725
0.395000 0.519467
0.395200 0.523224
0.395400 0.526994
0.395600 0.530779
0.395800 0.534577
0.396000 0.538389
0.396200 0.542215
0.396400 0.546054
0.396600 0.549906
0.396800 0.553772
0.397000 0.557651
0.397200 0.561543
0.397400 0.565448
0.397600 0.569366
0.397800 0.573297
0.398000 0.577240
0.398200 0.581197
0.398400 0.585165
0.398600 0.589146
0.398800 0.593140
0.399000 0.597145
0.399200 0.601162
0.399400 0.605192
0.399600 0.609233
0.399800 0.613286
0.400000 0.617350
0.400200 0.621426
0.400400 0.625513
0.400600 0.629612
0.400800 0.633721
0.401000 0.637842
0.401200 0.641973
0.401400 0.646114
0.401600 0.650267
0.401800 0.654429
0.402000 0.658602
0.402200 0.662785
0.402400 0.666978
0.402600 0.671181
0.402800 0.675394
0.403000 0.679616
0.403200 0.683847
0.403400 0.688088
0.403600 0.692338
0.403800 0.696596
0.404000 0.700864
0.404200 0.705140
0.404400 0.709425
0.404600 0.713717
0.404800 0.718019
0.405000 0.722328
0.405200 0.726644
0.405400 0.730969
0.405600 0.735301
0.405800 0.739641
0.406000 0.743987
0.406200 0.748341
0.406400 0.752701
0.406600 0.757068
0.406800 0.761442
0.407000 0.765822
0.407200 0.770208
0.407400 0.774600
0.407600 0.778998
0.407800 0.783401
0.408000 0.787810
0.408200 0.792224
0.408400 0.796643
0.408600 0.801068
0.408800 0.805496
0.409000 0.809930
0.409200 0.814367
0.409400 0.818809
0.409600 0.823255
0.409800 0.827704
0.410000 0.832157
0.410200 0.836614
0.410400 0.841073
0.410600 0.845536
0.410800 0.850001
0.411000 0.854469
0.411200 0.858939
0.411400 0.863412
0.411600 0.867886
0.411800 0.872363
0.412000 0.876840
0.412200 0.881320
0.412400 0.885800
0.412600 0.890282
0.412800 0.894764
0.413000 0.899247
0.413200 0.903730
0.413400 0.908213
0.413600 0.912696
0.413800 0.917179
0.414000 0.921662
0.414200 0.926143
0.414400 0.930624
0.414600 0.935104
0.414800 0.939582
0.415000 0.944059
0.415200 0.948534
0.415400 0.953008
0.415600 0.957479
0.415800 0.961947
0.416000 0.966413
0.416200 0.970876
0.416400 0.975336
0.416600 0.979793
0.416800 0.984247
0.417000 0.988696
0.417200 0.993142
0.417400 0.997584
0.417600 1.002021
0.417800 1.006454
0.418000 1.010881
0.418200 1.015304
0.418400 1.019722
0.418600 1.024134
0.418800 1.028540
0.419000 1.032941
0.419200 1.037335
0.419400 1.041724
0.419600 1.046105
0.419800 1.050480
0.420000 1.054847
0.420200 1.059208
0.420400 1.063561
0.420600 1.067906
0.420800 1.072244
0.421000 1.076573
0.421200 1.080894
0.421400 1.085207
0.421600 1.089510
0.421800 1.093805
0.422000 1.098091
0.422200 1.102367
0.422400 1.106633
0.422600 1.110890
0.422800 1.115136
0.423000 1.119372
0.423200 1.123598
0.423400 1.127813
0.423600 1.132017
0.423800 1.136209
0.424000 1.140391
0.424200 1.144561
0.424400 1.148719
0.424600 1.152864
0.424800 1.156998
0.425000 1.161119
0.425200 1.165228
0.425400 1.169323
0.425600 1.173406
0.425800 1.177475
0.426000 1.181531
0.426200 1.185573
0.426400 1.189601
0.426600 1.193615
0.426800 1.197615
0.427000 1.201600
0.427200 1.205570
0.427400 1.209526
0.427600 1.213466
0.427800 1.217391
0.428000 1.221300
0.428200 1.225194
0.428400 1.229072
0.428600 1.232933
0.428800 1.236778
0.429000 1.240607
0.429200 1.244419
0.429400 1.248214
0.429600 1.251993
0.429800 1.255753
0.430000 1.259497
0.430200 1.263223
0.430400 1.266930
0.430600 1.270620
0.430800 1.274292
0.431000 1.277945
0.431200 1.281580
0.431400 1.285196
0.431600 1.288794
0.431800 1.292372
0.432000 1.295931
0.432200 1.299471
0.432400 1.302991
0.432600 1.306491
0.432800 1.309971
0.433000 1.313432
0.433200 1.316872
0.433400 1.320292
0.433600 1.323691
0.433800 1.327070
0.434000 1.330428
0.434200 1.333765
0.434400 1.337080
0.434600 1.340375
0.434800 1.343648
0.435000 1.346900
0.435200 1.350130
0.435400 1.353338
0.435600 1.356524
0.435800 1.359688
0.436000 1.362830
0.436200 1.365950
0.436400 1.369047
0.436600 1.372121
0.436800 1.375173
0.437000 1.378202
0.437200 1.381208
0.437400 1.384191
0.437600 1.387151
0.437800 1.390088
0.438000 1.393001
0.438200 1.395891
0.438400 1.398757
0.438600 1.401600
0.438800 1.404419
0.439000 1.407214
0.439200 1.409985
0.439400 1.412732
0.439600 1.415454
0.439800 1.418153
0.440000 1.420828
0.440200 1.423478
0.440400 1.426103
0.440600 1.428704
0.440800 1.431281
0.441000 1.433833
0.441200 1.436360
0.441400 1.438862
0.441600 1.441340
0.441800 1.443793
0.442000 1.446221
0.442200 1.448623
0.442400 1.451001
0.442600 1.453354
0.442800 1.455682
0.443000 1.457984
0.443200 1.460262
0.443400 1.462514
0.443600 1.464741
0.443800 1.466943
0.444000 1.469119
0.444200 1.471271
0.444400 1.473396
0.444600 1.475497
0.444800 1.477572
0.445000 1.479622
0.445200 1.481647
0.445400 1.483646
0.445600 1.485620
0.445800 1.487569
0.446000 1.489492
0.446200 1.491390
0.446400 1.493263
0.446600 1.495111
0.446800 1.496933
0.447000 1.498730
0.447200 1.500502
0.447400 1.502248
0.447600 1.503970
0.447800 1.505667
0.448000 1.507338
0.448200 1.508984
0.448400 1.510606
0.448600 1.512203
0.448800 1.513775
0.449000 1.515322
0.449200 1.516844
0.449400 1.518342
0.449600 1.519815
0.449800 1.521263
0.450000 1.522687
0.450200 1.524087
0.450400 1.525463
0.450600 1.526814
0.450800 1.528141
0.451000 1.529444
0.451200 1.530724
0.451400 1.531979
0.451600 1.533211
0.451800 1.534419
0.452000 1.535603
0.452200 1.536764
0.452400 1.537902
0.452600 1.539017
0.452800 1.540109
0.453000 1.541177
0.453200 1.542223
0.453400 1.543246
0.453600 1.544247
0.453800 1.545225
0.454000 1.546181
0.454200 1.547115
0.454400 1.548027
0.454600 1.548917
0.454800 1.549785
0.455000 1.550632
0.455200 1.551458
0.455400 1.552262
0.455600 1.553045
0.455800 1.553808
0.456000 1.554549
0.456200 1.555270
0.456400 1.555971
0.456600 1.556652
0.456800 1.557313
0.457000 1.557953
0.457200 1.558575
0.457400 1.559176
0.457600 1.559759
0.457800 1.560323
0.458000 1.560867
0.458200 1.561393
0.458400 1.561901
0.458600 1.562391
0.458800 1.562862
0.459000 1.563316
0.459200 1.563752
0.459400 1.564171
0.459600 1.564573
0.459800 1.564958
0.460000 1.565326
0.460200 1.565678
0.460400 1.566013
0.460600 1.566333
0.460800 1.566637
0.461000 1.566925
0.461200 1.567199
0.461400 1.567457
0.461600 1.567700
0.461800 1.567930
0.462000 1.568144
0.462200 1.568345
0.462400 1.568533
0.462600 1.568706
0.462800 1.568867
0.463000 1.569015
0.463200 1.569150
0.463400 1.569273
0.463600 1.569384
0.463800 1.569483
0.464000 1.569570
0.464200 1.569646
0.464400 1.569712
0.464600 1.569766
0.464800 1.569810
0.465000 1.569844
0.465200 1.569869
0.465400 1.569884
0.465600 1.569889
0.465800 1.569886
0.466000 1.569874
0.466200 1.569854
0.466400 1.569826
0.466600 1.569790
0.466800 1.569747
0.467000 1.569697
0.467200 1.569640
0.467400 1.569577
0.467600 1.569507
0.467800 1.569432
0.468000 1.569351
0.468200 1.569265
0.468400 1.569174
0.468600 1.569079
0.468800 1.568979
0.469000 1.568876
0.469200 1.568769
0.469400 1.568659
0.469600 1.568546
0.469800 1.568430
0.470000 1.568312
0.470200 1.568193
0.470400 1.568071
0.470600 1.567949
0.470800 1.567826
0.471000 1.567702
0.471200 1.567578
0.471400 1.567454
0.471600 1.567331
0.471800 1.567208
0.472000 1.567087
0.472200 1.566967
0.472400 1.566849
0.472600 1.566733
0.472800 1.566620
0.473000 1.566509
0.473200 1.566402
0.473400 1.566298
0.473600 1.566199
0.473800 1.566104
0.474000 1.566013
0.474200 1.565927
0.474400 1.565847
0.474600 1.565772
0.474800 1.565704
0.475000 1.565641
0.475200 1.565586
0.475400 1.565538
0.475600 1.565497
0.475800 1.565464
0.476000 1.565439
0.476200 1.565422
0.476400 1.565414
0.476600 1.565416
0.476800 1.565427
0.477000 1.565448
0.477200 1.565479
0.477400 1.565521
0.477600 1.565574
0.477800 1.565638
0.478000 1.565714
0.478200 1.565802
0.478400 1.565902
0.478600 1.566015
0.478800 1.566140
0.479000 1.566280
0.479200 1.566433
0.479400 1.566600
0.479600 1.566781
0.479800 1.566977
0.480000 1.567189
0.480200 1.567415
0.480400 1.567658
0.480600 1.567916
0.480800 1.568192
0.481000 1.568483
0.481200 1.568792
0.481400 1.569119
0.481600 1.569463
0.481800 1.569826
0.482000 1.570206
0.482200 1.570606
0.482400 1.571025
0.482600 1.571463
0.482800 1.571921
0.483000 1.572399
0.483200 1.572898
0.483400 1.573417
0.483600 1.573957
0.483800 1.574519
0.484000 1.575102
0.484200 1.575707
0.484400 1.576335
0.484600 1.576985
0.484800 1.577658
0.485000 1.578355
0.485200 1.579074
0.485400 1.579818
0.485600 1.580586
0.485800 1.581378
0.486000 1.582195
0.486200 1.583037
0.486400 1.583904
0.486600 1.584797
0.486800 1.585716
0.487000 1.586661
0.487200 1.587632
0.487400 1.588630
0.487600 1.589655
0.487800 1.590707
0.488000 1.591787
0.488200 1.592895
0.488400 1.594030
0.488600 1.595194
0.488800 1.596387
0.489000 1.597608
0.489200 1.598859
0.489400 1.600139
0.489600 1.601448
0.489800 1.602787
0.490000 1.604157
0.490200 1.605556
0.490400 1.606986
0.490600 1.608447
0.490800 1.609939
0.491000 1.611463
0.491200 1.613017
0.491400 1.614604
0.491600 1.616222
0.491800 1.617873
0.492000 1.619555
0.492200 1.621271
0.492400 1.623019
0.492600 1.624799
0.492800 1.626614
0.493000 1.628461
0.493200 1.630342
0.493400 1.632256
0.493600 1.634205
0.493800 1.636187
0.494000 1.638204
0.494200 1.640255
0.494400 1.642341
0.494600 1.644462
0.494800 1.646617
0.495000 1.648807
0.495200 1.651033
0.495400 1.653294
0.495600 1.655591
0.495800 1.657923
0.496000 1.660291
0.496200 1.662694
0.496400 1.665134
0.496600 1.667610
0.496800 1.670123
0.497000 1.672671
0.497200 1.675256
0.497400 1.677878
0.497600 1.680537
0.497800 1.683232
0.498000 1.685964
0.498200 1.688734
0.498400 1.691540
0.498600 1.694384
0.498800 1.697264
0.499000 1.700183
0.499200 1.703138
0.499400 1.706131
0.499600 1.709162
0.499800 1.712230
0.500000 1.715336
0.500200 1.718479
0.500400 1.721660
0.500600 1.724879
0.500800 1.728136
0.501000 1.731431
0.501200 1.734763
0.501400 1.738134
0.501600 1.741542
0.501800 1.744988
0.502000 1.748472
0.502200 1.751995
0.502400 1.755555
0.502600 1.759152
0.502800 1.762788
0.503000 1.766462
0.503200 1.770174
0.503400 1.773923
0.503600 1.777711
0.503800 1.781536
0.504000 1.785399
0.504200 1.789299
0.504400 1.793237
0.504600 1.797213
0.504800 1.801227
0.505000 1.805278
0.505200 1.809366
0.505400 1.813492
0.505600 1.817655
0.505800 1.821855
0.506000 1.826093
0.506200 1.830367
0.506400 1.834678
0.506600 1.839027
0.506800 1.843412
0.507000 1.847833
0.507200 1.852291
0.507400 1.856786
0.507600 1.861317
0.507800 1.865884
0.508000 1.870487
0.508200 1.875126
0.508400 1.879801
0.508600 1.884511
0.508800 1.889257
0.509000 1.894038
0.509200 1.898854
0.509400 1.903706
0.509600 1.908592
0.509800 1.913512
0.510000 1.918468
0.510200 1.923457
0.510400 1.928481
0.510600 1.933538
0.510800 1.938630
0.511000 1.943754
0.511200 1.948913
0.511400 1.954104
0.511600 1.959328
0.511800 1.964585
0.512000 1.969874
0.512200 1.975196
0.512400 1.980549
0.512600 1.985934
0.512800 1.991351
0.513000 1.996799
0.513200 2.002279
0.513400 2.007788
0.513600 2.013329
0.513800 2.018900
0.514000 2.024500
0.514200 2.030131
0.514400 2.035791
0.514600 2.041480
0.514800 2.047198
0.515000 2.052944
0.515200 2.058719
0.515400 2.064522
0.515600 2.070353
0.515800 2.076211
0.516000 2.082096
0.516200 2.088008
0.516400 2.093947
0.516600 2.099911
0.516800 2.105902
0.517000 2.111918
0.517200 2.117959
0.517400 2.124025
0.517600 2.130115
0.517800 2.136230
0.518000 2.142369
0.518200 2.148531
0.518400 2.154716
0.518600 2.160923
0.518800 2.167154
0.519000 2.173406
0.519200 2.179680
0.519400 2.185975
0.519600 2.192291
0.519800 2.198628
0.520000 2.204985
0.520200 2.211361
0.520400 2.217757
0.520600 2.224172
0.520800 2.230606
0.521000 2.237058
0.521200 2.243527
0.521400 2.250014
0.521600 2.256518
0.521800 2.263038
0.522000 2.269575
0.522200 2.276127
0.522400 2.282694
0.522600 2.289277
0.522800 2.295874
0.523000 2.302484
0.523200 2.309109
0.523400 2.315746
0.523600 2.322397
0.523800 2.329059
0.524000 2.335733
0.524200 2.342419
0.524400 2.349116
0.524600 2.355823
0.524800 2.362540
0.525000 2.369267
0.525200 2.376002
0.525400 2.382747
0.525600 2.389499
0.525800 2.396259
0.526000 2.403027
0.526200 2.409801
0.526400 2.416581
0.526600 2.423367
0.526800 2.430159
0.527000 2.436955
0.527200 2.443756
0.527400 2.450561
0.527600 2.457369
0.527800 2.464179
0.528000 2.470993
0.528200 2.477808
0.528400 2.484624
0.528600 2.491442
0.528800 2.498260
0.529000 2.505078
0.529200 2.511895
0.529400 2.518711
0.529600 2.525526
0.529800 2.532339
0.530000 2.539149
0.530200 2.545956
0.530400 2.552759
0.530600 2.559558
0.530800 2.566353
0.531000 2.573142
0.531200 2.579926
0.531400 2.586703
0.531600 2.593474
0.531800 2.600238
0.532000 2.606994
0.532200 2.613742
0.532400 2.620481
0.532600 2.627211
0.532800 2.633931
0.533000 2.640640
0.533200 2.647339
0.533400 2.654027
0.533600 2.660702
0.533800 2.667366
0.534000 2.674016
0.534200 2.680653
0.534400 2.687276
0.534600 2.693884
0.534800 2.700478
0.535000 2.707056
0.535200 2.713618
0.535400 2.720163
0.535600 2.726691
0.535800 2.733202
0.536000 2.739695
0.536200 2.746169
0.536400 2.752623
0.536600 2.759058
0.536800 2.765473
0.537000 2.771867
0.537200 2.778240
0.537400 2.784591
0.537600 2.790920
0.537800 2.797226
0.538000 2.803508
0.538200 2.809767
0.538400 2.816001
0.538600 2.822211
0.538800 2.828395
0.539000 2.834553
0.539200 2.840685
0.539400 2.846790
0.539600 2.852867
0.539800 2.858917
0.540000 2.864938
0.540200 2.870930
0.540400 2.876892
0.540600 2.882825
0.540800 2.888727
0.541000 2.894599
0.541200 2.900439
0.541400 2.906246
0.541600 2.912022
0.541800 2.917764
0.542000 2.923474
0.542200 2.929149
0.542400 2.934789
0.542600 2.940395
0.542800 2.945966
0.543000 2.951501
0.543200 2.956999
0.543400 2.962460
0.543600 2.967885
0.543800 2.973271
0.544000 2.978619
0.544200 2.983929
0.544400 2.989199
0.544600 2.994430
0.544800 2.999621
0.545000 3.004771
0.545200 3.009880
0.545400 3.014948
0.545600 3.019974
0.545800 3.024957
0.546000 3.029898
0.546200 3.034796
0.546400 3.039649
0.546600 3.044459
0.546800 3.049224
0.547000 3.053945
0.547200 3.058619
0.547400 3.063248
0.547600 3.067831
0.547800 3.072367
0.548000 3.076856
0.548200 3.081298
0.548400 3.085692
0.548600 3.090037
0.548800 3.094334
0.549000 3.098581
0.549200 3.102779
0.549400 3.106928
0.549600 3.111026
0.549800 3.115073
0.550000 3.119069
0.550200 3.123014
0.550400 3.126907
0.550600 3.130748
0.550800 3.134537
0.551000 3.138272
0.551200 3.141955
0.551400 3.145583
0.551600 3.149158
0.551800 3.152679
0.552000 3.156145
0.552200 3.159556
0.552400 3.162911
0.552600 3.166211
0.552800 3.169455
0.553000 3.172643
0.553200 3.175774
0.553400 3.178849
0.553600 3.181866
0.553800 3.184825
0.554000 3.187727
0.554200 3.190571
0.554400 3.193356
0.554600 3.196082
0.554800 3.198750
0.555000 3.201358
0.555200 3.203907
0.555400 3.206396
0.555600 3.208825
0.555800 3.211194
0.556000 3.213502
0.556200 3.215749
0.556400 3.217935
0.556600 3.220060
0.556800 3.222123
0.557000 3.224124
0.557200 3.226063
0.557400 3.227941
0.557600 3.229755
0.557800 3.231507
0.558000 3.233196
0.558200 3.234822
0.558400 3.236385
0.558600 3.237884
0.558800 3.239320
0.559000 3.240691
0.559200 3.241999
0.559400 3.243242
0.559600 3.244422
0.559800 3.245536
0.560000 3.246586
0.560200 3.247571
0.560400 3.248490
0.560600 3.249345
0.560800 3.250134
0.561000 3.250858
0.561200 3.251517
0.561400 3.252109
0.561600 3.252636
0.561800 3.253097
0.562000 3.253492
0.562200 3.253820
0.562400 3.254083
0.562600 3.254279
0.562800 3.254409
0.563000 3.254472
0.563200 3.254468
0.563400 3.254398
0.563600 3.254261
0.563800 3.254057
0.564000 3.253786
0.564200 3.253449
0.564400 3.253044
0.564600 3.252573
0.564800 3.252034
0.565000 3.251428
0.565200 3.250755
0.565400 3.250015
0.565600 3.249208
0.565800 3.248333
0.566000 3.247392
0.566200 3.246383
0.566400 3.245307
0.566600 3.244163
0.566800 3.242953
0.567000 3.241675
0.567200 3.240330
0.567400 3.238918
0.567600 3.237439
0.567800 3.235893
0.568000 3.234280
0.568200 3.232600
0.568400 3.230853
0.568600 3.229039
0.568800 3.227159
0.569000 3.225211
0.569200 3.223197
0.569400 3.221117
0.569600 3.218970
0.569800 3.216756
0.570000 3.214476
0.570200 3.212130
0.570400 3.209718
0.570600 3.207240
0.570800 3.204695
0.571000 3.202085
0.571200 3.199410
0.571400 3.196668
0.571600 3.193862
0.571800 3.190990
0.572000 3.188053
0.572200 3.185051
0.572400 3.181984
0.572600 3.178852
0.572800 3.175656
0.573000 3.172395
0.573200 3.169070
0.573400 3.165681
0.573600 3.162228
0.573800 3.158712
0.574000 3.155132
0.574200 3.151488
0.574400 3.147782
0.574600 3.144012
0.574800 3.140180
0.575000 3.136286
0.575200 3.132329
0.575400 3.128309
0.575600 3.124228
0.575800 3.120086
0.576000 3.115882
0.576200 3.111616
0.576400 3.107290
0.576600 3.102903
0.576800 3.098456
0.577000 3.093948
0.577200 3.089381
0.577400 3.084753
0.577600 3.080067
0.577800 3.075321
0.578000 3.070516
0.578200 3.065652
0.578400 3.060730
0.578600 3.055751
0.578800 3.050713
0.579000 3.045617
0.579200 3.040465
0.579400 3.035256
0.579600 3.029989
0.579800 3.024667
0.580000 3.019289
0.580200 3.013854
0.580400 3.008365
0.580600 3.002820
0.580800 2.997221
0.581000 2.991567
0.581200 2.985859
0.581400 2.980097
0.581600 2.974282
0.581800 2.968414
0.582000 2.962493
0.582200 2.956519
0.582400 2.950494
0.582600 2.944417
0.582800 2.938288
0.583000 2.932108
0.583200 2.925878
0.583400 2.919597
0.583600 2.913266
0.583800 2.906886
0.584000 2.900457
0.584200 2.893979
0.584400 2.887452
0.584600 2.880877
0.584800 2.874254
0.585000 2.867585
0.585200 2.860868
0.585400 2.854104
0.585600 2.847295
0.585800 2.840440
0.586000 2.833539
0.586200 2.826593
0.586400 2.819603
0.586600 2.812569
0.586800 2.805491
0.587000 2.798369
0.587200 2.791205
0.587400 2.783998
0.587600 2.776749
0.587800 2.769458
0.588000 2.762126
0.588200 2.754753
0.588400 2.747339
0.588600 2.739885
0.588800 2.732392
0.589000 2.724860
0.589200 2.717289
0.589400 2.709679
0.589600 2.702032
0.589800 2.694347
0.590000 2.686625
0.590200 2.678866
0.590400 2.671072
0.590600 2.663241
0.590800 2.655375
0.591000 2.647475
0.591200 2.639540
0.591400 2.631570
0.591600 2.623568
0.591800 2.615532
0.592000 2.607464
0.592200 2.599363
0.592400 2.591231
0.592600 2.583067
0.592800 2.574873
0.593000 2.566648
0.593200 2.558393
0.593400 2.550109
0.593600 2.541795
0.593800 2.533453
0.594000 2.525083
0.594200 2.516685
0.594400 2.508260
0.594600 2.499808
0.594800 2.491330
0.595000 2.482826
0.595200 2.474296
0.595400 2.465742
0.595600 2.457163
0.595800 2.448560
0.596000 2.439933
0.596200 2.431283
0.596400 2.422610
0.596600 2.413916
0.596800 2.405199
0.597000 2.396461
0.597200 2.387702
0.597400 2.378923
0.597600 2.370124
0.597800 2.361306
0.598000 2.352468
0.598200 2.343612
0.598400 2.334737
0.598600 2.325845
0.598800 2.316936
0.599000 2.308010
0.599200 2.299068
0.599400 2.290109
0.599600 2.281136
0.599800 2.272147
0.600000 2.263144
0.600200 2.254127
0.600400 2.245096
0.600600 2.236052
0.600800 2.226996
0.601000 2.217927
0.601200 2.208846
0.601400 2.199754
0.601600 2.190651
0.601800 2.181537
0.602000 2.172413
0.602200 2.163280
0.602400 2.154138
0.602600 2.144987
0.602800 2.135827
0.603000 2.126660
0.603200 2.117485
0.603400 2.108303
0.603600 2.099115
0.603800 2.089921
0.604000 2.080721
0.604200 2.071515
0.604400 2.062305
0.604600 2.053090
0.604800 2.043872
0.605000 2.034650
0.605200 2.025424
0.605400 2.016196
0.605600 2.006966
0.605800 1.997733
0.606000 1.988499
0.606200 1.979264
0.606400 1.970029
0.606600 1.960793
0.606800 1.951557
0.607000 1.942322
0.607200 1.933088
0.607400 1.923855
0.607600 1.914624
0.607800 1.905395
0.608000 1.896168
0.608200 1.886945
0.608400 1.877725
0.608600 1.868508
0.608800 1.859296
0.609000 1.850088
0.609200 1.840885
0.609400 1.831687
0.609600 1.822495
0.609800 1.813309
0.610000 1.804129
0.610200 1.794956
0.610400 1.785791
0.610600 1.776632
0.610800 1.767482
0.611000 1.758339
0.611200 1.749206
0.611400 1.740081
0.611600 1.730965
0.611800 1.721859
0.612000 1.712763
0.612200 1.703678
0.612400 1.694603
0.612600 1.685539
0.612800 1.676486
0.613000 1.667446
0.613200 1.658417
0.613400 1.649400
0.613600 1.640396
0.613800 1.631406
0.614000 1.622428
0.614200 1.613465
0.614400 1.604515
0.614600 1.595579
0.614800 1.586659
0.615000 1.577753
0.615200 1.568862
0.615400 1.559987
0.615600 1.551128
0.615800 1.542285
0.616000 1.533458
0.616200 1.524648
0.616400 1.515855
0.616600 1.507080
0.616800 1.498322
0.617000 1.489582
0.617200 1.480860
0.617400 1.472156
0.617600 1.463472
0.617800 1.454806
0.618000 1.446159
0.618200 1.437533
0.618400 1.428925
0.618600 1.420338
0.618800 1.411772
0.619000 1.403225
0.619200 1.394700
0.619400 1.386196
0.619600 1.377713
0.619800 1.369252
0.620000 1.360812
0.620200 1.352394
0.620400 1.343999
0.620600 1.335627
0.620800 1.327277
0.621000 1.318949
0.621200 1.310646
0.621400 1.302365
0.621600 1.294108
0.621800 1.285876
0.622000 1.277667
0.622200 1.269482
0.622400 1.261322
0.622600 1.253186
0.622800 1.245076
0.623000 1.236990
0.623200 1.228930
0.623400 1.220895
0.623600 1.212886
0.623800 1.204902
0.624000 1.196945
0.624200 1.189014
0.624400 1.181109
0.624600 1.173231
0.624800 1.165379
0.625000 1.157555
0.625200 1.149757
0.625400 1.141987
0.625600 1.134244
0.625800 1.126528
0.626000 1.118840
0.626200 1.111180
0.626400 1.103548
0.626600 1.095944
0.626800 1.088369
0.627000 1.080821
0.627200 1.073302
0.627400 1.065812
0.627600 1.058351
0.627800 1.050919
0.628000 1.043515
0.628200 1.036141
0.628400 1.028797
0.628600 1.021481
0.628800 1.014195
0.629000 1.006939
0.629200 0.999712
0.629400 0.992516
0.629600 0.985349
0.629800 0.978212
0.630000 0.971106
0.630200 0.964030
0.630400 0.956984
0.630600 0.949968
0.630800 0.942983
0.631000 0.936029
0.631200 0.929105
0.631400 0.922212
0.631600 0.915350
0.631800 0.908519
0.632000 0.901719
0.632200 0.894950
0.632400 0.888211
0.632600 0.881505
0.632800 0.874829
0.633000 0.868185
0.633200 0.861572
0.633400 0.854990
0.633600 0.848440
0.633800 0.841921
0.634000 0.835434
0.634200 0.828979
0.634400 0.822555
0.634600 0.816163
0.634800 0.809802
0.635000 0.803474
0.635200 0.797177
0.635400 0.790911
0.635600 0.784678
0.635800 0.778477
0.636000 0.772307
0.636200 0.766169
0.636400 0.760064
0.636600 0.753990
0.636800 0.747948
0.637000 0.741938
0.637200 0.735960
0.637400 0.730014
0.637600 0.724100
0.637800 0.718218
0.638000 0.712368
0.638200 0.706550
0.638400 0.700764
0.638600 0.695010
0.638800 0.689287
0.639000 0.683597
0.639200 0.677939
0.639400 0.672312
0.639600 0.666718
0.639800 0.661155
0.640000 0.655625
0.640200 0.650126
0.640400 0.644659
0.640600 0.639223
0.640800 0.633820
0.641000 0.628448
0.641200 0.623108
0.641400 0.617799
0.641600 0.612523
0.641800 0.607277
0.642000 0.602064
0.642200 0.596882
0.642400 0.591731
0.642600 0.586612
0.642800 0.581524
0.643000 0.576467
0.643200 0.571442
0.643400 0.566448
0.643600 0.561485
0.643800 0.556554
0.644000 0.551653
0.644200 0.546784
0.644400 0.541945
0.644600 0.537137
0.644800 0.532361
0.645000 0.527614
0.645200 0.522899
0.645400 0.518214
0.645600 0.513560
0.645800 0.508937
0.646000 0.504343
0.646200 0.499780
0.646400 0.495248
0.646600 0.490746
0.646800 0.486273
0.647000 0.481831
0.647200 0.477419
0.647400 0.473037
0.647600 0.468684
0.647800 0.464362
0.648000 0.460069
0.648200 0.455805
0.648400 0.451571
0.648600 0.447367
0.648800 0.443191
0.649000 0.439045
0.649200 0.434929
0.649400 0.430841
0.649600 0.426782
0.649800 0.422752
0.650000 0.418751
0.650200 0.414778
0.650400 0.410834
0.650600 0.406918
0.650800 0.403031
0.651000 0.399172
0.651200 0.395342
0.651400 0.391539
0.651600 0.387764
0.651800 0.384017
0.652000 0.380298
0.652200 0.376607
0.652400 0.372943
0.652600 0.369307
0.652800 0.365698
0.653000 0.362116
0.653200 0.358561
0.653400 0.355033
0.653600 0.351533
0.653800 0.348059
0.654000 0.344611
0.654200 0.341191
0.654400 0.337796
0.654600 0.334429
0.654800 0.331087
0.655000 0.327771
0.655200 0.324482
0.655400 0.321218
0.655600 0.317980
0.655800 0.314768
0.656000 0.311581
0.656200 0.308420
0.656400 0.305284
0.656600 0.302173
0.656800 0.299087
0.657000 0.296026
0.657200 0.292990
0.657400 0.289979
0.657600 0.286992
0.657800 0.284030
0.658000 0.281092
0.658200 0.278179
0.658400 0.275289
0.658600 0.272423
0.658800 0.269582
0.659000 0.266763
0.659200 0.263969
0.659400 0.261198
0.659600 0.258450
0.659800 0.255726
0.660000 0.253025
0.660200 0.250346
0.660400 0.247691
0.660600 0.245058
0.660800 0.242448
0.661000 0.239860
0.661200 0.237295
0.661400 0.234752
0.661600 0.232231
0.661800 0.229732
0.662000 0.227255
0.662200 0.224799
0.662400 0.222366
0.662600 0.219953
0.662800 0.217562
0.663000 0.215192
0.663200 0.212844
0.663400 0.210516
0.663600 0.208209
0.663800 0.205923
0.664000 0.203657
0.664200 0.201412
0.664400 0.199187
0.664600 0.196982
0.664800 0.194798
0.665000 0.192633
0.665200 0.190489
0.665400 0.188363
0.665600 0.186258
0.665800 0.184172
0.666000 0.182105
0.666200 0.180058
0.666400 0.178029
0.666600 0.176020
0.666800 0.174029
0.667000 0.172057
0.667200 0.170103
0.667400 0.168168
0.667600 0.166252
0.667800 0.164353
0.668000 0.162473
0.668200 0.160610
0.668400 0.158766
0.668600 0.156939
0.668800 0.155130
0.669000 0.153338
0.669200 0.151563
0.669400 0.149806
0.669600 0.148066
0.669800 0.146342
0.670000 0.144636
0.670200 0.142946
0.670400 0.141273
0.670600 0.139616
0.670800 0.137976
0.671000 0.136352
0.671200 0.134744
0.671400 0.133152
0.671600 0.131576
0.671800 0.130016
0.672000 0.128472
0.672200 0.126943
0.672400 0.125429
0.672600 0.123931
0.672800 0.122447
0.673000 0.120979
0.673200 0.119526
0.673400 0.118088
0.673600 0.116664
0.673800 0.115255
0.674000 0.113861
0.674200 0.112481
0.674400 0.111115
0.674600 0.109763
0.674800 0.108426
0.675000 0.107102
0.675200 0.105792
0.675400 0.104496
0.675600 0.103213
0.675800 0.101944
0.676000 0.100688
0.676200 0.099446
0.676400 0.098216
0.676600 0.097000
0.676800 0.095797
0.677000 0.094606
0.677200 0.093428
0.677400 0.092263
0.677600 0.091110
0.677800 0.089970
0.678000 0.088842
0.678200 0.087726
0.678400 0.086622
0.678600 0.085531
0.678800 0.084451
0.679000 0.083383
0.679200 0.082326
0.679400 0.081282
0.679600 0.080248
0.679800 0.079226
0.680000 0.078216
0.680200 0.077216
0.680400 0.076228
0.680600 0.075250
0.680800 0.074284
0.681000 0.073328
0.681200 0.072383
0.681400 0.071449
0.681600 0.070525
0.681800 0.069611
0.682000 0.068708
0.682200 0.067815
0.682400 0.066932
0.682600 0.066059
0.682800 0.065196
0.683000 0.064343
0.683200 0.063500
0.683400 0.062666
0.683600 0.061842
0.683800 0.061027
0.684000 0.060222
0.684200 0.059426
0.684400 0.058639
0.684600 0.057862
0.684800 0.057093
0.685000 0.056334
0.685200 0.055583
0.685400 0.054841
0.685600 0.054108
0.685800 0.053383
0.686000 0.052667
0.686200 0.051959
0.686400 0.051260
0.686600 0.050569
0.686800 0.049887
0.687000 0.049212
0.687200 0.048545
0.687400 0.047887
0.687600 0.047236
0.687800 0.046593
0.688000 0.045958
0.688200 0.045330
0.688400 0.044710
0.688600 0.044098
0.688800 0.043493
0.689000 0.042895
0.689200 0.042305
0.689400 0.041722
0.689600 0.041146
0.689800 0.040577
0.690000 0.040014
0.690200 0.039459
0.690400 0.038911
0.690600 0.038370
0.690800 0.037835
0.691000 0.037306
0.691200 0.036785
0.691400 0.036270
0.691600 0.035761
0.691800 0.035259
0.692000 0.034762
0.692200 0.034273
0.692400 0.033789
0.692600 0.033311
0.692800 0.032840
0.693000 0.032374
0.693200 0.031914
0.693400 0.031460
0.693600 0.031012
0.693800 0.030570
0.694000 0.030133
0.694200 0.029702
0.694400 0.029276
0.694600 0.028856
0.694800 0.028441
0.695000 0.028031
0.695200 0.027627
0.695400 0.027228
0.695600 0.026834
0.695800 0.026446
0.696000 0.026062
0.696200 0.025683
0.696400 0.025310
0.696600 0.024941
0.696800 0.024577
0.697000 0.024217
0.697200 0.023863
0.697400 0.023513
0.697600 0.023168
0.697800 0.022827
0.698000 0.022491
0.698200 0.022159
0.698400 0.021832
0.698600 0.021509
0.698800 0.021191
0.699000 0.020876
0.699200 0.020566
0.699400 0.020260
0.699600 0.019958
0.699800 0.019660
0.700000 0.019366
0.700200 0.019077
0.700400 0.018791
0.700600 0.018509
0.700800 0.018230
0.701000 0.017956
0.701200 0.017685
0.701400 0.017418
0.701600 0.017155
0.701800 0.016895
0.702000 0.016639
0.702200 0.016386
0.702400 0.016137
0.702600 0.015891
0.702800 0.015649
0.703000 0.015410
0.703200 0.015174
0.703400 0.014942
0.703600 0.014713
0.703800 0.014487
0.704000 0.014264
0.704200 0.014044
0.704400 0.013828
0.704600 0.013614
0.704800 0.013404
0.705000 0.013196
0.705200 0.012991
0.705400 0.012789
0.705600 0.012590
0.705800 0.012394
0.706000 0.012201
0.706200 0.012010
0.706400 0.011823
0.706600 0.011637
0.706800 0.011455
0.707000 0.011275
0.707200 0.011098
0.707400 0.010923
0.707600 0.010750
0.707800 0.010581
0.708000 0.010413
0.708200 0.010248
0.708400 0.010086
0.708600 0.009926
0.708800 0.009768
0.709000 0.009612
0.709200 0.009459
0.709400 0.009308
0.709600 0.009159
0.709800 0.009012
0.710000 0.008868
0.710200 0.008726
0.710400 0.008585
0.710600 0.008447
0.710800 0.008311
0.711000 0.008177
0.711200 0.008045
0.711400 0.007914
0.711600 0.007786
0.711800 0.007660
0.712000 0.007535
0.712200 0.007413
0.712400 0.007292
0.712600 0.007173
0.712800 0.007056
0.713000 0.006940
0.713200 0.006827
0.713400 0.006715
0.713600 0.006604
0.713800 0.006496
0.714000 0.006389
0.714200 0.006283
0.714400 0.006180
0.714600 0.006077
0.714800 0.005977
0.715000 0.005878
0.715200 0.005780
0.715400 0.005684
0.715600 0.005590
0.715800 0.005496
0.716000 0.005405
0.716200 0.005314
0.716400 0.005226
0.716600 0.005138
0.716800 0.005052
0.717000 0.004967
0.717200 0.004884
0.717400 0.004801
0.717600 0.004720
0.717800 0.004641
0.718000 0.004562
0.718200 0.004485
0.718400 0.004409
0.718600 0.004334
0.718800 0.004261
0.719000 0.004188
0.719200 0.004117
0.719400 0.004047
0.719600 0.003978
0.719800 0.003910
0.720000 0.003843
0.720200 0.003777
0.720400 0.003712
0.720600 0.003649
0.720800 0.003586
0.721000 0.003524
0.721200 0.003463
0.721400 0.003404
0.721600 0.003345
0.721800 0.003287
0.722000 0.003230
0.722200 0.003174
0.722400 0.003119
0.722600 0.003065
0.722800 0.003011
0.723000 0.002959
0.723200 0.002907
0.723400 0.002857
0.723600 0.002807
0.723800 0.002757
0.724000 0.002709
0.724200 0.002662
0.724400 0.002615
0.724600 0.002569
0.724800 0.002524
0.725000 0.002479
0.725200 0.002435
0.725400 0.002392
0.725600 0.002350
0.725800 0.002308
0.726000 0.002267
0.726200 0.002227
0.726400 0.002188
0.726600 0.002149
0.726800 0.002110
0.727000 0.002073
0.727200 0.002036
0.727400 0.001999
0.727600 0.001964
0.727800 0.001929
0.728000 0.001894
0.728200 0.001860
0.728400 0.001827
0.728600 0.001794
0.728800 0.001761
0.729000 0.001730
0.729200 0.001699
0.729400 0.001668
0.729600 0.001638
0.729800 0.001608
0.730000 0.001579
0.730200 0.001550
0.730400 0.001522
0.730600 0.001495
0.730800 0.001467
0.731000 0.001441
0.731200 0.001414
0.731400 0.001389
0.731600 0.001363
0.731800 0.001338
0.732000 0.001314
0.732200 0.001290
0.732400 0.001266
0.732600 0.001243
0.732800 0.001220
0.733000 0.001198
0.733200 0.001176
0.733400 0.001154
0.733600 0.001133
0.733800 0.001112
0.734000 0.001092
0.734200 0.001071
0.734400 0.001052
0.734600 0.001032
0.734800 0.001013
0.735000 0.000994
0.735200 0.000976
0.735400 0.000958
0.735600 0.000940
0.735800 0.000923
0.736000 0.000906
0.736200 0.000889
0.736400 0.000872
0.736600 0.000856
0.736800 0.000840
0.737000 0.000824
0.737200 0.000809
0.737400 0.000794
0.737600 0.000779
0.737800 0.000765
0.738000 0.000750
0.738200 0.000736
0.738400 0.000723
0.738600 0.000709
0.738800 0.000696
0.739000 0.000683
0.739200 0.000670
0.739400 0.000658
0.739600 0.000645
0.739800 0.000633
0.740000 0.000621
0.740200 0.000610
0.740400 0.000598
0.740600 0.000587
0.740800 0.000576
0.741000 0.000565
0.741200 0.000555
0.741400 0.000545
0.741600 0.000534
0.741800 0.000524
0.742000 0.000515
0.742200 0.000505
0.742400 0.000496
0.742600 0.000486
0.742800 0.000477
0.743000 0.000468
0.743200 0.000460
0.743400 0.000451
0.743600 0.000443
0.743800 0.000435
0.744000 0.000427
0.744200 0.000419
0.744400 0.000411
0.744600 0.000403
0.744800 0.000396
0.745000 0.000389
0.745200 0.000381
0.745400 0.000374
0.745600 0.000368
0.745800 0.000361
0.746000 0.000354
0.746200 0.000348
0.746400 0.000342
0.746600 0.000335
0.746800 0.000329
0.747000 0.000323
0.747200 0.000318
0.747400 0.000312
0.747600 0.000306
0.747800 0.000301
0.748000 0.000295
0.748200 0.000290
0.748400 0.000285
0.748600 0.000280
0.748800 0.000275
0.749000 0.000270
0.749200 0.000266
0.749400 0.000261
0.749600 0.000257
0.749800 0.000252
0.750000 0.000248
0.750200 0.000244
0.750400 0.000240
0.750600 0.000236
0.750800 0.000232
0.751000 0.000228
0.751200 0.000224
0.751400 0.000220
0.751600 0.000217
0.751800 0.000213
0.752000 0.000210
0.752200 0.000206
0.752400 0.000203
0.752600 0.000200
0.752800 0.000197
0.753000 0.000194
0.753200 0.000191
0.753400 0.000188
0.753600 0.000185
0.753800 0.000183
0.754000 0.000180
0.754200 0.000177
0.754400 0.000175
0.754600 0.000172
0.754800 0.000170
0.755000 0.000168
0.755200 0.000165
0.755400 0.000163
0.755600 0.000161
0.755800 0.000159
0.756000 0.000157
0.756200 0.000155
0.756400 0.000153
0.756600 0.000151
0.756800 0.000149
0.757000 0.000148
0.757200 0.000146
0.757400 0.000144
0.757600 0.000143
0.757800 0.000141
0.758000 0.000140
0.758200 0.000138
0.758400 0.000137
0.758600 0.000136
0.758800 0.000134
0.759000 0.000133
0.759200 0.000132
0.759400 0.000131
0.759600 0.000130
0.759800 0.000129
0.760000 0.000128
0.760200 0.000127
0.760400 0.000126
0.760600 0.000125
0.760800 0.000124
0.761000 0.000123
0.761200 0.000123
0.761400 0.000122
0.761600 0.000121
0.761800 0.000121
0.762000 0.000120
0.762200 0.000120
0.762400 0.000119
0.762600 0.000119
0.762800 0.000118
0.763000 0.000118
0.763200 0.000118
0.763400 0.000117
0.763600 0.000117
0.763800 0.000117
0.764000 0.000117
0.764200 0.000117
0.764400 0.000116
0.764600 0.000116
0.764800 0.000116
0.765000 0.000116
0.765200 0.000116
0.765400 0.000116
0.765600 0.000116
0.765800 0.000117
0.766000 0.000117
0.766200 0.000117
0.766400 0.000117
0.766600 0.000117
0.766800 0.000118
0.767000 0.000118
0.767200 0.000118
0.767400 0.000119
0.767600 0.000119
0.767800 0.000120
0.768000 0.000120
0.768200 0.000121
0.768400 0.000121
0.768600 0.000122
0.768800 0.000123
0.769000 0.000123
0.769200 0.000124
0.769400 0.000125
0.769600 0.000125
0.769800 0.000126
0.770000 0.000127
0.770200 0.000128
0.770400 0.000129
0.770600 0.000130
0.770800 0.000130
0.771000 0.000131
0.771200 0.000132
0.771400 0.000133
0.771600 0.000135
0.771800 0.000136
0.772000 0.000137
0.772200 0.000138
0.772400 0.000139
0.772600 0.000140
0.772800 0.000142
0.773000 0.000143
0.773200 0.000144
0.773400 0.000145
0.773600 0.000147
0.773800 0.000148
0.774000 0.000150
0.774200 0.000151
0.774400 0.000153
0.774600 0.000154
0.774800 0.000156
0.775000 0.000157
0.775200 0.000159
0.775400 0.000161
0.775600 0.000162
0.775800 0.000164
0.776000 0.000166
0.776200 0.000168
0.776400 0.000169
0.776600 0.000171
0.776800 0.000173
0.777000 0.000175
0.777200 0.000177
0.777400 0.000179
0.777600 0.000181
0.777800 0.000183
0.778000 0.000185
0.778200 0.000187
0.778400 0.000190
0.778600 0.000192
0.778800 0.000194
0.779000 0.000196
0.779200 0.000199
0.779400 0.000201
0.779600 0.000204
0.779800 0.000206
0.780000 0.000208
0.780200 0.000211
0.780400 0.000213
0.780600 0.000216
0.780800 0.000219
0.781000 0.000221
0.781200 0.000224
0.781400 0.000227
0.781600 0.000230
0.781800 0.000232
0.782000 0.000235
0.782200 0.000238
0.782400 0.000241
0.782600 0.000244
0.782800 0.000247
0.783000 0.000250
0.783200 0.000253
0.783400 0.000257
0.783600 0.000260
0.783800 0.000263
0.784000 0.000266
0.784200 0.000270
0.784400 0.000273
0.784600 0.000277
0.784800 0.000280
0.785000 0.000284
0.785200 0.000287
0.785400 0.000291
0.785600 0.000294
0.785800 0.000298
0.786000 0.000302
0.786200 0.000306
0.786400 0.000310
0.786600 0.000314
0.786800 0.000318
0.787000 0.000322
0.787200 0.000326
0.787400 0.000330
0.787600 0.000334
0.787800 0.000338
0.788000 0.000343
0.788200 0.000347
0.788400 0.000351
0.788600 0.000356
0.788800 0.000360
0.789000 0.000365
0.789200 0.000370
0.789400 0.000374
0.789600 0.000379
0.789800 0.000384
0.790000 0.000389
0.790200 0.000394
0.790400 0.000399
0.790600 0.000404
0.790800 0.000409
0.791000 0.000414
0.791200 0.000420
0.791400 0.000425
0.791600 0.000430
0.791800 0.000436
0.792000 0.000441
0.792200 0.000447
0.792400 0.000453
0.792600 0.000458
0.792800 0.000464
0.793000 0.000470
0.793200 0.000476
0.793400 0.000482
0.793600 0.000488
0.793800 0.000494
0.794000 0.000501
0.794200 0.000507
0.794400 0.000513
0.794600 0.000520
0.794800 0.000526
0.795000 0.000533
0.795200 0.000540
0.795400 0.000547
0.795600 0.000553
0.795800 0.000560
0.796000 0.000568
0.796200 0.000575
0.796400 0.000582
0.796600 0.000589
0.796800 0.000597
0.797000 0.000604
0.797200 0.000612
0.797400 0.000619
0.797600 0.000627
0.797800 0.000635
0.798000 0.000643
0.798200 0.000651
0.798400 0.000659
0.798600 0.000667
0.798800 0.000676
0.799000 0.000684
0.799200 0.000693
0.799400 0.000701
0.799600 0.000710
0.799800 0.000719
0.800000 0.000728
0.800200 0.000737
0.800400 0.000746
0.800600 0.000755
0.800800 0.000765
0.801000 0.000774
0.801200 0.000784
0.801400 0.000793
0.801600 0.000803
0.801800 0.000813
0.802000 0.000823
0.802200 0.000833
0.802400 0.000844
0.802600 0.000854
0.802800 0.000864
0.803000 0.000875
0.803200 0.000886
0.803400 0.000897
0.803600 0.000908
0.803800 0.000919
0.804000 0.000930
0.804200 0.000941
0.804400 0.000953
0.804600 0.000965
0.804800 0.000976
0.805000 0.000988
0.805200 0.001000
0.805400 0.001013
0.805600 0.001025
0.805800 0.001037
0.806000 0.001050
0.806200 0.001063
0.806400 0.001076
0.806600 0.001089
0.806800 0.001102
0.807000 0.001115
0.807200 0.001129
0.807400 0.001142
0.807600 0.001156
0.807800 0.001170
0.808000 0.001184
0.808200 0.001199
0.808400 0.001213
0.808600 0.001228
0.808800 0.001242
0.809000 0.001257
0.809200 0.001272
0.809400 0.001288
0.809600 0.001303
0.809800 0.001319
0.810000 0.001334
0.810200 0.001350
0.810400 0.001367
0.810600 0.001383
0.810800 0.001399
0.811000 0.001416
0.811200 0.001433
0.811400 0.001450
0.811600 0.001467
0.811800 0.001485
0.812000 0.001502
0.812200 0.001520
0.812400 0.001538
0.812600 0.001556
0.812800 0.001575
0.813000 0.001593
0.813200 0.001612
0.813400 0.001631
0.813600 0.001650
0.813800 0.001670
0.814000 0.001689
0.814200 0.001709
0.814400 0.001729
0.814600 0.001750
0.814800 0.001770
0.815000 0.001791
0.815200 0.001812
0.815400 0.001833
0.815600 0.001855
0.815800 0.001876
0.816000 0.001898
0.816200 0.001920
0.816400 0.001943
0.816600 0.001965
0.816800 0.001988
0.817000 0.002011
0.817200 0.002034
0.817400 0.002058
0.817600 0.002082
0.817800 0.002106
0.818000 0.002130
0.818200 0.002155
0.818400 0.002180
0.818600 0.002205
0.818800 0.002231
0.819000 0.002256
0.819200 0.002282
0.819400 0.002308
0.819600 0.002335
0.819800 0.002362
0.820000 0.002389
0.820200 0.002416
0.820400 0.002444
0.820600 0.002472
0.820800 0.002500
0.821000 0.002529
0.821200 0.002558
0.821400 0.002587
0.821600 0.002616
0.821800 0.002646
0.822000 0.002676
0.822200 0.002706
0.822400 0.002737
0.822600 0.002768
0.822800 0.002799
0.823000 0.002831
0.823200 0.002863
0.823400 0.002896
0.823600 0.002928
0.823800 0.002961
0.824000 0.002995
0.824200 0.003028
0.824400 0.003062
0.824600 0.003097
0.824800 0.003132
0.825000 0.003167
0.825200 0.003202
0.825400 0.003238
0.825600 0.003274
0.825800 0.003311
0.826000 0.003348
0.826200 0.003385
0.826400 0.003423
0.826600 0.003461
0.826800 0.003500
0.827000 0.003539
0.827200 0.003578
0.827400 0.003618
0.827600 0.003658
0.827800 0.003698
0.828000 0.003739
0.828200 0.003781
0.828400 0.003822
0.828600 0.003865
0.828800 0.003907
0.829000 0.003950
0.829200 0.003994
0.829400 0.004038
0.829600 0.004082
0.829800 0.004127
0.830000 0.004172
0.830200 0.004218
0.830400 0.004264
0.830600 0.004311
0.830800 0.004358
0.831000 0.004406
0.831200 0.004454
0.831400 0.004502
0.831600 0.004551
0.831800 0.004601
0.832000 0.004651
0.832200 0.004701
0.832400 0.004752
0.832600 0.004804
0.832800 0.004856
0.833000 0.004908
0.833200 0.004961
0.833400 0.005015
0.833600 0.005069
0.833800 0.005124
0.834000 0.005179
0.834200 0.005235
0.834400 0.005291
0.834600 0.005348
0.834800 0.005405
0.835000 0.005463
0.835200 0.005522
0.835400 0.005581
0.835600 0.005640
0.835800 0.005701
0.836000 0.005762
0.836200 0.005823
0.836400 0.005885
0.836600 0.005948
0.836800 0.006011
0.837000 0.006075
0.837200 0.006139
0.837400 0.006204
0.837600 0.006270
0.837800 0.006336
0.838000 0.006403
0.838200 0.006471
0.838400 0.006539
0.838600 0.006608
0.838800 0.006678
0.839000 0.006748
0.839200 0.006819
0.839400 0.006891
0.839600 0.006963
0.839800 0.007036
0.840000 0.007109
0.840200 0.007184
0.840400 0.007259
0.840600 0.007335
0.840800 0.007411
0.841000 0.007488
0.841200 0.007566
0.841400 0.007645
0.841600 0.007725
0.841800 0.007805
0.842000 0.007886
0.842200 0.007967
0.842400 0.008050
0.842600 0.008133
0.842800 0.008217
0.843000 0.008302
0.843200 0.008388
0.843400 0.008474
0.843600 0.008561
0.843800 0.008649
0.844000 0.008738
0.844200 0.008828
0.844400 0.008918
0.844600 0.009010
0.844800 0.009102
0.845000 0.009195
0.845200 0.009289
0.845400 0.009384
0.845600 0.009479
0.845800 0.009576
0.846000 0.009673
0.846200 0.009771
0.846400 0.009871
0.846600 0.009971
0.846800 0.010072
0.847000 0.010174
0.847200 0.010277
0.847400 0.010380
0.847600 0.010485
0.847800 0.010591
0.848000 0.010697
0.848200 0.010805
0.848400 0.010914
0.848600 0.011023
0.848800 0.011134
0.849000 0.011246
0.849200 0.011358
0.849400 0.011472
0.849600 0.011586
0.849800 0.011702
0.850000 0.011819
0.850200 0.011936
0.850400 0.012055
0.850600 0.012175
0.850800 0.012296
0.851000 0.012418
0.851200 0.012541
0.851400 0.012665
0.851600 0.012791
0.851800 0.012917
0.852000 0.013045
0.852200 0.013173
0.852400 0.013303
0.852600 0.013434
0.852800 0.013566
0.853000 0.013699
0.853200 0.013834
0.853400 0.013969
0.853600 0.014106
0.853800 0.014244
0.854000 0.014383
0.854200 0.014524
0.854400 0.014665
0.854600 0.014808
0.854800 0.014952
0.855000 0.015098
0.855200 0.015244
0.855400 0.015392
0.855600 0.015542
0.855800 0.015692
0.856000 0.015844
0.856200 0.015997
0.856400 0.016151
0.856600 0.016307
0.856800 0.016464
0.857000 0.016623
0.857200 0.016782
0.857400 0.016944
0.857600 0.017106
0.857800 0.017270
0.858000 0.017435
0.858200 0.017602
0.858400 0.017770
0.858600 0.017940
0.858800 0.018111
0.859000 0.018283
0.859200 0.018457
0.859400 0.018633
0.859600 0.018810
0.859800 0.018988
0.860000 0.019168
0.860200 0.019349
0.860400 0.019532
0.860600 0.019717
0.860800 0.019903
0.861000 0.020090
0.861200 0.020279
0.861400 0.020470
0.861600 0.020662
0.861800 0.020856
0.862000 0.021052
0.862200 0.021249
0.862400 0.021448
0.862600 0.021648
0.862800 0.021850
0.863000 0.022054
0.863200 0.022259
0.863400 0.022466
0.863600 0.022675
0.863800 0.022886
0.864000 0.023098
0.864200 0.023312
0.864400 0.023528
0.864600 0.023745
0.864800 0.023964
0.865000 0.024185
0.865200 0.024408
0.865400 0.024633
0.865600 0.024859
0.865800 0.025088
0.866000 0.025318
0.866200 0.025550
0.866400 0.025784
0.866600 0.026020
0.866800 0.026257
0.867000 0.026497
0.867200 0.026738
0.867400 0.026982
0.867600 0.027227
0.867800 0.027475
0.868000 0.027724
0.868200 0.027975
0.868400 0.028228
0.868600 0.028484
0.868800 0.028741
0.869000 0.029001
0.869200 0.029262
0.869400 0.029525
0.869600 0.029791
0.869800 0.030059
0.870000 0.030328
0.870200 0.030600
0.870400 0.030874
0.870600 0.031151
0.870800 0.031429
0.871000 0.031709
0.871200 0.031992
0.871400 0.032277
0.871600 0.032564
0.871800 0.032853
0.872000 0.033145
0.872200 0.033439
0.872400 0.033735
0.872600 0.034033
0.872800 0.034334
0.873000 0.034637
0.873200 0.034942
0.873400 0.035250
0.873600 0.035560
0.873800 0.035873
0.874000 0.036187
0.874200 0.036505
0.874400 0.036824
0.874600 0.037146
0.874800 0.037471
0.875000 0.037798
0.875200 0.038127
0.875400 0.038459
0.875600 0.038793
0.875800 0.039130
0.876000 0.039470
0.876200 0.039812
0.876400 0.040157
0.876600 0.040504
0.876800 0.040854
0.877000 0.041206
0.877200 0.041561
0.877400 0.041919
0.877600 0.042279
0.877800 0.042642
0.878000 0.043008
0.878200 0.043376
0.878400 0.043747
0.878600 0.044121
0.878800 0.044498
0.879000 0.044877
0.879200 0.045259
0.879400 0.045644
0.879600 0.046032
0.879800 0.046423
0.880000 0.046816
0.880200 0.047213
0.880400 0.047612
0.880600 0.048014
0.880800 0.048419
0.881000 0.048827
0.881200 0.049238
0.881400 0.049652
0.881600 0.050069
0.881800 0.050489
0.882000 0.050912
0.882200 0.051338
0.882400 0.051767
0.882600 0.052199
0.882800 0.052634
0.883000 0.053072
0.883200 0.053514
0.883400 0.053958
0.883600 0.054406
0.883800 0.054857
0.884000 0.055311
0.884200 0.055768
0.884400 0.056229
0.884600 0.056693
0.884800 0.057160
0.885000 0.057630
0.885200 0.058103
0.885400 0.058580
0.885600 0.059060
0.885800 0.059544
0.886000 0.060031
0.886200 0.060521
0.886400 0.061015
0.886600 0.061512
0.886800 0.062013
0.887000 0.062517
0.887200 0.063024
0.887400 0.063535
0.887600 0.064050
0.887800 0.064568
0.888000 0.065089
0.888200 0.065614
0.888400 0.066143
0.888600 0.066675
0.888800 0.067211
0.889000 0.067751
0.889200 0.068294
0.889400 0.068841
0.889600 0.069392
0.889800 0.069946
0.890000 0.070504
0.890200 0.071066
0.890400 0.071632
0.890600 0.072201
0.890800 0.072774
0.891000 0.073351
0.891200 0.073932
0.891400 0.074517
0.891600 0.075105
0.891800 0.075698
0.892000 0.076294
0.892200 0.076894
0.892400 0.077499
0.892600 0.078107
0.892800 0.078719
0.893000 0.079336
0.893200 0.079956
0.893400 0.080580
0.893600 0.081209
0.893800 0.081841
0.894000 0.082478
0.894200 0.083119
0.894400 0.083764
0.894600 0.084413
0.894800 0.085066
0.895000 0.085724
0.895200 0.086385
0.895400 0.087051
0.895600 0.087722
0.895800 0.088396
0.896000 0.089075
0.896200 0.089758
0.896400 0.090446
0.896600 0.091137
0.896800 0.091834
0.897000 0.092534
0.897200 0.093239
0.897400 0.093949
0.897600 0.094663
0.897800 0.095382
0.898000 0.096105
0.898200 0.096832
0.898400 0.097564
0.898600 0.098301
0.898800 0.099042
0.899000 0.099788
0.899200 0.100538
0.899400 0.101293
0.899600 0.102053
0.899800 0.102817
0.900000 0.103586
0.900200 0.104360
0.900400 0.105139
0.900600 0.105922
0.900800 0.106710
0.901000 0.107503
0.901200 0.108301
0.901400 0.109104
0.901600 0.109911
0.901800 0.110723
0.902000 0.111541
0.902200 0.112363
0.902400 0.113190
0.902600 0.114022
0.902800 0.114859
0.903000 0.115701
0.903200 0.116548
0.903400 0.117400
0.903600 0.118257
0.903800 0.119120
0.904000 0.119987
0.904200 0.120860
0.904400 0.121737
0.904600 0.122620
0.904800 0.123508
0.905000 0.124401
0.905200 0.125299
0.905400 0.126203
0.905600 0.127112
0.905800 0.128026
0.906000 0.128945
0.906200 0.129870
0.906400 0.130800
0.906600 0.131736
0.906800 0.132677
0.907000 0.133623
0.907200 0.134575
0.907400 0.135532
0.907600 0.136494
0.907800 0.137462
0.908000 0.138436
0.908200 0.139415
0.908400 0.140400
0.908600 0.141390
0.908800 0.142385
0.909000 0.143387
0.909200 0.144394
0.909400 0.145406
0.909600 0.146425
0.909800 0.147448
0.910000 0.148478
0.910200 0.149513
0.910400 0.150554
0.910600 0.151601
0.910800 0.152654
0.911000 0.153712
0.911200 0.154776
0.911400 0.155846
0.911600 0.156922
0.911800 0.158004
0.912000 0.159091
0.912200 0.160185
0.912400 0.161284
0.912600 0.162390
0.912800 0.163501
0.913000 0.164618
0.913200 0.165742
0.913400 0.166871
0.913600 0.168006
0.913800 0.169148
0.914000 0.170295
0.914200 0.171449
0.914400 0.172608
0.914600 0.173774
0.914800 0.174946
0.915000 0.176124
0.915200 0.177308
0.915400 0.178499
0.915600 0.179695
0.915800 0.180898
0.916000 0.182108
0.916200 0.183323
0.916400 0.184545
0.916600 0.185773
0.916800 0.187007
0.917000 0.188248
0.917200 0.189495
0.917400 0.190748
0.917600 0.192008
0.917800 0.193274
0.918000 0.194547
0.918200 0.195826
0.918400 0.197112
0.918600 0.198404
0.918800 0.199702
0.919000 0.201007
0.919200 0.202319
0.919400 0.203637
0.919600 0.204962
0.919800 0.206293
0.920000 0.207631
0.920200 0.208976
0.920400 0.210327
0.920600 0.211684
0.920800 0.213049
0.921000 0.214420
0.921200 0.215798
0.921400 0.217182
0.921600 0.218574
0.921800 0.219971
0.922000 0.221376
0.922200 0.222788
0.922400 0.224206
0.922600 0.225631
0.922800 0.227063
0.923000 0.228502
0.923200 0.229947
0.923400 0.231400
0.923600 0.232859
0.923800 0.234325
0.924000 0.235798
0.924200 0.237278
0.924400 0.238765
0.924600 0.240259
0.924800 0.241760
0.925000 0.243267
0.925200 0.244782
0.925400 0.246304
0.925600 0.247833
0.925800 0.249369
0.926000 0.250911
0.926200 0.252461
0.926400 0.254018
0.926600 0.255582
0.926800 0.257153
0.927000 0.258732
0.927200 0.260317
0.927400 0.261909
0.927600 0.263509
0.927800 0.265116
0.928000 0.266730
0.928200 0.268351
0.928400 0.269979
0.928600 0.271615
0.928800 0.273257
0.929000 0.274907
0.929200 0.276564
0.929400 0.278229
0.929600 0.279900
0.929800 0.281579
0.930000 0.283265
0.930200 0.284959
0.930400 0.286659
0.930600 0.288367
0.930800 0.290083
0.931000 0.291805
0.931200 0.293535
0.931400 0.295273
0.931600 0.297017
0.931800 0.298769
0.932000 0.300529
0.932200 0.302295
0.932400 0.304070
0.932600 0.305851
0.932800 0.307640
0.933000 0.309436
0.933200 0.311240
0.933400 0.313051
0.933600 0.314870
0.933800 0.316696
0.934000 0.318529
0.934200 0.320370
0.934400 0.322219
0.934600 0.324075
0.934800 0.325938
0.935000 0.327809
0.935200 0.329687
0.935400 0.331573
0.935600 0.333466
0.935800 0.335367
0.936000 0.337275
0.936200 0.339191
0.936400 0.341114
0.936600 0.343045
0.936800 0.344983
0.937000 0.346929
0.937200 0.348882
0.937400 0.350843
0.937600 0.352811
0.937800 0.354787
0.938000 0.356771
0.938200 0.358762
0.938400 0.360760
0.938600 0.362766
0.938800 0.364780
0.939000 0.366801
0.939200 0.368830
0.939400 0.370866
0.939600 0.372910
0.939800 0.374962
0.940000 0.377021
0.940200 0.379087
0.940400 0.381161
0.940600 0.383243
0.940800 0.385332
0.941000 0.387429
0.941200 0.389533
0.941400 0.391645
0.941600 0.393765
0.941800 0.395892
0.942000 0.398026
0.942200 0.400169
0.942400 0.402318
0.942600 0.404476
0.942800 0.406640
0.943000 0.408813
0.943200 0.410993
0.943400 0.413180
0.943600 0.415375
0.943800 0.417578
0.944000 0.419788
0.944200 0.422005
0.944400 0.424230
0.944600 0.426463
0.944800 0.428703
0.945000 0.430951
0.945200 0.433206
0.945400 0.435468
0.945600 0.437739
0.945800 0.440016
0.946000 0.442301
0.946200 0.444594
0.946400 0.446894
0.946600 0.449201
0.946800 0.451516
0.947000 0.453839
0.947200 0.456169
0.947400 0.458506
0.947600 0.460850
0.947800 0.463203
0.948000 0.465562
0.948200 0.467929
0.948400 0.470303
0.948600 0.472685
0.948800 0.475074
0.949000 0.477470
0.949200 0.479874
0.949400 0.482285
0.949600 0.484703
0.949800 0.487129
0.950000 0.489562
0.950200 0.492002
0.950400 0.494450
0.950600 0.496905
0.950800 0.499367
0.951000 0.501836
0.951200 0.504313
0.951400 0.506796
0.951600 0.509287
0.951800 0.511786
0.952000 0.514291
0.952200 0.516803
0.952400 0.519323
0.952600 0.521850
0.952800 0.524384
0.953000 0.526924
0.953200 0.529473
0.953400 0.532028
0.953600 0.534590
0.953800 0.537159
0.954000 0.539735
0.954200 0.542318
0.954400 0.544908
0.954600 0.547506
0.954800 0.550110
0.955000 0.552721
0.955200 0.555339
0.955400 0.557963
0.955600 0.560595
0.955800 0.563234
0.956000 0.565879
0.956200 0.568531
0.956400 0.571190
0.956600 0.573856
0.956800 0.576528
0.957000 0.579207
0.957200 0.581893
0.957400 0.584586
0.957600 0.587285
0.957800 0.589991
0.958000 0.592703
0.958200 0.595423
0.958400 0.598148
0.958600 0.600881
0.958800 0.603619
0.959000 0.606365
0.959200 0.609116
0.959400 0.611875
0.959600 0.614639
0.959800 0.617410
0.960000 0.620188
0.960200 0.622972
0.960400 0.625762
0.960600 0.628559
0.960800 0.631361
0.961000 0.634171
0.961200 0.636986
0.961400 0.639808
0.961600 0.642636
0.961800 0.645470
0.962000 0.648310
0.962200 0.651157
0.962400 0.654009
0.962600 0.656868
0.962800 0.659733
0.963000 0.662604
0.963200 0.665481
0.963400 0.668365
0.963600 0.671254
0.963800 0.674150
0.964000 0.677051
0.964200 0.679959
0.964400 0.682873
0.964600 0.685793
0.964800 0.688719
0.965000 0.691651
0.965200 0.694590
0.965400 0.697534
0.965600 0.700485
0.965800 0.703442
0.966000 0.706406
0.966200 0.709375
0.966400 0.712352
0.966600 0.715335
0.966800 0.718324
0.967000 0.721320
0.967200 0.724323
0.967400 0.727333
0.967600 0.730350
0.967800 0.733374
0.968000 0.736405
0.968200 0.739444
0.968400 0.742491
0.968600 0.745546
0.968800 0.748609
0.969000 0.751680
0.969200 0.754761
0.969400 0.757850
0.969600 0.760949
0.969800 0.764058
0.970000 0.767177
0.970200 0.770307
0.970400 0.773449
0.970600 0.776602
0.970800 0.779768
0.971000 0.782947
0.971200 0.786140
0.971400 0.789347
0.971600 0.792570
0.971800 0.795810
0.972000 0.799067
0.972200 0.802342
0.972400 0.805637
0.972600 0.808953
0.972800 0.812292
0.973000 0.815654
0.973200 0.819041
0.973400 0.822456
0.973600 0.825899
0.973800 0.829373
0.974000 0.832880
0.974200 0.836422
0.974400 0.840001
0.974600 0.843621
0.974800 0.847283
0.975000 0.850991
0.975200 0.854748
0.975400 0.858557
0.975600 0.862422
0.975800 0.866347
0.976000 0.870336
0.976200 0.874392
0.976400 0.878522
0.976600 0.882729
0.976800 0.887018
0.977000 0.891397
0.977200 0.895869
0.977400 0.900442
0.977600 0.905122
0.977800 0.909916
0.978000 0.914831
0.978200 0.919876
0.978400 0.925058
0.978600 0.930387
0.978800 0.935871
0.979000 0.941520
0.979200 0.947344
0.979400 0.953355
0.979600 0.959563
0.979800 0.965980
0.980000 0.972620
0.980200 0.979494
0.980400 0.986616
0.980600 0.994002
0.980800 1.001666
0.981000 1.009623
0.981200 1.017891
0.981400 1.026487
0.981600 1.035428
0.981800 1.044734
0.982000 1.054423
0.982200 1.064516
0.982400 1.075034
0.982600 1.086000
0.982800 1.097436
0.983000 1.109365
0.983200 1.121813
0.983400 1.134805
0.983600 1.148366
0.983800 1.162524
0.984000 1.177308
0.984200 1.192746
0.984400 1.208868
0.984600 1.225704
0.984800 1.243288
0.985000 1.261650
0.985200 1.280824
0.985400 1.300845
0.985600 1.321747
0.985800 1.343567
0.986000 1.366341
0.986200 1.390106
0.986400 1.414901
0.986600 1.440765
0.986800 1.467736
0.987000 1.495857
0.987200 1.525166
0.987400 1.555705
0.987600 1.587516
0.987800 1.620642
0.988000 1.655124
0.988200 1.691006
0.988400 1.728330
0.988600 1.767140
0.988800 1.807479
0.989000 1.849390
0.989200 1.892917
0.989400 1.938101
0.989600 1.984987
0.989800 2.033616
0.990000 2.084029
0.990200 2.136268
0.990400 2.190374
0.990600 2.246386
0.990800 2.304342
0.991000 2.364280
0.991200 2.426236
0.991400 2.490246
0.991600 2.556342
0.991800 2.624557
0.992000 2.694920
0.992200 2.767460
0.992400 2.842204
0.992600 2.919174
0.992800 2.998393
0.993000 3.079881
0.993200 3.163653
0.993400 3.249723
0.993600 3.338104
0.993800 3.428802
0.994000 3.521822
0.994200 3.617166
0.994400 3.714833
0.994600 3.814816
0.994800 3.917107
0.995000 4.021692
0.995200 4.128556
0.995400 4.237676
0.995600 4.349027
0.995800 4.462581
0.996000 4.578305
0.996200 4.696158
0.996400 4.816101
0.996600 4.938084
0.996800 5.062057
0.997000 5.187963
0.997200 5.315741
0.997400 5.445326
0.997600 5.576646
0.997800 5.709627
0.998000 5.844189
0.998200 5.980246
0.998400 6.117710
0.998600 6.256486
0.998800 6.396475
0.999000 6.537575
0.999200 6.679678
0.999400 6.822671
0.999600 6.966439
0.999800 7.110861
