0.000000 4.315128
0.000200 4.316737
0.000400 4.318190
0.000600 4.319486
0.000800 4.320623
0.001000 4.321602
0.001200 4.322422
0.001400 4.323082
0.001600 4.323582
0.001800 4.323920
0.002000 4.324097
0.002200 4.324112
0.002400 4.323965
0.002600 4.323654
0.002800 4.323180
0.003000 4.322541
0.003200 4.321739
0.003400 4.320771
0.003600 4.319639
0.003800 4.318341
0.004000 4.316877
0.004200 4.315247
0.004400 4.313451
0.004600 4.311488
0.004800 4.309359
0.005000 4.307063
0.005200 4.304599
0.005400 4.301969
0.005600 4.299171
0.005800 4.296205
0.006000 4.293072
0.006200 4.289772
0.006400 4.286304
0.006600 4.282669
0.006800 4.278866
0.007000 4.274896
0.007200 4.270759
0.007400 4.266455
0.007600 4.261983
0.007800 4.257345
0.008000 4.252540
0.008200 4.247569
0.008400 4.242432
0.008600 4.237129
0.008800 4.231661
0.009000 4.226027
0.009200 4.220229
0.009400 4.214266
0.009600 4.208139
0.009800 4.201849
0.010000 4.195396
0.010200 4.188779
0.010400 4.182001
0.010600 4.175061
0.010800 4.167960
0.011000 4.160698
0.011200 4.153277
0.011400 4.145696
0.011600 4.137957
0.011800 4.130060
0.012000 4.122006
0.012200 4.113795
0.012400 4.105428
0.012600 4.096906
0.012800 4.088231
0.013000 4.079401
0.013200 4.070420
0.013400 4.061286
0.013600 4.052002
0.013800 4.042568
0.014000 4.032984
0.014200 4.023253
0.014400 4.013375
0.014600 4.003351
0.014800 3.993181
0.015000 3.982868
0.015200 3.972411
0.015400 3.961813
0.015600 3.951073
0.015800 3.940194
0.016000 3.929177
0.016200 3.918022
0.016400 3.906730
0.016600 3.895304
0.016800 3.883744
0.017000 3.872051
0.017200 3.860226
0.017400 3.848271
0.017600 3.836188
0.017800 3.823977
0.018000 3.811639
0.018200 3.799176
0.018400 3.786590
0.018600 3.773881
0.018800 3.761052
0.019000 3.748103
0.019200 3.735036
0.019400 3.721852
0.019600 3.708552
0.019800 3.695139
0.020000 3.681613
0.020200 3.667976
0.020400 3.654230
0.020600 3.640376
0.020800 3.626415
0.021000 3.612350
0.021200 3.598180
0.021400 3.583909
0.021600 3.569538
0.021800 3.555067
0.022000 3.540500
0.022200 3.525836
0.022400 3.511079
0.022600 3.496229
0.022800 3.481288
0.023000 3.466258
0.023200 3.451140
0.023400 3.435936
0.023600 3.420648
0.023800 3.405277
0.024000 3.389825
0.024200 3.374293
0.024400 3.358684
0.024600 3.342998
0.024800 3.327238
0.025000 3.311405
0.025200 3.295501
0.025400 3.279527
0.025600 3.263486
0.025800 3.247379
0.026000 3.231207
0.026200 3.214972
0.026400 3.198677
0.026600 3.182322
0.026800 3.165910
0.027000 3.149442
0.027200 3.132919
0.027400 3.116344
0.027600 3.099719
0.027800 3.083044
0.028000 3.066322
0.028200 3.049554
0.028400 3.032742
0.028600 3.015888
0.028800 2.998994
0.029000 2.982060
0.029200 2.965089
0.029400 2.948083
0.029600 2.931043
0.029800 2.913971
0.030000 2.896868
0.030200 2.879737
0.030400 2.862579
0.030600 2.845395
0.030800 2.828187
0.031000 2.810957
0.031200 2.793707
0.031400 2.776438
0.031600 2.759152
0.031800 2.741850
0.032000 2.724535
0.032200 2.707207
0.032400 2.689868
0.032600 2.672521
0.032800 2.655165
0.033000 2.637804
0.033200 2.620439
0.033400 2.603071
0.033600 2.585702
0.033800 2.568333
0.034000 2.550966
0.034200 2.533603
0.034400 2.516244
0.034600 2.498892
0.034800 2.481548
0.035000 2.464214
0.035200 2.446891
0.035400 2.429580
0.035600 2.412283
0.035800 2.395001
0.036000 2.377736
0.036200 2.360490
0.036400 2.343263
0.036600 2.326057
0.036800 2.308874
0.037000 2.291715
0.037200 2.274580
0.037400 2.257473
0.037600 2.240393
0.037800 2.223343
0.038000 2.206323
0.038200 2.189335
0.038400 2.172380
0.038600 2.155459
0.038800 2.138574
0.039000 2.121726
0.039200 2.104917
0.039400 2.088146
0.039600 2.071417
0.039800 2.054729
0.040000 2.038083
0.040200 2.021482
0.040400 2.004927
0.040600 1.988417
0.040800 1.971955
0.041000 1.955542
0.041200 1.939178
0.041400 1.922865
0.041600 1.906604
0.041800 1.890396
0.042000 1.874241
0.042200 1.858142
0.042400 1.842098
0.042600 1.826111
0.042800 1.810181
0.043000 1.794311
0.043200 1.778500
0.043400 1.762749
0.043600 1.747060
0.043800 1.731433
0.044000 1.715870
0.044200 1.700370
0.044400 1.684936
0.044600 1.669567
0.044800 1.654264
0.045000 1.639028
0.045200 1.623861
0.045400 1.608762
0.045600 1.593733
0.045800 1.578774
0.046000 1.563886
0.046200 1.549069
0.046400 1.534325
0.046600 1.519653
0.046800 1.505055
0.047000 1.490532
0.047200 1.476083
0.047400 1.461709
0.047600 1.447411
0.047800 1.433189
0.048000 1.419045
0.048200 1.404978
0.048400 1.390989
0.048600 1.377078
0.048800 1.363247
0.049000 1.349495
0.049200 1.335822
0.049400 1.322231
0.049600 1.308719
0.049800 1.295289
0.050000 1.281941
0.050200 1.268674
0.050400 1.255489
0.050600 1.242388
0.050800 1.229368
0.051000 1.216433
0.051200 1.203580
0.051400 1.190811
0.051600 1.178127
0.051800 1.165526
0.052000 1.153010
0.052200 1.140579
0.052400 1.128233
0.052600 1.115972
0.052800 1.103796
0.053000 1.091706
0.053200 1.079701
0.053400 1.067782
0.053600 1.055949
0.053800 1.044201
0.054000 1.032540
0.054200 1.020965
0.054400 1.009477
0.054600 0.998074
0.054800 0.986758
0.055000 0.975529
0.055200 0.964385
0.055400 0.953329
0.055600 0.942358
0.055800 0.931474
0.056000 0.920676
0.056200 0.909965
0.056400 0.899340
0.056600 0.888801
0.056800 0.878349
0.057000 0.867982
0.057200 0.857701
0.057400 0.847506
0.057600 0.837397
0.057800 0.827374
0.058000 0.817436
0.058200 0.807583
0.058400 0.797816
0.058600 0.788134
0.058800 0.778536
0.059000 0.769023
0.059200 0.759595
0.059400 0.750250
0.059600 0.740990
0.059800 0.731814
0.060000 0.722721
0.060200 0.713712
0.060400 0.704786
0.060600 0.695942
0.060800 0.687181
0.061000 0.678503
0.061200 0.669906
0.061400 0.661391
0.061600 0.652958
0.061800 0.644606
0.062000 0.636335
0.062200 0.628144
0.062400 0.620033
0.062600 0.612002
0.062800 0.604051
0.063000 0.596179
0.063200 0.588385
0.063400 0.580671
0.063600 0.573034
0.063800 0.565475
0.064000 0.557993
0.064200 0.550588
0.064400 0.543260
0.064600 0.536008
0.064800 0.528832
0.065000 0.521732
0.065200 0.514706
0.065400 0.507755
0.065600 0.500878
0.065800 0.494075
0.066000 0.487345
0.066200 0.480688
0.066400 0.474103
0.066600 0.467591
0.066800 0.461150
0.067000 0.454780
0.067200 0.448481
0.067400 0.442252
0.067600 0.436093
0.067800 0.430003
0.068000 0.423982
0.068200 0.418030
0.068400 0.412146
0.068600 0.406329
0.068800 0.400579
0.069000 0.394895
0.069200 0.389278
0.069400 0.383726
0.069600 0.378239
0.069800 0.372817
0.070000 0.367459
0.070200 0.362165
0.070400 0.356934
0.070600 0.351766
0.070800 0.346660
0.071000 0.341615
0.071200 0.336632
0.071400 0.331709
0.071600 0.326847
0.071800 0.322045
0.072000 0.317301
0.072200 0.312617
0.072400 0.307991
0.072600 0.303422
0.072800 0.298911
0.073000 0.294457
0.073200 0.290059
0.073400 0.285717
0.073600 0.281430
0.073800 0.277197
0.074000 0.273020
0.074200 0.268896
0.074400 0.264825
0.074600 0.260807
0.074800 0.256842
0.075000 0.252928
0.075200 0.249066
0.075400 0.245255
0.075600 0.241494
0.075800 0.237782
0.076000 0.234121
0.076200 0.230508
0.076400 0.226944
0.076600 0.223428
0.076800 0.219959
0.077000 0.216537
0.077200 0.213162
0.077400 0.209833
0.077600 0.206549
0.077800 0.203311
0.078000 0.200117
0.078200 0.196967
0.078400 0.193861
0.078600 0.190798
0.078800 0.187779
0.079000 0.184801
0.079200 0.181865
0.079400 0.178971
0.079600 0.176117
0.079800 0.173305
0.080000 0.170532
0.080200 0.167799
0.080400 0.165104
0.080600 0.162449
0.080800 0.159832
0.081000 0.157253
0.081200 0.154711
0.081400 0.152206
0.081600 0.149738
0.081800 0.147306
0.082000 0.144909
0.082200 0.142548
0.082400 0.140222
0.082600 0.137930
0.082800 0.135672
0.083000 0.133447
0.083200 0.131256
0.083400 0.129098
0.083600 0.126972
0.083800 0.124878
0.084000 0.122816
0.084200 0.120785
0.084400 0.118785
0.084600 0.116815
0.084800 0.114875
0.085000 0.112965
0.085200 0.111084
0.085400 0.109233
0.085600 0.107409
0.085800 0.105614
0.086000 0.103847
0.086200 0.102107
0.086400 0.100394
0.086600 0.098708
0.086800 0.097049
0.087000 0.095415
0.087200 0.093807
0.087400 0.092225
0.087600 0.090667
0.087800 0.089134
0.088000 0.087625
0.088200 0.086141
0.088400 0.084680
0.088600 0.083242
0.088800 0.081828
0.089000 0.080436
0.089200 0.079067
0.089400 0.077719
0.089600 0.076394
0.089800 0.075090
0.090000 0.073807
0.090200 0.072545
0.090400 0.071303
0.090600 0.070082
0.090800 0.068881
0.091000 0.067699
0.091200 0.066537
0.091400 0.065394
0.091600 0.064270
0.091800 0.063164
0.092000 0.062077
0.092200 0.061008
0.092400 0.059957
0.092600 0.058923
0.092800 0.057906
0.093000 0.056906
0.093200 0.055923
0.093400 0.054957
0.093600 0.054007
0.093800 0.053072
0.094000 0.052154
0.094200 0.051251
0.094400 0.050363
0.094600 0.049491
0.094800 0.048633
0.095000 0.047789
0.095200 0.046961
0.095400 0.046146
0.095600 0.045345
0.095800 0.044558
0.096000 0.043784
0.096200 0.043024
0.096400 0.042276
0.096600 0.041542
0.096800 0.040820
0.097000 0.040111
0.097200 0.039414
0.097400 0.038729
0.097600 0.038056
0.097800 0.037394
0.098000 0.036744
0.098200 0.036105
0.098400 0.035478
0.098600 0.034861
0.098800 0.034255
0.099000 0.033660
0.099200 0.033075
0.099400 0.032501
0.099600 0.031936
0.099800 0.031381
0.100000 0.030837
0.100200 0.030301
0.100400 0.029775
0.100600 0.029259
0.100800 0.028751
0.101000 0.028253
0.101200 0.027763
0.101400 0.027282
0.101600 0.026809
0.101800 0.026345
0.102000 0.025889
0.102200 0.025441
0.102400 0.025001
0.102600 0.024569
0.102800 0.024145
0.103000 0.023728
0.103200 0.023319
0.103400 0.022916
0.103600 0.022522
0.103800 0.022134
0.104000 0.021753
0.104200 0.021378
0.104400 0.021011
0.104600 0.020650
0.104800 0.020296
0.105000 0.019947
0.105200 0.019605
0.105400 0.019270
0.105600 0.018940
0.105800 0.018616
0.106000 0.018298
0.106200 0.017986
0.106400 0.017679
0.106600 0.017378
0.106800 0.017082
0.107000 0.016791
0.107200 0.016506
0.107400 0.016226
0.107600 0.015951
0.107800 0.015680
0.108000 0.015415
0.108200 0.015155
0.108400 0.014899
0.108600 0.014647
0.108800 0.014400
0.109000 0.014158
0.109200 0.013920
0.109400 0.013686
0.109600 0.013457
0.109800 0.013231
0.110000 0.013010
0.110200 0.012792
0.110400 0.012579
0.110600 0.012369
0.110800 0.012163
0.111000 0.011961
0.111200 0.011762
0.111400 0.011567
0.111600 0.011375
0.111800 0.011187
0.112000 0.011002
0.112200 0.010821
0.112400 0.010643
0.112600 0.010468
0.112800 0.010296
0.113000 0.010127
0.113200 0.009961
0.113400 0.009798
0.113600 0.009638
0.113800 0.009480
0.114000 0.009326
0.114200 0.009174
0.114400 0.009025
0.114600 0.008879
0.114800 0.008735
0.115000 0.008594
0.115200 0.008455
0.115400 0.008319
0.115600 0.008185
0.115800 0.008054
0.116000 0.007924
0.116200 0.007797
0.116400 0.007673
0.116600 0.007550
0.116800 0.007430
0.117000 0.007311
0.117200 0.007195
0.117400 0.007081
0.117600 0.006969
0.117800 0.006859
0.118000 0.006750
0.118200 0.006644
0.118400 0.006539
0.118600 0.006436
0.118800 0.006335
0.119000 0.006236
0.119200 0.006139
0.119400 0.006043
0.119600 0.005949
0.119800 0.005856
0.120000 0.005765
0.120200 0.005676
0.120400 0.005588
0.120600 0.005501
0.120800 0.005416
0.121000 0.005333
0.121200 0.005251
0.121400 0.005170
0.121600 0.005091
0.121800 0.005013
0.122000 0.004936
0.122200 0.004861
0.122400 0.004786
0.122600 0.004714
0.122800 0.004642
0.123000 0.004571
0.123200 0.004502
0.123400 0.004434
0.123600 0.004367
0.123800 0.004301
0.124000 0.004236
0.124200 0.004173
0.124400 0.004110
0.124600 0.004048
0.124800 0.003988
0.125000 0.003928
0.125200 0.003870
0.125400 0.003812
0.125600 0.003755
0.125800 0.003699
0.126000 0.003645
0.126200 0.003591
0.126400 0.003537
0.126600 0.003485
0.126800 0.003434
0.127000 0.003383
0.127200 0.003333
0.127400 0.003284
0.127600 0.003236
0.127800 0.003189
0.128000 0.003142
0.128200 0.003096
0.128400 0.003051
0.128600 0.003006
0.128800 0.002963
0.129000 0.002920
0.129200 0.002877
0.129400 0.002835
0.129600 0.002794
0.129800 0.002754
0.130000 0.002714
0.130200 0.002675
0.130400 0.002636
0.130600 0.002598
0.130800 0.002561
0.131000 0.002524
0.131200 0.002488
0.131400 0.002452
0.131600 0.002417
0.131800 0.002382
0.132000 0.002348
0.132200 0.002315
0.132400 0.002282
0.132600 0.002249
0.132800 0.002217
0.133000 0.002186
0.133200 0.002155
0.133400 0.002124
0.133600 0.002094
0.133800 0.002064
0.134000 0.002035
0.134200 0.002006
0.134400 0.001978
0.134600 0.001950
0.134800 0.001922
0.135000 0.001895
0.135200 0.001868
0.135400 0.001842
0.135600 0.001816
0.135800 0.001791
0.136000 0.001766
0.136200 0.001741
0.136400 0.001716
0.136600 0.001692
0.136800 0.001669
0.137000 0.001645
0.137200 0.001622
0.137400 0.001599
0.137600 0.001577
0.137800 0.001555
0.138000 0.001533
0.138200 0.001512
0.138400 0.001491
0.138600 0.001470
0.138800 0.001449
0.139000 0.001429
0.139200 0.001409
0.139400 0.001390
0.139600 0.001370
0.139800 0.001351
0.140000 0.001333
0.140200 0.001314
0.140400 0.001296
0.140600 0.001278
0.140800 0.001260
0.141000 0.001243
0.141200 0.001225
0.141400 0.001208
0.141600 0.001192
0.141800 0.001175
0.142000 0.001159
0.142200 0.001143
0.142400 0.001127
0.142600 0.001111
0.142800 0.001096
0.143000 0.001081
0.143200 0.001066
0.143400 0.001051
0.143600 0.001036
0.143800 0.001022
0.144000 0.001008
0.144200 0.000994
0.144400 0.000980
0.144600 0.000967
0.144800 0.000953
0.145000 0.000940
0.145200 0.000927
0.145400 0.000914
0.145600 0.000902
0.145800 0.000889
0.146000 0.000877
0.146200 0.000865
0.146400 0.000853
0.146600 0.000841
0.146800 0.000829
0.147000 0.000818
0.147200 0.000806
0.147400 0.000795
0.147600 0.000784
0.147800 0.000773
0.148000 0.000763
0.148200 0.000752
0.148400 0.000742
0.148600 0.000731
0.148800 0.000721
0.149000 0.000711
0.149200 0.000701
0.149400 0.000692
0.149600 0.000682
0.149800 0.000673
0.150000 0.000663
0.150200 0.000654
0.150400 0.000645
0.150600 0.000636
0.150800 0.000627
0.151000 0.000618
0.151200 0.000610
0.151400 0.000601
0.151600 0.000593
0.151800 0.000585
0.152000 0.000577
0.152200 0.000569
0.152400 0.000561
0.152600 0.000553
0.152800 0.000545
0.153000 0.000538
0.153200 0.000530
0.153400 0.000523
0.153600 0.000515
0.153800 0.000508
0.154000 0.000501
0.154200 0.000494
0.154400 0.000487
0.154600 0.000480
0.154800 0.000474
0.155000 0.000467
0.155200 0.000460
0.155400 0.000454
0.155600 0.000448
0.155800 0.000441
0.156000 0.000435
0.156200 0.000429
0.156400 0.000423
0.156600 0.000417
0.156800 0.000411
0.157000 0.000405
0.157200 0.000400
0.157400 0.000394
0.157600 0.000388
0.157800 0.000383
0.158000 0.000378
0.158200 0.000372
0.158400 0.000367
0.158600 0.000362
0.158800 0.000357
0.159000 0.000352
0.159200 0.000347
0.159400 0.000342
0.159600 0.000337
0.159800 0.000332
0.160000 0.000327
0.160200 0.000323
0.160400 0.000318
0.160600 0.000314
0.160800 0.000309
0.161000 0.000305
0.161200 0.000301
0.161400 0.000296
0.161600 0.000292
0.161800 0.000288
0.162000 0.000284
0.162200 0.000280
0.162400 0.000276
0.162600 0.000272
0.162800 0.000268
0.163000 0.000264
0.163200 0.000260
0.163400 0.000257
0.163600 0.000253
0.163800 0.000249
0.164000 0.000246
0.164200 0.000242
0.164400 0.000239
0.164600 0.000235
0.164800 0.000232
0.165000 0.000228
0.165200 0.000225
0.165400 0.000222
0.165600 0.000219
0.165800 0.000216
0.166000 0.000212
0.166200 0.000209
0.166400 0.000206
0.166600 0.000203
0.166800 0.000200
0.167000 0.000198
0.167200 0.000195
0.167400 0.000192
0.167600 0.000189
0.167800 0.000186
0.168000 0.000184
0.168200 0.000181
0.168400 0.000178
0.168600 0.000176
0.168800 0.000173
0.169000 0.000171
0.169200 0.000168
0.169400 0.000166
0.169600 0.000163
0.169800 0.000161
0.170000 0.000158
0.170200 0.000156
0.170400 0.000154
0.170600 0.000152
0.170800 0.000149
0.171000 0.000147
0.171200 0.000145
0.171400 0.000143
0.171600 0.000141
0.171800 0.000139
0.172000 0.000137
0.172200 0.000135
0.172400 0.000133
0.172600 0.000131
0.172800 0.000129
0.173000 0.000127
0.173200 0.000125
0.173400 0.000123
0.173600 0.000121
0.173800 0.000120
0.174000 0.000118
0.174200 0.000116
0.174400 0.000114
0.174600 0.000113
0.174800 0.000111
0.175000 0.000109
0.175200 0.000108
0.175400 0.000106
0.175600 0.000104
0.175800 0.000103
0.176000 0.000101
0.176200 0.000100
0.176400 0.000098
0.176600 0.000097
0.176800 0.000095
0.177000 0.000094
0.177200 0.000093
0.177400 0.000091
0.177600 0.000090
0.177800 0.000088
0.178000 0.000087
0.178200 0.000086
0.178400 0.000085
0.178600 0.000083
0.178800 0.000082
0.179000 0.000081
0.179200 0.000080
0.179400 0.000078
0.179600 0.000077
0.179800 0.000076
0.180000 0.000075
0.180200 0.000074
0.180400 0.000073
0.180600 0.000071
0.180800 0.000070
0.181000 0.000069
0.181200 0.000068
0.181400 0.000067
0.181600 0.000066
0.181800 0.000065
0.182000 0.000064
0.182200 0.000063
0.182400 0.000062
0.182600 0.000061
0.182800 0.000060
0.183000 0.000059
0.183200 0.000058
0.183400 0.000058
0.183600 0.000057
0.183800 0.000056
0.184000 0.000055
0.184200 0.000054
0.184400 0.000053
0.184600 0.000052
0.184800 0.000052
0.185000 0.000051
0.185200 0.000050
0.185400 0.000049
0.185600 0.000049
0.185800 0.000048
0.186000 0.000047
0.186200 0.000046
0.186400 0.000046
0.186600 0.000045
0.186800 0.000044
0.187000 0.000044
0.187200 0.000043
0.187400 0.000042
0.187600 0.000042
0.187800 0.000041
0.188000 0.000040
0.188200 0.000040
0.188400 0.000039
0.188600 0.000038
0.188800 0.000038
0.189000 0.000037
0.189200 0.000037
0.189400 0.000036
0.189600 0.000035
0.189800 0.000035
0.190000 0.000034
0.190200 0.000034
0.190400 0.000033
0.190600 0.000033
0.190800 0.000032
0.191000 0.000032
0.191200 0.000031
0.191400 0.000031
0.191600 0.000030
0.191800 0.000030
0.192000 0.000029
0.192200 0.000029
0.192400 0.000028
0.192600 0.000028
0.192800 0.000027
0.193000 0.000027
0.193200 0.000027
0.193400 0.000026
0.193600 0.000026
0.193800 0.000025
0.194000 0.000025
0.194200 0.000025
0.194400 0.000024
0.194600 0.000024
0.194800 0.000023
0.195000 0.000023
0.195200 0.000023
0.195400 0.000022
0.195600 0.000022
0.195800 0.000022
0.196000 0.000021
0.196200 0.000021
0.196400 0.000021
0.196600 0.000020
0.196800 0.000020
0.197000 0.000020
0.197200 0.000019
0.197400 0.000019
0.197600 0.000019
0.197800 0.000018
0.198000 0.000018
0.198200 0.000018
0.198400 0.000017
0.198600 0.000017
0.198800 0.000017
0.199000 0.000017
0.199200 0.000016
0.199400 0.000016
0.199600 0.000016
0.199800 0.000016
0.200000 0.000015
0.200200 0.000015
0.200400 0.000015
0.200600 0.000015
0.200800 0.000014
0.201000 0.000014
0.201200 0.000014
0.201400 0.000014
0.201600 0.000013
0.201800 0.000013
0.202000 0.000013
0.202200 0.000013
0.202400 0.000013
0.202600 0.000012
0.202800 0.000012
0.203000 0.000012
0.203200 0.000012
0.203400 0.000012
0.203600 0.000011
0.203800 0.000011
0.204000 0.000011
0.204200 0.000011
0.204400 0.000011
0.204600 0.000010
0.204800 0.000010
0.205000 0.000010
0.205200 0.000010
0.205400 0.000010
0.205600 0.000010
0.205800 0.000009
0.206000 0.000009
0.206200 0.000009
0.206400 0.000009
0.206600 0.000009
0.206800 0.000009
0.207000 0.000009
0.207200 0.000008
0.207400 0.000008
0.207600 0.000008
0.207800 0.000008
0.208000 0.000008
0.208200 0.000008
0.208400 0.000008
0.208600 0.000008
0.208800 0.000007
0.209000 0.000007
0.209200 0.000007
0.209400 0.000007
0.209600 0.000007
0.209800 0.000007
0.210000 0.000007
0.210200 0.000007
0.210400 0.000006
0.210600 0.000006
0.210800 0.000006
0.211000 0.000006
0.211200 0.000006
0.211400 0.000006
0.211600 0.000006
0.211800 0.000006
0.212000 0.000006
0.212200 0.000006
0.212400 0.000005
0.212600 0.000005
0.212800 0.000005
0.213000 0.000005
0.213200 0.000005
0.213400 0.000005
0.213600 0.000005
0.213800 0.000005
0.214000 0.000005
0.214200 0.000005
0.214400 0.000005
0.214600 0.000004
0.214800 0.000004
0.215000 0.000004
0.215200 0.000004
0.215400 0.000004
0.215600 0.000004
0.215800 0.000004
0.216000 0.000004
0.216200 0.000004
0.216400 0.000004
0.216600 0.000004
0.216800 0.000004
0.217000 0.000004
0.217200 0.000004
0.217400 0.000004
0.217600 0.000003
0.217800 0.000003
0.218000 0.000003
0.218200 0.000003
0.218400 0.000003
0.218600 0.000003
0.218800 0.000003
0.219000 0.000003
0.219200 0.000003
0.219400 0.000003
0.219600 0.000003
0.219800 0.000003
0.220000 0.000003
0.220200 0.000003
0.220400 0.000003
0.220600 0.000003
0.220800 0.000003
0.221000 0.000003
0.221200 0.000003
0.221400 0.000002
0.221600 0.000002
0.221800 0.000002
0.222000 0.000002
0.222200 0.000002
0.222400 0.000002
0.222600 0.000002
0.222800 0.000002
0.223000 0.000002
0.223200 0.000002
0.223400 0.000002
0.223600 0.000002
0.223800 0.000002
0.224000 0.000002
0.224200 0.000002
0.224400 0.000002
0.224600 0.000002
0.224800 0.000002
0.225000 0.000002
0.225200 0.000002
0.225400 0.000002
0.225600 0.000002
0.225800 0.000002
0.226000 0.000002
0.226200 0.000002
0.226400 0.000002
0.226600 0.000002
0.226800 0.000002
0.227000 0.000002
0.227200 0.000001
0.227400 0.000001
0.227600 0.000001
0.227800 0.000001
0.228000 0.000001
0.228200 0.000001
0.228400 0.000001
0.228600 0.000001
0.228800 0.000001
0.229000 0.000001
0.229200 0.000001
0.229400 0.000001
0.229600 0.000001
0.229800 0.000001
0.230000 0.000001
0.230200 0.000001
0.230400 0.000001
0.230600 0.000001
0.230800 0.000001
0.231000 0.000001
0.231200 0.000001
0.231400 0.000001
0.231600 0.000001
0.231800 0.000001
0.232000 0.000001
0.232200 0.000001
0.232400 0.000001
0.232600 0.000001
0.232800 0.000001
0.233000 0.000001
0.233200 0.000001
0.233400 0.000001
0.233600 0.000001
0.233800 0.000001
0.234000 0.000001
0.234200 0.000001
0.234400 0.000001
0.234600 0.000001
0.234800 0.000001
0.235000 0.000001
0.235200 0.000001
0.235400 0.000001
0.235600 0.000001
0.235800 0.000001
0.236000 0.000001
0.236200 0.000001
0.236400 0.000001
0.236600 0.000001
0.236800 0.000001
0.237000 0.000001
0.237200 0.000001
0.237400 0.000001
0.237600 0.000001
0.237800 0.000001
0.238000 0.000001
0.238200 0.000001
0.238400 0.000001
0.238600 0.000001
0.238800 0.000001
0.239000 0.000001
0.239200 0.000000
0.239400 0.000000
0.239600 0.000000
0.239800 0.000000
0.240000 0.000000
0.240200 0.000000
0.240400 0.000000
0.240600 0.000000
0.240800 0.000000
0.241000 0.000000
0.241200 0.000000
0.241400 0.000000
0.241600 0.000000
0.241800 0.000000
0.242000 0.000000
0.242200 0.000000
0.242400 0.000000
0.242600 0.000000
0.242800 0.000000
0.243000 0.000000
0.243200 0.000000
0.243400 0.000000
0.243600 0.000000
0.243800 0.000000
0.244000 0.000000
0.244200 0.000000
0.244400 0.000000
0.244600 0.000000
0.244800 0.000000
0.245000 0.000000
0.245200 0.000000
0.245400 0.000000
0.245600 0.000000
0.245800 0.000000
0.246000 0.000000
0.246200 0.000000
0.246400 0.000000
0.246600 0.000000
0.246800 0.000000
0.247000 0.000000
0.247200 0.000000
0.247400 0.000000
0.247600 0.000000
0.247800 0.000000
0.248000 0.000000
0.248200 0.000000
0.248400 0.000000
0.248600 0.000000
0.248800 0.000000
0.249000 0.000000
0.249200 0.000000
0.249400 0.000000
0.249600 0.000000
0.249800 0.000000
0.250000 0.000000
0.250200 0.000000
0.250400 0.000000
0.250600 0.000000
0.250800 0.000000
0.251000 0.000000
0.251200 0.000000
0.251400 0.000000
0.251600 0.000000
0.251800 0.000000
0.252000 0.000000
0.252200 0.000000
0.252400 0.000000
0.252600 0.000000
0.252800 0.000000
0.253000 0.000000
0.253200 0.000000
0.253400 0.000000
0.253600 0.000000
0.253800 0.000000
0.254000 0.000000
0.254200 0.000000
0.254400 0.000000
0.254600 0.000000
0.254800 0.000000
0.255000 0.000000
0.255200 0.000000
0.255400 0.000000
0.255600 0.000000
0.255800 0.000000
0.256000 0.000000
0.256200 0.000000
0.256400 0.000000
0.256600 0.000000
0.256800 0.000000
0.257000 0.000000
0.257200 0.000000
0.257400 0.000000
0.257600 0.000000
0.257800 0.000000
0.258000 0.000000
0.258200 0.000000
0.258400 0.000000
0.258600 0.000000
0.258800 0.000000
0.259000 0.000000
0.259200 0.000000
0.259400 0.000000
0.259600 0.000000
0.259800 0.000000
0.260000 0.000000
0.260200 0.000000
0.260400 0.000000
0.260600 0.000000
0.260800 0.000000
0.261000 0.000000
0.261200 0.000000
0.261400 0.000000
0.261600 0.000000
0.261800 0.000000
0.262000 0.000000
0.262200 0.000000
0.262400 0.000000
0.262600 0.000000
0.262800 0.000000
0.263000 0.000000
0.263200 0.000000
0.263400 0.000000
0.263600 0.000000
0.263800 0.000000
0.264000 0.000000
0.264200 0.000000
0.264400 0.000000
0.264600 0.000000
0.264800 0.000000
0.265000 0.000000
0.265200 0.000000
0.265400 0.000000
0.265600 0.000000
0.265800 0.000000
0.266000 0.000000
0.266200 0.000000
0.266400 0.000000
0.266600 0.000000
0.266800 0.000000
0.267000 0.000000
0.267200 0.000000
0.267400 0.000000
0.267600 0.000000
0.267800 0.000000
0.268000 0.000000
0.268200 0.000000
0.268400 0.000000
0.268600 0.000000
0.268800 0.000000
0.269000 0.000000
0.269200 0.000000
0.269400 0.000000
0.269600 0.000000
0.269800 0.000000
0.270000 0.000000
0.270200 0.000000
0.270400 0.000000
0.270600 0.000000
0.270800 0.000000
0.271000 0.000000
0.271200 0.000000
0.271400 0.000000
0.271600 0.000000
0.271800 0.000000
0.272000 0.000000
0.272200 0.000000
0.272400 0.000000
0.272600 0.000000
0.272800 0.000000
0.273000 0.000000
0.273200 0.000000
0.273400 0.000000
0.273600 0.000000
0.273800 0.000000
0.274000 0.000000
0.274200 0.000000
0.274400 0.000000
0.274600 0.000000
0.274800 0.000000
0.275000 0.000000
0.275200 0.000000
0.275400 0.000000
0.275600 0.000000
0.275800 0.000000
0.276000 0.000000
0.276200 0.000000
0.276400 0.000000
0.276600 0.000000
0.276800 0.000000
0.277000 0.000000
0.277200 0.000000
0.277400 0.000000
0.277600 0.000000
0.277800 0.000000
0.278000 0.000000
0.278200 0.000000
0.278400 0.000000
0.278600 0.000000
0.278800 0.000000
0.279000 0.000000
0.279200 0.000000
0.279400 0.000000
0.279600 0.000000
0.279800 0.000000
0.280000 0.000000
0.280200 0.000000
0.280400 0.000000
0.280600 0.000000
0.280800 0.000000
0.281000 0.000000
0.281200 0.000000
0.281400 0.000000
0.281600 0.000000
0.281800 0.000000
0.282000 0.000000
0.282200 0.000000
0.282400 0.000000
0.282600 0.000000
0.282800 0.000000
0.283000 0.000000
0.283200 0.000000
0.283400 0.000000
0.283600 0.000000
0.283800 0.000000
0.284000 0.000000
0.284200 0.000000
0.284400 0.000000
0.284600 0.000000
0.284800 0.000000
0.285000 0.000000
0.285200 0.000000
0.285400 0.000000
0.285600 0.000000
0.285800 0.000000
0.286000 0.000000
0.286200 0.000000
0.286400 0.000000
0.286600 0.000000
0.286800 0.000000
0.287000 0.000000
0.287200 0.000000
0.287400 0.000000
0.287600 0.000000
0.287800 0.000000
0.288000 0.000000
0.288200 0.000000
0.288400 0.000000
0.288600 0.000000
0.288800 0.000000
0.289000 0.000000
0.289200 0.000000
0.289400 0.000000
0.289600 0.000000
0.289800 0.000000
0.290000 0.000000
0.290200 0.000000
0.290400 0.000000
0.290600 0.000000
0.290800 0.000000
0.291000 0.000000
0.291200 0.000000
0.291400 0.000000
0.291600 0.000000
0.291800 0.000000
0.292000 0.000000
0.292200 0.000000
0.292400 0.000000
0.292600 0.000000
0.292800 0.000000
0.293000 0.000000
0.293200 0.000000
0.293400 0.000000
0.293600 0.000000
0.293800 0.000000
0.294000 0.000000
0.294200 0.000000
0.294400 0.000000
0.294600 0.000000
0.294800 0.000000
0.295000 0.000000
0.295200 0.000000
0.295400 0.000000
0.295600 0.000000
0.295800 0.000000
0.296000 0.000000
0.296200 0.000000
0.296400 0.000000
0.296600 0.000000
0.296800 0.000000
0.297000 0.000000
0.297200 0.000000
0.297400 0.000000
0.297600 0.000000
0.297800 0.000000
0.298000 0.000000
0.298200 0.000000
0.298400 0.000000
0.298600 0.000000
0.298800 0.000000
0.299000 0.000000
0.299200 0.000000
0.299400 0.000000
0.299600 0.000000
0.299800 0.000000
0.300000 0.000000
0.300200 0.000000
0.300400 0.000000
0.300600 0.000000
0.300800 0.000000
0.301000 0.000000
0.301200 0.000000
0.301400 0.000000
0.301600 0.000000
0.301800 0.000000
0.302000 0.000000
0.302200 0.000000
0.302400 0.000000
0.302600 0.000000
0.302800 0.000000
0.303000 0.000000
0.303200 0.000000
0.303400 0.000000
0.303600 0.000000
0.303800 0.000000
0.304000 0.000000
0.304200 0.000000
0.304400 0.000000
0.304600 0.000000
0.304800 0.000000
0.305000 0.000000
0.305200 0.000000
0.305400 0.000000
0.305600 0.000000
0.305800 0.000000
0.306000 0.000000
0.306200 0.000000
0.306400 0.000000
0.306600 0.000000
0.306800 0.000000
0.307000 0.000000
0.307200 0.000000
0.307400 0.000000
0.307600 0.000000
0.307800 0.000000
0.308000 0.000000
0.308200 0.000000
0.308400 0.000000
0.308600 0.000000
0.308800 0.000000
0.309000 0.000000
0.309200 0.000000
0.309400 0.000000
0.309600 0.000000
0.309800 0.000000
0.310000 0.000000
0.310200 0.000000
0.310400 0.000000
0.310600 0.000000
0.310800 0.000000
0.311000 0.000000
0.311200 0.000000
0.311400 0.000000
0.311600 0.000000
0.311800 0.000000
0.312000 0.000000
0.312200 0.000000
0.312400 0.000000
0.312600 0.000000
0.312800 0.000000
0.313000 0.000000
0.313200 0.000000
0.313400 0.000000
0.313600 0.000000
0.313800 0.000000
0.314000 0.000000
0.314200 0.000000
0.314400 0.000000
0.314600 0.000000
0.314800 0.000000
0.315000 0.000000
0.315200 0.000000
0.315400 0.000000
0.315600 0.000000
0.315800 0.000000
0.316000 0.000000
0.316200 0.000000
0.316400 0.000000
0.316600 0.000000
0.316800 0.000000
0.317000 0.000000
0.317200 0.000000
0.317400 0.000000
0.317600 0.000000
0.317800 0.000000
0.318000 0.000000
0.318200 0.000000
0.318400 0.000000
0.318600 0.000000
0.318800 0.000000
0.319000 0.000000
0.319200 0.000000
0.319400 0.000000
0.319600 0.000000
0.319800 0.000000
0.320000 0.000000
0.320200 0.000000
0.320400 0.000000
0.320600 0.000000
0.320800 0.000000
0.321000 0.000000
0.321200 0.000000
0.321400 0.000000
0.321600 0.000000
0.321800 0.000000
0.322000 0.000000
0.322200 0.000000
0.322400 0.000000
0.322600 0.000000
0.322800 0.000000
0.323000 0.000000
0.323200 0.000000
0.323400 0.000000
0.323600 0.000000
0.323800 0.000000
0.324000 0.000000
0.324200 0.000000
0.324400 0.000000
0.324600 0.000000
0.324800 0.000000
0.325000 0.000000
0.325200 0.000000
0.325400 0.000000
0.325600 0.000000
0.325800 0.000000
0.326000 0.000000
0.326200 0.000000
0.326400 0.000000
0.326600 0.000000
0.326800 0.000000
0.327000 0.000000
0.327200 0.000000
0.327400 0.000000
0.327600 0.000000
0.327800 0.000000
0.328000 0.000000
0.328200 0.000000
0.328400 0.000000
0.328600 0.000000
0.328800 0.000000
0.329000 0.000000
0.329200 0.000000
0.329400 0.000000
0.329600 0.000000
0.329800 0.000000
0.330000 0.000000
0.330200 0.000000
0.330400 0.000000
0.330600 0.000000
0.330800 0.000000
0.331000 0.000000
0.331200 0.000000
0.331400 0.000000
0.331600 0.000000
0.331800 0.000000
0.332000 0.000000
0.332200 0.000000
0.332400 0.000000
0.332600 0.000000
0.332800 0.000000
0.333000 0.000000
0.333200 0.000000
0.333400 0.000000
0.333600 0.000000
0.333800 0.000000
0.334000 0.000000
0.334200 0.000000
0.334400 0.000000
0.334600 0.000000
0.334800 0.000000
0.335000 0.000000
0.335200 0.000000
0.335400 0.000000
0.335600 0.000000
0.335800 0.000000
0.336000 0.000000
0.336200 0.000000
0.336400 0.000000
0.336600 0.000000
0.336800 0.000000
0.337000 0.000000
0.337200 0.000000
0.337400 0.000000
0.337600 0.000000
0.337800 0.000000
0.338000 0.000000
0.338200 0.000000
0.338400 0.000000
0.338600 0.000000
0.338800 0.000000
0.339000 0.000000
0.339200 0.000000
0.339400 0.000000
0.339600 0.000000
0.339800 0.000000
0.340000 0.000000
0.340200 0.000000
0.340400 0.000000
0.340600 0.000000
0.340800 0.000000
0.341000 0.000000
0.341200 0.000000
0.341400 0.000000
0.341600 0.000000
0.341800 0.000000
0.342000 0.000000
0.342200 0.000000
0.342400 0.000000
0.342600 0.000000
0.342800 0.000000
0.343000 0.000000
0.343200 0.000000
0.343400 0.000000
0.343600 0.000000
0.343800 0.000000
0.344000 0.000000
0.344200 0.000000
0.344400 0.000000
0.344600 0.000000
0.344800 0.000000
0.345000 0.000000
0.345200 0.000000
0.345400 0.000000
0.345600 0.000000
0.345800 0.000000
0.346000 0.000000
0.346200 0.000000
0.346400 0.000000
0.346600 0.000000
0.346800 0.000000
0.347000 0.000000
0.347200 0.000000
0.347400 0.000000
0.347600 0.000000
0.347800 0.000000
0.348000 0.000000
0.348200 0.000000
0.348400 0.000000
0.348600 0.000000
0.348800 0.000000
0.349000 0.000000
0.349200 0.000000
0.349400 0.000000
0.349600 0.000000
0.349800 0.000000
0.350000 0.000000
0.350200 0.000000
0.350400 0.000000
0.350600 0.000000
0.350800 0.000000
0.351000 0.000000
0.351200 0.000000
0.351400 0.000000
0.351600 0.000000
0.351800 0.000000
0.352000 0.000000
0.352200 0.000000
0.352400 0.000000
0.352600 0.000000
0.352800 0.000000
0.353000 0.000000
0.353200 0.000000
0.353400 0.000000
0.353600 0.000000
0.353800 0.000000
0.354000 0.000000
0.354200 0.000000
0.354400 0.000000
0.354600 0.000000
0.354800 0.000000
0.355000 0.000000
0.355200 0.000000
0.355400 0.000000
0.355600 0.000000
0.355800 0.000000
0.356000 0.000000
0.356200 0.000000
0.356400 0.000000
0.356600 0.000000
0.356800 0.000000
0.357000 0.000000
0.357200 0.000000
0.357400 0.000000
0.357600 0.000000
0.357800 0.000000
0.358000 0.000000
0.358200 0.000000
0.358400 0.000000
0.358600 0.000000
0.358800 0.000000
0.359000 0.000000
0.359200 0.000000
0.359400 0.000000
0.359600 0.000000
0.359800 0.000000
0.360000 0.000000
0.360200 0.000000
0.360400 0.000000
0.360600 0.000000
0.360800 0.000000
0.361000 0.000000
0.361200 0.000000
0.361400 0.000000
0.361600 0.000000
0.361800 0.000000
0.362000 0.000000
0.362200 0.000000
0.362400 0.000000
0.362600 0.000000
0.362800 0.000000
0.363000 0.000000
0.363200 0.000000
0.363400 0.000000
0.363600 0.000000
0.363800 0.000000
0.364000 0.000000
0.364200 0.000000
0.364400 0.000000
0.364600 0.000000
0.364800 0.000000
0.365000 0.000000
0.365200 0.000000
0.365400 0.000000
0.365600 0.000000
0.365800 0.000000
0.366000 0.000000
0.366200 0.000000
0.366400 0.000000
0.366600 0.000000
0.366800 0.000000
0.367000 0.000000
0.367200 0.000000
0.367400 0.000000
0.367600 0.000000
0.367800 0.000000
0.368000 0.000000
0.368200 0.000000
0.368400 0.000000
0.368600 0.000000
0.368800 0.000000
0.369000 0.000000
0.369200 0.000000
0.369400 0.000000
0.369600 0.000000
0.369800 0.000000
0.370000 0.000000
0.370200 0.000000
0.370400 0.000000
0.370600 0.000000
0.370800 0.000000
0.371000 0.000000
0.371200 0.000000
0.371400 0.000000
0.371600 0.000000
0.371800 0.000000
0.372000 0.000000
0.372200 0.000000
0.372400 0.000000
0.372600 0.000000
0.372800 0.000000
0.373000 0.000000
0.373200 0.000000
0.373400 0.000000
0.373600 0.000000
0.373800 0.000000
0.374000 0.000000
0.374200 0.000000
0.374400 0.000000
0.374600 0.000000
0.374800 0.000000
0.375000 0.000000
0.375200 0.000000
0.375400 0.000000
0.375600 0.000000
0.375800 0.000000
0.376000 0.000000
0.376200 0.000000
0.376400 0.000000
0.376600 0.000000
0.376800 0.000000
0.377000 0.000000
0.377200 0.000000
0.377400 0.000000
0.377600 0.000000
0.377800 0.000000
0.378000 0.000000
0.378200 0.000000
0.378400 0.000000
0.378600 0.000000
0.378800 0.000000
0.379000 0.000000
0.379200 0.000000
0.379400 0.000000
0.379600 0.000000
0.379800 0.000000
0.380000 0.000000
0.380200 0.000000
0.380400 0.000000
0.380600 0.000000
0.380800 0.000000
0.381000 0.000000
0.381200 0.000000
0.381400 0.000000
0.381600 0.000000
0.381800 0.000000
0.382000 0.000000
0.382200 0.000000
0.382400 0.000000
0.382600 0.000000
0.382800 0.000000
0.383000 0.000000
0.383200 0.000000
0.383400 0.000000
0.383600 0.000000
0.383800 0.000000
0.384000 0.000000
0.384200 0.000000
0.384400 0.000000
0.384600 0.000000
0.384800 0.000000
0.385000 0.000000
0.385200 0.000000
0.385400 0.000000
0.385600 0.000000
0.385800 0.000000
0.386000 0.000000
0.386200 0.000000
0.386400 0.000000
0.386600 0.000000
0.386800 0.000000
0.387000 0.000000
0.387200 0.000000
0.387400 0.000000
0.387600 0.000000
0.387800 0.000000
0.388000 0.000000
0.388200 0.000000
0.388400 0.000000
0.388600 0.000000
0.388800 0.000000
0.389000 0.000000
0.389200 0.000000
0.389400 0.000000
0.389600 0.000000
0.389800 0.000000
0.390000 0.000000
0.390200 0.000000
0.390400 0.000000
0.390600 0.000000
0.390800 0.000000
0.391000 0.000000
0.391200 0.000000
0.391400 0.000000
0.391600 0.000000
0.391800 0.000000
0.392000 0.000000
0.392200 0.000000
0.392400 0.000000
0.392600 0.000000
0.392800 0.000000
0.393000 0.000000
0.393200 0.000000
0.393400 0.000000
0.393600 0.000000
0.393800 0.000000
0.394000 0.000000
0.394200 0.000000
0.394400 0.000000
0.394600 0.000000
0.394800 0.000000
0.395000 0.000000
0.395200 0.000000
0.395400 0.000000
0.395600 0.000000
0.395800 0.000000
0.396000 0.000000
0.396200 0.000000
0.396400 0.000000
0.396600 0.000000
0.396800 0.000000
0.397000 0.000000
0.397200 0.000000
0.397400 0.000000
0.397600 0.000000
0.397800 0.000000
0.398000 0.000000
0.398200 0.000000
0.398400 0.000000
0.398600 0.000000
0.398800 0.000000
0.399000 0.000000
0.399200 0.000000
0.399400 0.000000
0.399600 0.000000
0.399800 0.000000
0.400000 0.000000
0.400200 0.000000
0.400400 0.000000
0.400600 0.000000
0.400800 0.000000
0.401000 0.000000
0.401200 0.000000
0.401400 0.000000
0.401600 0.000000
0.401800 0.000000
0.402000 0.000000
0.402200 0.000000
0.402400 0.000000
0.402600 0.000000
0.402800 0.000000
0.403000 0.000000
0.403200 0.000000
0.403400 0.000000
0.403600 0.000000
0.403800 0.000000
0.404000 0.000000
0.404200 0.000000
0.404400 0.000000
0.404600 0.000000
0.404800 0.000000
0.405000 0.000000
0.405200 0.000000
0.405400 0.000000
0.405600 0.000000
0.405800 0.000000
0.406000 0.000000
0.406200 0.000000
0.406400 0.000000
0.406600 0.000000
0.406800 0.000000
0.407000 0.000000
0.407200 0.000000
0.407400 0.000000
0.407600 0.000000
0.407800 0.000000
0.408000 0.000000
0.408200 0.000000
0.408400 0.000000
0.408600 0.000000
0.408800 0.000000
0.409000 0.000000
0.409200 0.000000
0.409400 0.000000
0.409600 0.000000
0.409800 0.000000
0.410000 0.000000
0.410200 0.000000
0.410400 0.000000
0.410600 0.000000
0.410800 0.000000
0.411000 0.000000
0.411200 0.000000
0.411400 0.000000
0.411600 0.000000
0.411800 0.000000
0.412000 0.000000
0.412200 0.000000
0.412400 0.000000
0.412600 0.000000
0.412800 0.000000
0.413000 0.000000
0.413200 0.000000
0.413400 0.000000
0.413600 0.000000
0.413800 0.000000
0.414000 0.000000
0.414200 0.000000
0.414400 0.000000
0.414600 0.000000
0.414800 0.000000
0.415000 0.000000
0.415200 0.000000
0.415400 0.000000
0.415600 0.000000
0.415800 0.000000
0.416000 0.000000
0.416200 0.000000
0.416400 0.000000
0.416600 0.000000
0.416800 0.000000
0.417000 0.000000
0.417200 0.000000
0.417400 0.000000
0.417600 0.000000
0.417800 0.000000
0.418000 0.000000
0.418200 0.000000
0.418400 0.000000
0.418600 0.000000
0.418800 0.000000
0.419000 0.000000
0.419200 0.000000
0.419400 0.000000
0.419600 0.000000
0.419800 0.000000
0.420000 0.000000
0.420200 0.000000
0.420400 0.000000
0.420600 0.000000
0.420800 0.000000
0.421000 0.000000
0.421200 0.000000
0.421400 0.000000
0.421600 0.000000
0.421800 0.000000
0.422000 0.000000
0.422200 0.000000
0.422400 0.000000
0.422600 0.000000
0.422800 0.000000
0.423000 0.000000
0.423200 0.000000
0.423400 0.000000
0.423600 0.000000
0.423800 0.000000
0.424000 0.000000
0.424200 0.000000
0.424400 0.000000
0.424600 0.000000
0.424800 0.000000
0.425000 0.000000
0.425200 0.000000
0.425400 0.000000
0.425600 0.000000
0.425800 0.000000
0.426000 0.000000
0.426200 0.000000
0.426400 0.000000
0.426600 0.000000
0.426800 0.000000
0.427000 0.000000
0.427200 0.000000
0.427400 0.000000
0.427600 0.000000
0.427800 0.000000
0.428000 0.000000
0.428200 0.000000
0.428400 0.000000
0.428600 0.000000
0.428800 0.000000
0.429000 0.000000
0.429200 0.000000
0.429400 0.000000
0.429600 0.000000
0.429800 0.000000
0.430000 0.000000
0.430200 0.000000
0.430400 0.000000
0.430600 0.000000
0.430800 0.000000
0.431000 0.000000
0.431200 0.000000
0.431400 0.000000
0.431600 0.000000
0.431800 0.000000
0.432000 0.000000
0.432200 0.000000
0.432400 0.000000
0.432600 0.000000
0.432800 0.000000
0.433000 0.000000
0.433200 0.000000
0.433400 0.000000
0.433600 0.000000
0.433800 0.000000
0.434000 0.000000
0.434200 0.000000
0.434400 0.000000
0.434600 0.000000
0.434800 0.000000
0.435000 0.000000
0.435200 0.000000
0.435400 0.000000
0.435600 0.000000
0.435800 0.000000
0.436000 0.000000
0.436200 0.000000
0.436400 0.000000
0.436600 0.000000
0.436800 0.000000
0.437000 0.000000
0.437200 0.000000
0.437400 0.000000
0.437600 0.000000
0.437800 0.000000
0.438000 0.000000
0.438200 0.000000
0.438400 0.000000
0.438600 0.000000
0.438800 0.000000
0.439000 0.000000
0.439200 0.000000
0.439400 0.000000
0.439600 0.000000
0.439800 0.000000
0.440000 0.000000
0.440200 0.000000
0.440400 0.000000
0.440600 0.000000
0.440800 0.000000
0.441000 0.000000
0.441200 0.000000
0.441400 0.000000
0.441600 0.000000
0.441800 0.000000
0.442000 0.000000
0.442200 0.000000
0.442400 0.000000
0.442600 0.000000
0.442800 0.000000
0.443000 0.000000
0.443200 0.000000
0.443400 0.000000
0.443600 0.000000
0.443800 0.000000
0.444000 0.000000
0.444200 0.000000
0.444400 0.000000
0.444600 0.000000
0.444800 0.000000
0.445000 0.000000
0.445200 0.000000
0.445400 0.000000
0.445600 0.000000
0.445800 0.000000
0.446000 0.000000
0.446200 0.000000
0.446400 0.000000
0.446600 0.000000
0.446800 0.000000
0.447000 0.000000
0.447200 0.000000
0.447400 0.000000
0.447600 0.000000
0.447800 0.000000
0.448000 0.000000
0.448200 0.000000
0.448400 0.000000
0.448600 0.000000
0.448800 0.000000
0.449000 0.000000
0.449200 0.000000
0.449400 0.000000
0.449600 0.000000
0.449800 0.000000
0.450000 0.000000
0.450200 0.000000
0.450400 0.000000
0.450600 0.000000
0.450800 0.000000
0.451000 0.000000
0.451200 0.000000
0.451400 0.000000
0.451600 0.000000
0.451800 0.000000
0.452000 0.000000
0.452200 0.000000
0.452400 0.000000
0.452600 0.000000
0.452800 0.000000
0.453000 0.000000
0.453200 0.000000
0.453400 0.000000
0.453600 0.000000
0.453800 0.000000
0.454000 0.000000
0.454200 0.000000
0.454400 0.000000
0.454600 0.000000
0.454800 0.000000
0.455000 0.000000
0.455200 0.000000
0.455400 0.000000
0.455600 0.000000
0.455800 0.000000
0.456000 0.000000
0.456200 0.000000
0.456400 0.000000
0.456600 0.000000
0.456800 0.000000
0.457000 0.000000
0.457200 0.000000
0.457400 0.000000
0.457600 0.000000
0.457800 0.000000
0.458000 0.000000
0.458200 0.000000
0.458400 0.000000
0.458600 0.000000
0.458800 0.000000
0.459000 0.000000
0.459200 0.000000
0.459400 0.000000
0.459600 0.000000
0.459800 0.000000
0.460000 0.000000
0.460200 0.000000
0.460400 0.000000
0.460600 0.000000
0.460800 0.000000
0.461000 0.000000
0.461200 0.000000
0.461400 0.000000
0.461600 0.000000
0.461800 0.000000
0.462000 0.000000
0.462200 0.000000
0.462400 0.000000
0.462600 0.000000
0.462800 0.000000
0.463000 0.000000
0.463200 0.000000
0.463400 0.000000
0.463600 0.000000
0.463800 0.000000
0.464000 0.000000
0.464200 0.000000
0.464400 0.000000
0.464600 0.000000
0.464800 0.000000
0.465000 0.000000
0.465200 0.000000
0.465400 0.000000
0.465600 0.000000
0.465800 0.000000
0.466000 0.000000
0.466200 0.000000
0.466400 0.000000
0.466600 0.000000
0.466800 0.000000
0.467000 0.000000
0.467200 0.000000
0.467400 0.000000
0.467600 0.000000
0.467800 0.000000
0.468000 0.000000
0.468200 0.000000
0.468400 0.000000
0.468600 0.000000
0.468800 0.000000
0.469000 0.000000
0.469200 0.000000
0.469400 0.000000
0.469600 0.000000
0.469800 0.000000
0.470000 0.000000
0.470200 0.000000
0.470400 0.000000
0.470600 0.000000
0.470800 0.000000
0.471000 0.000000
0.471200 0.000000
0.471400 0.000000
0.471600 0.000000
0.471800 0.000000
0.472000 0.000000
0.472200 0.000000
0.472400 0.000000
0.472600 0.000000
0.472800 0.000000
0.473000 0.000000
0.473200 0.000000
0.473400 0.000000
0.473600 0.000000
0.473800 0.000000
0.474000 0.000000
0.474200 0.000000
0.474400 0.000000
0.474600 0.000000
0.474800 0.000000
0.475000 0.000000
0.475200 0.000000
0.475400 0.000000
0.475600 0.000000
0.475800 0.000000
0.476000 0.000000
0.476200 0.000000
0.476400 0.000000
0.476600 0.000000
0.476800 0.000000
0.477000 0.000000
0.477200 0.000000
0.477400 0.000000
0.477600 0.000000
0.477800 0.000000
0.478000 0.000000
0.478200 0.000000
0.478400 0.000000
0.478600 0.000000
0.478800 0.000000
0.479000 0.000000
0.479200 0.000000
0.479400 0.000000
0.479600 0.000000
0.479800 0.000000
0.480000 0.000000
0.480200 0.000000
0.480400 0.000000
0.480600 0.000000
0.480800 0.000000
0.481000 0.000000
0.481200 0.000000
0.481400 0.000000
0.481600 0.000000
0.481800 0.000000
0.482000 0.000000
0.482200 0.000000
0.482400 0.000000
0.482600 0.000000
0.482800 0.000000
0.483000 0.000000
0.483200 0.000000
0.483400 0.000000
0.483600 0.000000
0.483800 0.000000
0.484000 0.000000
0.484200 0.000000
0.484400 0.000000
0.484600 0.000000
0.484800 0.000000
0.485000 0.000000
0.485200 0.000000
0.485400 0.000000
0.485600 0.000000
0.485800 0.000000
0.486000 0.000000
0.486200 0.000000
0.486400 0.000000
0.486600 0.000000
0.486800 0.000000
0.487000 0.000000
0.487200 0.000000
0.487400 0.000000
0.487600 0.000000
0.487800 0.000000
0.488000 0.000000
0.488200 0.000000
0.488400 0.000000
0.488600 0.000000
0.488800 0.000000
0.489000 0.000000
0.489200 0.000000
0.489400 0.000000
0.489600 0.000000
0.489800 0.000000
0.490000 0.000000
0.490200 0.000000
0.490400 0.000000
0.490600 0.000000
0.490800 0.000000
0.491000 0.000000
0.491200 0.000000
0.491400 0.000000
0.491600 0.000000
0.491800 0.000000
0.492000 0.000000
0.492200 0.000000
0.492400 0.000000
0.492600 0.000000
0.492800 0.000000
0.493000 0.000000
0.493200 0.000000
0.493400 0.000000
0.493600 0.000000
0.493800 0.000000
0.494000 0.000000
0.494200 0.000000
0.494400 0.000000
0.494600 0.000000
0.494800 0.000000
0.495000 0.000000
0.495200 0.000000
0.495400 0.000000
0.495600 0.000000
0.495800 0.000000
0.496000 0.000000
0.496200 0.000000
0.496400 0.000000
0.496600 0.000000
0.496800 0.000000
0.497000 0.000000
0.497200 0.000000
0.497400 0.000000
0.497600 0.000000
0.497800 0.000000
0.498000 0.000000
0.498200 0.000000
0.498400 0.000000
0.498600 0.000000
0.498800 0.000000
0.499000 0.000000
0.499200 0.000000
0.499400 0.000000
0.499600 0.000000
0.499800 0.000000
0.500000 0.000000
0.500200 0.000000
0.500400 0.000000
0.500600 0.000000
0.500800 0.000000
0.501000 0.000000
0.501200 0.000000
0.501400 0.000000
0.501600 0.000000
0.501800 0.000000
0.502000 0.000000
0.502200 0.000000
0.502400 0.000000
0.502600 0.000000
0.502800 0.000000
0.503000 0.000000
0.503200 0.000000
0.503400 0.000000
0.503600 0.000000
0.503800 0.000000
0.504000 0.000000
0.504200 0.000000
0.504400 0.000000
0.504600 0.000000
0.504800 0.000000
0.505000 0.000000
0.505200 0.000000
0.505400 0.000000
0.505600 0.000000
0.505800 0.000000
0.506000 0.000000
0.506200 0.000000
0.506400 0.000000
0.506600 0.000000
0.506800 0.000000
0.507000 0.000000
0.507200 0.000000
0.507400 0.000000
0.507600 0.000000
0.507800 0.000000
0.508000 0.000000
0.508200 0.000000
0.508400 0.000000
0.508600 0.000000
0.508800 0.000000
0.509000 0.000000
0.509200 0.000000
0.509400 0.000000
0.509600 0.000000
0.509800 0.000000
0.510000 0.000000
0.510200 0.000000
0.510400 0.000000
0.510600 0.000000
0.510800 0.000000
0.511000 0.000000
0.511200 0.000000
0.511400 0.000001
0.511600 0.000001
0.511800 0.000001
0.512000 0.000001
0.512200 0.000001
0.512400 0.000001
0.512600 0.000001
0.512800 0.000001
0.513000 0.000001
0.513200 0.000001
0.513400 0.000001
0.513600 0.000001
0.513800 0.000001
0.514000 0.000001
0.514200 0.000001
0.514400 0.000001
0.514600 0.000001
0.514800 0.000001
0.515000 0.000001
0.515200 0.000001
0.515400 0.000001
0.515600 0.000001
0.515800 0.000001
0.516000 0.000001
0.516200 0.000001
0.516400 0.000001
0.516600 0.000001
0.516800 0.000001
0.517000 0.000001
0.517200 0.000001
0.517400 0.000001
0.517600 0.000001
0.517800 0.000001
0.518000 0.000001
0.518200 0.000001
0.518400 0.000001
0.518600 0.000001
0.518800 0.000001
0.519000 0.000001
0.519200 0.000001
0.519400 0.000001
0.519600 0.000001
0.519800 0.000001
0.520000 0.000001
0.520200 0.000001
0.520400 0.000002
0.520600 0.000002
0.520800 0.000002
0.521000 0.000002
0.521200 0.000002
0.521400 0.000002
0.521600 0.000002
0.521800 0.000002
0.522000 0.000002
0.522200 0.000002
0.522400 0.000002
0.522600 0.000002
0.522800 0.000002
0.523000 0.000002
0.523200 0.000002
0.523400 0.000002
0.523600 0.000002
0.523800 0.000002
0.524000 0.000002
0.524200 0.000002
0.524400 0.000002
0.524600 0.000003
0.524800 0.000003
0.525000 0.000003
0.525200 0.000003
0.525400 0.000003
0.525600 0.000003
0.525800 0.000003
0.526000 0.000003
0.526200 0.000003
0.526400 0.000003
0.526600 0.000003
0.526800 0.000003
0.527000 0.000003
0.527200 0.000003
0.527400 0.000003
0.527600 0.000004
0.527800 0.000004
0.528000 0.000004
0.528200 0.000004
0.528400 0.000004
0.528600 0.000004
0.528800 0.000004
0.529000 0.000004
0.529200 0.000004
0.529400 0.000004
0.529600 0.000005
0.529800 0.000005
0.530000 0.000005
0.530200 0.000005
0.530400 0.000005
0.530600 0.000005
0.530800 0.000005
0.531000 0.000005
0.531200 0.000005
0.531400 0.000006
0.531600 0.000006
0.531800 0.000006
0.532000 0.000006
0.532200 0.000006
0.532400 0.000006
0.532600 0.000006
0.532800 0.000007
0.533000 0.000007
0.533200 0.000007
0.533400 0.000007
0.533600 0.000007
0.533800 0.000007
0.534000 0.000007
0.534200 0.000008
0.534400 0.000008
0.534600 0.000008
0.534800 0.000008
0.535000 0.000008
0.535200 0.000009
0.535400 0.000009
0.535600 0.000009
0.535800 0.000009
0.536000 0.000009
0.536200 0.000010
0.536400 0.000010
0.536600 0.000010
0.536800 0.000010
0.537000 0.000011
0.537200 0.000011
0.537400 0.000011
0.537600 0.000011
0.537800 0.000011
0.538000 0.000012
0.538200 0.000012
0.538400 0.000012
0.538600 0.000013
0.538800 0.000013
0.539000 0.000013
0.539200 0.000013
0.539400 0.000014
0.539600 0.000014
0.539800 0.000014
0.540000 0.000015
0.540200 0.000015
0.540400 0.000015
0.540600 0.000016
0.540800 0.000016
0.541000 0.000016
0.541200 0.000017
0.541400 0.000017
0.541600 0.000018
0.541800 0.000018
0.542000 0.000018
0.542200 0.000019
0.542400 0.000019
0.542600 0.000020
0.542800 0.000020
0.543000 0.000020
0.543200 0.000021
0.543400 0.000021
0.543600 0.000022
0.543800 0.000022
0.544000 0.000023
0.544200 0.000023
0.544400 0.000024
0.544600 0.000024
0.544800 0.000025
0.545000 0.000025
0.545200 0.000026
0.545400 0.000027
0.545600 0.000027
0.545800 0.000028
0.546000 0.000028
0.546200 0.000029
0.546400 0.000030
0.546600 0.000030
0.546800 0.000031
0.547000 0.000031
0.547200 0.000032
0.547400 0.000033
0.547600 0.000034
0.547800 0.000034
0.548000 0.000035
0.548200 0.000036
0.548400 0.000037
0.548600 0.000037
0.548800 0.000038
0.549000 0.000039
0.549200 0.000040
0.549400 0.000041
0.549600 0.000042
0.549800 0.000042
0.550000 0.000043
0.550200 0.000044
0.550400 0.000045
0.550600 0.000046
0.550800 0.000047
0.551000 0.000048
0.551200 0.000049
0.551400 0.000050
0.551600 0.000051
0.551800 0.000052
0.552000 0.000054
0.552200 0.000055
0.552400 0.000056
0.552600 0.000057
0.552800 0.000058
0.553000 0.000059
0.553200 0.000061
0.553400 0.000062
0.553600 0.000063
0.553800 0.000065
0.554000 0.000066
0.554200 0.000067
0.554400 0.000069
0.554600 0.000070
0.554800 0.000072
0.555000 0.000073
0.555200 0.000075
0.555400 0.000076
0.555600 0.000078
0.555800 0.000079
0.556000 0.000081
0.556200 0.000083
0.556400 0.000084
0.556600 0.000086
0.556800 0.000088
0.557000 0.000090
0.557200 0.000092
0.557400 0.000094
0.557600 0.000095
0.557800 0.000097
0.558000 0.000099
0.558200 0.000101
0.558400 0.000104
0.558600 0.000106
0.558800 0.000108
0.559000 0.000110
0.559200 0.000112
0.559400 0.000115
0.559600 0.000117
0.559800 0.000119
0.560000 0.000122
0.560200 0.000124
0.560400 0.000127
0.560600 0.000129
0.560800 0.000132
0.561000 0.000135
0.561200 0.000137
0.561400 0.000140
0.561600 0.000143
0.561800 0.000146
0.562000 0.000149
0.562200 0.000152
0.562400 0.000155
0.562600 0.000158
0.562800 0.000161
0.563000 0.000164
0.563200 0.000168
0.563400 0.000171
0.563600 0.000174
0.563800 0.000178
0.564000 0.000181
0.564200 0.000185
0.564400 0.000189
0.564600 0.000192
0.564800 0.000196
0.565000 0.000200
0.565200 0.000204
0.565400 0.000208
0.565600 0.000212
0.565800 0.000217
0.566000 0.000221
0.566200 0.000225
0.566400 0.000230
0.566600 0.000234
0.566800 0.000239
0.567000 0.000243
0.567200 0.000248
0.567400 0.000253
0.567600 0.000258
0.567800 0.000263
0.568000 0.000268
0.568200 0.000273
0.568400 0.000279
0.568600 0.000284
0.568800 0.000290
0.569000 0.000295
0.569200 0.000301
0.569400 0.000307
0.569600 0.000313
0.569800 0.000319
0.570000 0.000325
0.570200 0.000331
0.570400 0.000338
0.570600 0.000344
0.570800 0.000351
0.571000 0.000358
0.571200 0.000364
0.571400 0.000371
0.571600 0.000379
0.571800 0.000386
0.572000 0.000393
0.572200 0.000401
0.572400 0.000408
0.572600 0.000416
0.572800 0.000424
0.573000 0.000432
0.573200 0.000440
0.573400 0.000449
0.573600 0.000457
0.573800 0.000466
0.574000 0.000475
0.574200 0.000484
0.574400 0.000493
0.574600 0.000502
0.574800 0.000512
0.575000 0.000521
0.575200 0.000531
0.575400 0.000541
0.575600 0.000551
0.575800 0.000561
0.576000 0.000572
0.576200 0.000583
0.576400 0.000593
0.576600 0.000605
0.576800 0.000616
0.577000 0.000627
0.577200 0.000639
0.577400 0.000651
0.577600 0.000663
0.577800 0.000675
0.578000 0.000688
0.578200 0.000700
0.578400 0.000713
0.578600 0.000726
0.578800 0.000740
0.579000 0.000753
0.579200 0.000767
0.579400 0.000781
0.579600 0.000796
0.579800 0.000810
0.580000 0.000825
0.580200 0.000840
0.580400 0.000856
0.580600 0.000871
0.580800 0.000887
0.581000 0.000903
0.581200 0.000920
0.581400 0.000936
0.581600 0.000953
0.581800 0.000971
0.582000 0.000988
0.582200 0.001006
0.582400 0.001024
0.582600 0.001043
0.582800 0.001061
0.583000 0.001081
0.583200 0.001100
0.583400 0.001120
0.583600 0.001140
0.583800 0.001160
0.584000 0.001181
0.584200 0.001202
0.584400 0.001224
0.584600 0.001245
0.584800 0.001268
0.585000 0.001290
0.585200 0.001313
0.585400 0.001336
0.585600 0.001360
0.585800 0.001384
0.586000 0.001409
0.586200 0.001434
0.586400 0.001459
0.586600 0.001485
0.586800 0.001511
0.587000 0.001537
0.587200 0.001564
0.587400 0.001592
0.587600 0.001620
0.587800 0.001648
0.588000 0.001677
0.588200 0.001706
0.588400 0.001736
0.588600 0.001766
0.588800 0.001797
0.589000 0.001828
0.589200 0.001860
0.589400 0.001892
0.589600 0.001925
0.589800 0.001958
0.590000 0.001992
0.590200 0.002026
0.590400 0.002061
0.590600 0.002097
0.590800 0.002133
0.591000 0.002169
0.591200 0.002207
0.591400 0.002244
0.591600 0.002283
0.591800 0.002322
0.592000 0.002362
0.592200 0.002402
0.592400 0.002443
0.592600 0.002484
0.592800 0.002527
0.593000 0.002569
0.593200 0.002613
0.593400 0.002657
0.593600 0.002702
0.593800 0.002748
0.594000 0.002794
0.594200 0.002841
0.594400 0.002889
0.594600 0.002938
0.594800 0.002987
0.595000 0.003037
0.595200 0.003088
0.595400 0.003139
0.595600 0.003192
0.595800 0.003245
0.596000 0.003299
0.596200 0.003354
0.596400 0.003410
0.596600 0.003467
0.596800 0.003524
0.597000 0.003582
0.597200 0.003642
0.597400 0.003702
0.597600 0.003763
0.597800 0.003825
0.598000 0.003888
0.598200 0.003952
0.598400 0.004017
0.598600 0.004083
0.598800 0.004149
0.599000 0.004217
0.599200 0.004286
0.599400 0.004356
0.599600 0.004427
0.599800 0.004499
0.600000 0.004572
0.600200 0.004646
0.600400 0.004722
0.600600 0.004798
0.600800 0.004876
0.601000 0.004955
0.601200 0.005035
0.601400 0.005116
0.601600 0.005198
0.601800 0.005282
0.602000 0.005366
0.602200 0.005452
0.602400 0.005540
0.602600 0.005628
0.602800 0.005718
0.603000 0.005809
0.603200 0.005902
0.603400 0.005996
0.603600 0.006091
0.603800 0.006188
0.604000 0.006286
0.604200 0.006385
0.604400 0.006486
0.604600 0.006588
0.604800 0.006692
0.605000 0.006798
0.605200 0.006904
0.605400 0.007013
0.605600 0.007123
0.605800 0.007234
0.606000 0.007347
0.606200 0.007462
0.606400 0.007579
0.606600 0.007697
0.606800 0.007816
0.607000 0.007938
0.607200 0.008061
0.607400 0.008186
0.607600 0.008313
0.607800 0.008441
0.608000 0.008571
0.608200 0.008704
0.608400 0.008838
0.608600 0.008973
0.608800 0.009111
0.609000 0.009251
0.609200 0.009393
0.609400 0.009536
0.609600 0.009682
0.609800 0.009830
0.610000 0.009979
0.610200 0.010131
0.610400 0.010285
0.610600 0.010441
0.610800 0.010599
0.611000 0.010760
0.611200 0.010922
0.611400 0.011087
0.611600 0.011254
0.611800 0.011423
0.612000 0.011595
0.612200 0.011769
0.612400 0.011945
0.612600 0.012124
0.612800 0.012305
0.613000 0.012489
0.613200 0.012675
0.613400 0.012864
0.613600 0.013055
0.613800 0.013249
0.614000 0.013445
0.614200 0.013644
0.614400 0.013846
0.614600 0.014050
0.614800 0.014257
0.615000 0.014467
0.615200 0.014680
0.615400 0.014895
0.615600 0.015114
0.615800 0.015335
0.616000 0.015559
0.616200 0.015786
0.616400 0.016016
0.616600 0.016249
0.616800 0.016485
0.617000 0.016725
0.617200 0.016967
0.617400 0.017213
0.617600 0.017462
0.617800 0.017714
0.618000 0.017969
0.618200 0.018228
0.618400 0.018490
0.618600 0.018755
0.618800 0.019024
0.619000 0.019296
0.619200 0.019572
0.619400 0.019851
0.619600 0.020134
0.619800 0.020420
0.620000 0.020711
0.620200 0.021004
0.620400 0.021302
0.620600 0.021603
0.620800 0.021909
0.621000 0.022218
0.621200 0.022531
0.621400 0.022847
0.621600 0.023168
0.621800 0.023493
0.622000 0.023822
0.622200 0.024155
0.622400 0.024493
0.622600 0.024834
0.622800 0.025180
0.623000 0.025530
0.623200 0.025884
0.623400 0.026243
0.623600 0.026607
0.623800 0.026974
0.624000 0.027346
0.624200 0.027723
0.624400 0.028105
0.624600 0.028491
0.624800 0.028882
0.625000 0.029277
0.625200 0.029678
0.625400 0.030083
0.625600 0.030493
0.625800 0.030909
0.626000 0.031329
0.626200 0.031754
0.626400 0.032185
0.626600 0.032620
0.626800 0.033061
0.627000 0.033507
0.627200 0.033959
0.627400 0.034416
0.627600 0.034878
0.627800 0.035346
0.628000 0.035819
0.628200 0.036298
0.628400 0.036783
0.628600 0.037273
0.628800 0.037769
0.629000 0.038271
0.629200 0.038779
0.629400 0.039293
0.629600 0.039812
0.629800 0.040338
0.630000 0.040870
0.630200 0.041408
0.630400 0.041953
0.630600 0.042503
0.630800 0.043060
0.631000 0.043624
0.631200 0.044194
0.631400 0.044770
0.631600 0.045353
0.631800 0.045943
0.632000 0.046540
0.632200 0.047143
0.632400 0.047753
0.632600 0.048370
0.632800 0.048994
0.633000 0.049626
0.633200 0.050264
0.633400 0.050909
0.633600 0.051562
0.633800 0.052222
0.634000 0.052889
0.634200 0.053564
0.634400 0.054246
0.634600 0.054936
0.634800 0.055634
0.635000 0.056339
0.635200 0.057052
0.635400 0.057773
0.635600 0.058502
0.635800 0.059239
0.636000 0.059984
0.636200 0.060737
0.636400 0.061499
0.636600 0.062268
0.636800 0.063046
0.637000 0.063833
0.637200 0.064628
0.637400 0.065431
0.637600 0.066243
0.637800 0.067064
0.638000 0.067894
0.638200 0.068732
0.638400 0.069580
0.638600 0.070436
0.638800 0.071302
0.639000 0.072177
0.639200 0.073061
0.639400 0.073955
0.639600 0.074858
0.639800 0.075770
0.640000 0.076692
0.640200 0.077623
0.640400 0.078565
0.640600 0.079516
0.640800 0.080477
0.641000 0.081448
0.641200 0.082429
0.641400 0.083420
0.641600 0.084422
0.641800 0.085434
0.642000 0.086456
0.642200 0.087488
0.642400 0.088531
0.642600 0.089585
0.642800 0.090650
0.643000 0.091725
0.643200 0.092811
0.643400 0.093908
0.643600 0.095017
0.643800 0.096136
0.644000 0.097267
0.644200 0.098409
0.644400 0.099562
0.644600 0.100727
0.644800 0.101903
0.645000 0.103091
0.645200 0.104291
0.645400 0.105502
0.645600 0.106726
0.645800 0.107962
0.646000 0.109209
0.646200 0.110469
0.646400 0.111741
0.646600 0.113026
0.646800 0.114323
0.647000 0.115632
0.647200 0.116955
0.647400 0.118289
0.647600 0.119637
0.647800 0.120998
0.648000 0.122372
0.648200 0.123758
0.648400 0.125158
0.648600 0.126572
0.648800 0.127998
0.649000 0.129439
0.649200 0.130892
0.649400 0.132360
0.649600 0.133841
0.649800 0.135336
0.650000 0.136845
0.650200 0.138368
0.650400 0.139905
0.650600 0.141456
0.650800 0.143022
0.651000 0.144602
0.651200 0.146196
0.651400 0.147806
0.651600 0.149430
0.651800 0.151068
0.652000 0.152722
0.652200 0.154391
0.652400 0.156074
0.652600 0.157773
0.652800 0.159488
0.653000 0.161217
0.653200 0.162962
0.653400 0.164723
0.653600 0.166499
0.653800 0.168291
0.654000 0.170099
0.654200 0.171923
0.654400 0.173763
0.654600 0.175620
0.654800 0.177492
0.655000 0.179381
0.655200 0.181287
0.655400 0.183208
0.655600 0.185147
0.655800 0.187102
0.656000 0.189075
0.656200 0.191064
0.656400 0.193070
0.656600 0.195094
0.656800 0.197135
0.657000 0.199193
0.657200 0.201268
0.657400 0.203362
0.657600 0.205472
0.657800 0.207601
0.658000 0.209748
0.658200 0.211912
0.658400 0.214095
0.658600 0.216296
0.658800 0.218515
0.659000 0.220753
0.659200 0.223009
0.659400 0.225284
0.659600 0.227577
0.659800 0.229890
0.660000 0.232221
0.660200 0.234571
0.660400 0.236941
0.660600 0.239330
0.660800 0.241738
0.661000 0.244166
0.661200 0.246613
0.661400 0.249081
0.661600 0.251568
0.661800 0.254075
0.662000 0.256602
0.662200 0.259149
0.662400 0.261717
0.662600 0.264305
0.662800 0.266913
0.663000 0.269543
0.663200 0.272193
0.663400 0.274864
0.663600 0.277557
0.663800 0.280270
0.664000 0.283005
0.664200 0.285762
0.664400 0.288540
0.664600 0.291340
0.664800 0.294162
0.665000 0.297006
0.665200 0.299873
0.665400 0.302762
0.665600 0.305673
0.665800 0.308608
0.666000 0.311565
0.666200 0.314545
0.666400 0.317549
0.666600 0.320576
0.666800 0.323627
0.667000 0.326702
0.667200 0.329801
0.667400 0.332925
0.667600 0.336073
0.667800 0.339246
0.668000 0.342443
0.668200 0.345667
0.668400 0.348915
0.668600 0.352190
0.668800 0.355491
0.669000 0.358818
0.669200 0.362172
0.669400 0.365552
0.669600 0.368960
0.669800 0.372396
0.670000 0.375860
0.670200 0.379352
0.670400 0.382873
0.670600 0.386423
0.670800 0.390003
0.671000 0.393612
0.671200 0.397252
0.671400 0.400923
0.671600 0.404625
0.671800 0.408360
0.672000 0.412126
0.672200 0.415925
0.672400 0.419758
0.672600 0.423625
0.672800 0.427527
0.673000 0.431463
0.673200 0.435436
0.673400 0.439446
0.673600 0.443492
0.673800 0.447577
0.674000 0.451701
0.674200 0.455865
0.674400 0.460069
0.674600 0.464314
0.674800 0.468602
0.675000 0.472933
0.675200 0.477308
0.675400 0.481728
0.675600 0.486195
0.675800 0.490709
0.676000 0.495271
0.676200 0.499884
0.676400 0.504547
0.676600 0.509262
0.676800 0.514031
0.677000 0.518855
0.677200 0.523735
0.677400 0.528672
0.677600 0.533669
0.677800 0.538727
0.678000 0.543847
0.678200 0.549031
0.678400 0.554282
0.678600 0.559599
0.678800 0.564986
0.679000 0.570445
0.679200 0.575977
0.679400 0.581584
0.679600 0.587268
0.679800 0.593033
0.680000 0.598879
0.680200 0.604809
0.680400 0.610825
0.680600 0.616930
0.680800 0.623127
0.681000 0.629418
0.681200 0.635805
0.681400 0.642291
0.681600 0.648879
0.681800 0.655572
0.682000 0.662372
0.682200 0.669283
0.682400 0.676308
0.682600 0.683449
0.682800 0.690711
0.683000 0.698095
0.683200 0.705606
0.683400 0.713247
0.683600 0.721020
0.683800 0.728931
0.684000 0.736982
0.684200 0.745177
0.684400 0.753520
0.684600 0.762014
0.684800 0.770663
0.685000 0.779472
0.685200 0.788443
0.685400 0.797582
0.685600 0.806891
0.685800 0.816376
0.686000 0.826040
0.686200 0.835887
0.686400 0.845922
0.686600 0.856149
0.686800 0.866572
0.687000 0.877195
0.687200 0.888023
0.687400 0.899060
0.687600 0.910311
0.687800 0.921779
0.688000 0.933470
0.688200 0.945386
0.688400 0.957534
0.688600 0.969917
0.688800 0.982540
0.689000 0.995406
0.689200 1.008521
0.689400 1.021888
0.689600 1.035511
0.689800 1.049396
0.690000 1.063545
0.690200 1.077963
0.690400 1.092654
0.690600 1.107621
0.690800 1.122870
0.691000 1.138402
0.691200 1.154222
0.691400 1.170334
0.691600 1.186741
0.691800 1.203445
0.692000 1.220451
0.692200 1.237761
0.692400 1.255377
0.692600 1.273304
0.692800 1.291542
0.693000 1.310095
0.693200 1.328965
0.693400 1.348153
0.693600 1.367661
0.693800 1.387491
0.694000 1.407644
0.694200 1.428122
0.694400 1.448924
0.694600 1.470052
0.694800 1.491506
0.695000 1.513285
0.695200 1.535391
0.695400 1.557822
0.695600 1.580577
0.695800 1.603655
0.696000 1.627056
0.696200 1.650777
0.696400 1.674816
0.696600 1.699170
0.696800 1.723839
0.697000 1.748817
0.697200 1.774102
0.697400 1.799690
0.697600 1.825578
0.697800 1.851760
0.698000 1.878232
0.698200 1.904988
0.698400 1.932024
0.698600 1.959333
0.698800 1.986909
0.699000 2.014745
0.699200 2.042835
0.699400 2.071170
0.699600 2.099744
0.699800 2.128547
0.700000 2.157572
0.700200 2.186810
0.700400 2.216250
0.700600 2.245884
0.700800 2.275702
0.701000 2.305692
0.701200 2.335845
0.701400 2.366149
0.701600 2.396593
0.701800 2.427164
0.702000 2.457852
0.702200 2.488642
0.702400 2.519523
0.702600 2.550482
0.702800 2.581504
0.703000 2.612577
0.703200 2.643686
0.703400 2.674817
0.703600 2.705955
0.703800 2.737087
0.704000 2.768196
0.704200 2.799268
0.704400 2.830288
0.704600 2.861239
0.704800 2.892107
0.705000 2.922875
0.705200 2.953527
0.705400 2.984047
0.705600 3.014419
0.705800 3.044627
0.706000 3.074653
0.706200 3.104483
0.706400 3.134099
0.706600 3.163485
0.706800 3.192624
0.707000 3.221501
0.707200 3.250098
0.707400 3.278399
0.707600 3.306389
0.707800 3.334051
0.708000 3.361369
0.708200 3.388327
0.708400 3.414911
0.708600 3.441103
0.708800 3.466890
0.709000 3.492256
0.709200 3.517186
0.709400 3.541667
0.709600 3.565683
0.709800 3.589221
0.710000 3.612268
0.710200 3.634810
0.710400 3.656834
0.710600 3.678329
0.710800 3.699281
0.711000 3.719681
0.711200 3.739515
0.711400 3.758774
0.711600 3.777448
0.711800 3.795526
0.712000 3.813000
0.712200 3.829861
0.712400 3.846100
0.712600 3.861709
0.712800 3.876683
0.713000 3.891013
0.713200 3.904694
0.713400 3.917721
0.713600 3.930089
0.713800 3.941792
0.714000 3.952829
0.714200 3.963195
0.714400 3.972888
0.714600 3.981906
0.714800 3.990248
0.715000 3.997913
0.715200 4.004902
0.715400 4.011213
0.715600 4.016850
0.715800 4.021813
0.716000 4.026105
0.716200 4.029729
0.716400 4.032688
0.716600 4.034986
0.716800 4.036629
0.717000 4.037621
0.717200 4.037968
0.717400 4.037678
0.717600 4.036755
0.717800 4.035209
0.718000 4.033048
0.718200 4.030279
0.718400 4.026911
0.718600 4.022955
0.718800 4.018420
0.719000 4.013317
0.719200 4.007656
0.719400 4.001449
0.719600 3.994708
0.719800 3.987445
0.720000 3.979671
0.720200 3.971401
0.720400 3.962647
0.720600 3.953422
0.720800 3.943741
0.721000 3.933617
0.721200 3.923065
0.721400 3.912100
0.721600 3.900736
0.721800 3.888988
0.722000 3.876871
0.722200 3.864401
0.722400 3.851594
0.722600 3.838464
0.722800 3.825027
0.723000 3.811300
0.723200 3.797298
0.723400 3.783037
0.723600 3.768532
0.723800 3.753800
0.724000 3.738857
0.724200 3.723718
0.724400 3.708400
0.724600 3.692917
0.724800 3.677286
0.725000 3.661521
0.725200 3.645639
0.725400 3.629654
0.725600 3.613582
0.725800 3.597437
0.726000 3.581235
0.726200 3.564989
0.726400 3.548713
0.726600 3.532423
0.726800 3.516131
0.727000 3.499851
0.727200 3.483596
0.727400 3.467380
0.727600 3.451215
0.727800 3.435113
0.728000 3.419086
0.728200 3.403146
0.728400 3.387305
0.728600 3.371573
0.728800 3.355961
0.729000 3.340480
0.729200 3.325139
0.729400 3.309948
0.729600 3.294917
0.729800 3.280053
0.730000 3.265367
0.730200 3.250866
0.730400 3.236557
0.730600 3.222449
0.730800 3.208547
0.731000 3.194860
0.731200 3.181392
0.731400 3.168151
0.731600 3.155141
0.731800 3.142367
0.732000 3.129835
0.732200 3.117549
0.732400 3.105513
0.732600 3.093730
0.732800 3.082205
0.733000 3.070939
0.733200 3.059936
0.733400 3.049198
0.733600 3.038726
0.733800 3.028524
0.734000 3.018591
0.734200 3.008929
0.734400 2.999539
0.734600 2.990421
0.734800 2.981575
0.735000 2.973002
0.735200 2.964700
0.735400 2.956669
0.735600 2.948909
0.735800 2.941417
0.736000 2.934193
0.736200 2.927235
0.736400 2.920541
0.736600 2.914108
0.736800 2.907936
0.737000 2.902021
0.737200 2.896360
0.737400 2.890951
0.737600 2.885790
0.737800 2.880876
0.738000 2.876203
0.738200 2.871769
0.738400 2.867571
0.738600 2.863604
0.738800 2.859865
0.739000 2.856349
0.739200 2.853053
0.739400 2.849973
0.739600 2.847104
0.739800 2.844442
0.740000 2.841982
0.740200 2.839722
0.740400 2.837655
0.740600 2.835777
0.740800 2.834084
0.741000 2.832571
0.741200 2.831234
0.741400 2.830068
0.741600 2.829068
0.741800 2.828230
0.742000 2.827548
0.742200 2.827019
0.742400 2.826638
0.742600 2.826400
0.742800 2.826300
0.743000 2.826334
0.743200 2.826498
0.743400 2.826786
0.743600 2.827194
0.743800 2.827718
0.744000 2.828353
0.744200 2.829096
0.744400 2.829941
0.744600 2.830884
0.744800 2.831922
0.745000 2.833049
0.745200 2.834262
0.745400 2.835557
0.745600 2.836930
0.745800 2.838377
0.746000 2.839894
0.746200 2.841477
0.746400 2.843122
0.746600 2.844826
0.746800 2.846586
0.747000 2.848397
0.747200 2.850257
0.747400 2.852162
0.747600 2.854108
0.747800 2.856093
0.748000 2.858113
0.748200 2.860165
0.748400 2.862247
0.748600 2.864354
0.748800 2.866486
0.749000 2.868638
0.749200 2.870808
0.749400 2.872993
0.749600 2.875191
0.749800 2.877400
0.750000 2.879616
0.750200 2.881838
0.750400 2.884063
0.750600 2.886289
0.750800 2.888515
0.751000 2.890737
0.751200 2.892954
0.751400 2.895163
0.751600 2.897364
0.751800 2.899554
0.752000 2.901731
0.752200 2.903894
0.752400 2.906042
0.752600 2.908171
0.752800 2.910282
0.753000 2.912372
0.753200 2.914440
0.753400 2.916485
0.753600 2.918505
0.753800 2.920500
0.754000 2.922467
0.754200 2.924406
0.754400 2.926316
0.754600 2.928195
0.754800 2.930042
0.755000 2.931857
0.755200 2.933639
0.755400 2.935386
0.755600 2.937098
0.755800 2.938774
0.756000 2.940413
0.756200 2.942015
0.756400 2.943578
0.756600 2.945102
0.756800 2.946586
0.757000 2.948030
0.757200 2.949433
0.757400 2.950795
0.757600 2.952114
0.757800 2.953391
0.758000 2.954625
0.758200 2.955815
0.758400 2.956962
0.758600 2.958064
0.758800 2.959121
0.759000 2.960134
0.759200 2.961100
0.759400 2.962021
0.759600 2.962896
0.759800 2.963725
0.760000 2.964507
0.760200 2.965242
0.760400 2.965930
0.760600 2.966571
0.760800 2.967165
0.761000 2.967710
0.761200 2.968208
0.761400 2.968658
0.761600 2.969060
0.761800 2.969413
0.762000 2.969719
0.762200 2.969976
0.762400 2.970184
0.762600 2.970344
0.762800 2.970455
0.763000 2.970518
0.763200 2.970531
0.763400 2.970497
0.763600 2.970413
0.763800 2.970281
0.764000 2.970099
0.764200 2.969870
0.764400 2.969591
0.764600 2.969264
0.764800 2.968888
0.765000 2.968463
0.765200 2.967990
0.765400 2.967469
0.765600 2.966899
0.765800 2.966281
0.766000 2.965614
0.766200 2.964900
0.766400 2.964137
0.766600 2.963326
0.766800 2.962468
0.767000 2.961561
0.767200 2.960607
0.767400 2.959606
0.767600 2.958557
0.767800 2.957461
0.768000 2.956318
0.768200 2.955127
0.768400 2.953890
0.768600 2.952607
0.768800 2.951277
0.769000 2.949900
0.769200 2.948477
0.769400 2.947009
0.769600 2.945494
0.769800 2.943934
0.770000 2.942328
0.770200 2.940678
0.770400 2.938982
0.770600 2.937241
0.770800 2.935455
0.771000 2.933625
0.771200 2.931751
0.771400 2.929833
0.771600 2.927871
0.771800 2.925865
0.772000 2.923816
0.772200 2.921723
0.772400 2.919588
0.772600 2.917410
0.772800 2.915189
0.773000 2.912926
0.773200 2.910622
0.773400 2.908275
0.773600 2.905887
0.773800 2.903458
0.774000 2.900987
0.774200 2.898476
0.774400 2.895925
0.774600 2.893333
0.774800 2.890701
0.775000 2.888029
0.775200 2.885318
0.775400 2.882568
0.775600 2.879779
0.775800 2.876952
0.776000 2.874086
0.776200 2.871182
0.776400 2.868240
0.776600 2.865260
0.776800 2.862244
0.777000 2.859190
0.777200 2.856100
0.777400 2.852974
0.777600 2.849812
0.777800 2.846614
0.778000 2.843380
0.778200 2.840112
0.778400 2.836808
0.778600 2.833470
0.778800 2.830098
0.779000 2.826692
0.779200 2.823253
0.779400 2.819780
0.779600 2.816275
0.779800 2.812736
0.780000 2.809166
0.780200 2.805564
0.780400 2.801930
0.780600 2.798264
0.780800 2.794568
0.781000 2.790841
0.781200 2.787084
0.781400 2.783297
0.781600 2.779480
0.781800 2.775634
0.782000 2.771760
0.782200 2.767856
0.782400 2.763924
0.782600 2.759965
0.782800 2.755977
0.783000 2.751963
0.783200 2.747922
0.783400 2.743854
0.783600 2.739760
0.783800 2.735640
0.784000 2.731495
0.784200 2.727325
0.784400 2.723130
0.784600 2.718911
0.784800 2.714667
0.785000 2.710400
0.785200 2.706110
0.785400 2.701797
0.785600 2.697461
0.785800 2.693103
0.786000 2.688723
0.786200 2.684322
0.786400 2.679899
0.786600 2.675456
0.786800 2.670993
0.787000 2.666509
0.787200 2.662006
0.787400 2.657484
0.787600 2.652942
0.787800 2.648382
0.788000 2.643805
0.788200 2.639209
0.788400 2.634596
0.788600 2.629966
0.788800 2.625319
0.789000 2.620656
0.789200 2.615977
0.789400 2.611283
0.789600 2.606573
0.789800 2.601849
0.790000 2.597110
0.790200 2.592357
0.790400 2.587591
0.790600 2.582811
0.790800 2.578019
0.791000 2.573214
0.791200 2.568397
0.791400 2.563568
0.791600 2.558728
0.791800 2.553877
0.792000 2.549015
0.792200 2.544143
0.792400 2.539262
0.792600 2.534370
0.792800 2.529470
0.793000 2.524561
0.793200 2.519644
0.793400 2.514718
0.793600 2.509786
0.793800 2.504845
0.794000 2.499899
0.794200 2.494945
0.794400 2.489986
0.794600 2.485021
0.794800 2.480050
0.795000 2.475075
0.795200 2.470095
0.795400 2.465110
0.795600 2.460122
0.795800 2.455131
0.796000 2.450136
0.796200 2.445139
0.796400 2.440139
0.796600 2.435138
0.796800 2.430135
0.797000 2.425130
0.797200 2.420125
0.797400 2.415119
0.797600 2.410113
0.797800 2.405107
0.798000 2.400102
0.798200 2.395097
0.798400 2.390094
0.798600 2.385093
0.798800 2.380094
0.799000 2.375097
0.799200 2.370103
0.799400 2.365112
0.799600 2.360124
0.799800 2.355140
0.800000 2.350160
0.800200 2.345185
0.800400 2.340215
0.800600 2.335250
0.800800 2.330290
0.801000 2.325336
0.801200 2.320389
0.801400 2.315448
0.801600 2.310514
0.801800 2.305587
0.802000 2.300668
0.802200 2.295756
0.802400 2.290853
0.802600 2.285959
0.802800 2.281074
0.803000 2.276197
0.803200 2.271331
0.803400 2.266474
0.803600 2.261628
0.803800 2.256792
0.804000 2.251967
0.804200 2.247153
0.804400 2.242351
0.804600 2.237560
0.804800 2.232782
0.805000 2.228016
0.805200 2.223263
0.805400 2.218523
0.805600 2.213797
0.805800 2.209084
0.806000 2.204385
0.806200 2.199701
0.806400 2.195031
0.806600 2.190376
0.806800 2.185736
0.807000 2.181112
0.807200 2.176504
0.807400 2.171911
0.807600 2.167335
0.807800 2.162776
0.808000 2.158234
0.808200 2.153709
0.808400 2.149201
0.808600 2.144711
0.808800 2.140239
0.809000 2.135786
0.809200 2.131351
0.809400 2.126935
0.809600 2.122538
0.809800 2.118160
0.810000 2.113802
0.810200 2.109464
0.810400 2.105147
0.810600 2.100849
0.810800 2.096573
0.811000 2.092317
0.811200 2.088082
0.811400 2.083869
0.811600 2.079678
0.811800 2.075508
0.812000 2.071361
0.812200 2.067236
0.812400 2.063133
0.812600 2.059054
0.812800 2.054997
0.813000 2.050964
0.813200 2.046954
0.813400 2.042968
0.813600 2.039006
0.813800 2.035068
0.814000 2.031155
0.814200 2.027266
0.814400 2.023402
0.814600 2.019563
0.814800 2.015749
0.815000 2.011961
0.815200 2.008198
0.815400 2.004461
0.815600 2.000750
0.815800 1.997065
0.816000 1.993407
0.816200 1.989775
0.816400 1.986170
0.816600 1.982592
0.816800 1.979041
0.817000 1.975517
0.817200 1.972021
0.817400 1.968553
0.817600 1.965112
0.817800 1.961699
0.818000 1.958314
0.818200 1.954958
0.818400 1.951630
0.818600 1.948330
0.818800 1.945059
0.819000 1.941818
0.819200 1.938605
0.819400 1.935421
0.819600 1.932267
0.819800 1.929142
0.820000 1.926047
0.820200 1.922981
0.820400 1.919946
0.820600 1.916940
0.820800 1.913964
0.821000 1.911019
0.821200 1.908104
0.821400 1.905219
0.821600 1.902365
0.821800 1.899542
0.822000 1.896749
0.822200 1.893988
0.822400 1.891257
0.822600 1.888557
0.822800 1.885889
0.823000 1.883252
0.823200 1.880646
0.823400 1.878072
0.823600 1.875529
0.823800 1.873018
0.824000 1.870539
0.824200 1.868091
0.824400 1.865676
0.824600 1.863292
0.824800 1.860940
0.825000 1.858621
0.825200 1.856333
0.825400 1.854078
0.825600 1.851855
0.825800 1.849664
0.826000 1.847506
0.826200 1.845380
0.826400 1.843287
0.826600 1.841226
0.826800 1.839198
0.827000 1.837203
0.827200 1.835240
0.827400 1.833309
0.827600 1.831412
0.827800 1.829547
0.828000 1.827715
0.828200 1.825916
0.828400 1.824150
0.828600 1.822416
0.828800 1.820716
0.829000 1.819048
0.829200 1.817413
0.829400 1.815812
0.829600 1.814243
0.829800 1.812707
0.830000 1.811204
0.830200 1.809734
0.830400 1.808296
0.830600 1.806892
0.830800 1.805521
0.831000 1.804182
0.831200 1.802877
0.831400 1.801604
0.831600 1.800365
0.831800 1.799158
0.832000 1.797984
0.832200 1.796842
0.832400 1.795734
0.832600 1.794658
0.832800 1.793615
0.833000 1.792605
0.833200 1.791627
0.833400 1.790682
0.833600 1.789770
0.833800 1.788890
0.834000 1.788043
0.834200 1.787228
0.834400 1.786445
0.834600 1.785695
0.834800 1.784977
0.835000 1.784291
0.835200 1.783638
0.835400 1.783016
0.835600 1.782427
0.835800 1.781870
0.836000 1.781344
0.836200 1.780851
0.836400 1.780389
0.836600 1.779959
0.836800 1.779560
0.837000 1.779193
0.837200 1.778858
0.837400 1.778554
0.837600 1.778281
0.837800 1.778040
0.838000 1.777829
0.838200 1.777650
0.838400 1.777502
0.838600 1.777384
0.838800 1.777297
0.839000 1.777241
0.839200 1.777216
0.839400 1.777221
0.839600 1.777256
0.839800 1.777322
0.840000 1.777418
0.840200 1.777543
0.840400 1.777699
0.840600 1.777885
0.840800 1.778100
0.841000 1.778345
0.841200 1.778619
0.841400 1.778923
0.841600 1.779256
0.841800 1.779618
0.842000 1.780009
0.842200 1.780428
0.842400 1.780877
0.842600 1.781354
0.842800 1.781860
0.843000 1.782394
0.843200 1.782956
0.843400 1.783546
0.843600 1.784164
0.843800 1.784810
0.844000 1.785483
0.844200 1.786184
0.844400 1.786913
0.844600 1.787668
0.844800 1.788451
0.845000 1.789260
0.845200 1.790096
0.845400 1.790959
0.845600 1.791848
0.845800 1.792764
0.846000 1.793706
0.846200 1.794673
0.846400 1.795667
0.846600 1.796686
0.846800 1.797730
0.847000 1.798800
0.847200 1.799895
0.847400 1.801016
0.847600 1.802160
0.847800 1.803330
0.848000 1.804524
0.848200 1.805742
0.848400 1.806985
0.848600 1.808251
0.848800 1.809542
0.849000 1.810855
0.849200 1.812193
0.849400 1.813553
0.849600 1.814937
0.849800 1.816344
0.850000 1.817773
0.850200 1.819225
0.850400 1.820699
0.850600 1.822195
0.850800 1.823713
0.851000 1.825254
0.851200 1.826815
0.851400 1.828398
0.851600 1.830003
0.851800 1.831628
0.852000 1.833274
0.852200 1.834941
0.852400 1.836629
0.852600 1.838336
0.852800 1.840064
0.853000 1.841811
0.853200 1.843579
0.853400 1.845365
0.853600 1.847171
0.853800 1.848996
0.854000 1.850840
0.854200 1.852703
0.854400 1.854584
0.854600 1.856483
0.854800 1.858401
0.855000 1.860336
0.855200 1.862289
0.855400 1.864259
0.855600 1.866247
0.855800 1.868252
0.856000 1.870273
0.856200 1.872311
0.856400 1.874366
0.856600 1.876437
0.856800 1.878523
0.857000 1.880626
0.857200 1.882744
0.857400 1.884878
0.857600 1.887026
0.857800 1.889190
0.858000 1.891368
0.858200 1.893561
0.858400 1.895768
0.858600 1.897990
0.858800 1.900225
0.859000 1.902473
0.859200 1.904736
0.859400 1.907011
0.859600 1.909300
0.859800 1.911601
0.860000 1.913915
0.860200 1.916241
0.860400 1.918580
0.860600 1.920930
0.860800 1.923292
0.861000 1.925666
0.861200 1.928051
0.861400 1.930447
0.861600 1.932853
0.861800 1.935271
0.862000 1.937699
0.862200 1.940137
0.862400 1.942585
0.862600 1.945042
0.862800 1.947510
0.863000 1.949986
0.863200 1.952472
0.863400 1.954967
0.863600 1.957470
0.863800 1.959982
0.864000 1.962502
0.864200 1.965029
0.864400 1.967565
0.864600 1.970108
0.864800 1.972659
0.865000 1.975217
0.865200 1.977781
0.865400 1.980353
0.865600 1.982931
0.865800 1.985515
0.866000 1.988105
0.866200 1.990701
0.866400 1.993302
0.866600 1.995909
0.866800 1.998521
0.867000 2.001138
0.867200 2.003760
0.867400 2.006386
0.867600 2.009017
0.867800 2.011651
0.868000 2.014290
0.868200 2.016932
0.868400 2.019577
0.868600 2.022226
0.868800 2.024878
0.869000 2.027532
0.869200 2.030189
0.869400 2.032849
0.869600 2.035510
0.869800 2.038174
0.870000 2.040839
0.870200 2.043506
0.870400 2.046174
0.870600 2.048843
0.870800 2.051513
0.871000 2.054183
0.871200 2.056854
0.871400 2.059525
0.871600 2.062196
0.871800 2.064867
0.872000 2.067538
0.872200 2.070208
0.872400 2.072877
0.872600 2.075545
0.872800 2.078212
0.873000 2.080878
0.873200 2.083541
0.873400 2.086203
0.873600 2.088863
0.873800 2.091521
0.874000 2.094176
0.874200 2.096829
0.874400 2.099478
0.874600 2.102125
0.874800 2.104768
0.875000 2.107408
0.875200 2.110044
0.875400 2.112676
0.875600 2.115305
0.875800 2.117928
0.876000 2.120548
0.876200 2.123163
0.876400 2.125773
0.876600 2.128378
0.876800 2.130977
0.877000 2.133572
0.877200 2.136160
0.877400 2.138743
0.877600 2.141320
0.877800 2.143890
0.878000 2.146454
0.878200 2.149012
0.878400 2.151563
0.878600 2.154107
0.878800 2.156643
0.879000 2.159173
0.879200 2.161695
0.879400 2.164209
0.879600 2.166715
0.879800 2.169214
0.880000 2.171704
0.880200 2.174185
0.880400 2.176658
0.880600 2.179123
0.880800 2.181578
0.881000 2.184024
0.881200 2.186461
0.881400 2.188889
0.881600 2.191307
0.881800 2.193715
0.882000 2.196113
0.882200 2.198501
0.882400 2.200878
0.882600 2.203245
0.882800 2.205602
0.883000 2.207947
0.883200 2.210282
0.883400 2.212606
0.883600 2.214918
0.883800 2.217219
0.884000 2.219508
0.884200 2.221785
0.884400 2.224051
0.884600 2.226304
0.884800 2.228545
0.885000 2.230774
0.885200 2.232990
0.885400 2.235193
0.885600 2.237384
0.885800 2.239562
0.886000 2.241726
0.886200 2.243877
0.886400 2.246015
0.886600 2.248139
0.886800 2.250250
0.887000 2.252346
0.887200 2.254429
0.887400 2.256497
0.887600 2.258551
0.887800 2.260591
0.888000 2.262616
0.888200 2.264627
0.888400 2.266622
0.888600 2.268603
0.888800 2.270569
0.889000 2.272519
0.889200 2.274454
0.889400 2.276374
0.889600 2.278278
0.889800 2.280167
0.890000 2.282039
0.890200 2.283896
0.890400 2.285736
0.890600 2.287561
0.890800 2.289369
0.891000 2.291161
0.891200 2.292936
0.891400 2.294695
0.891600 2.296437
0.891800 2.298162
0.892000 2.299870
0.892200 2.301562
0.892400 2.303236
0.892600 2.304893
0.892800 2.306532
0.893000 2.308154
0.893200 2.309759
0.893400 2.311346
0.893600 2.312915
0.893800 2.314467
0.894000 2.316000
0.894200 2.317516
0.894400 2.319013
0.894600 2.320493
0.894800 2.321954
0.895000 2.323397
0.895200 2.324822
0.895400 2.326228
0.895600 2.327615
0.895800 2.328984
0.896000 2.330335
0.896200 2.331666
0.896400 2.332979
0.896600 2.334273
0.896800 2.335548
0.897000 2.336804
0.897200 2.338041
0.897400 2.339259
0.897600 2.340458
0.897800 2.341637
0.898000 2.342798
0.898200 2.343939
0.898400 2.345060
0.898600 2.346162
0.898800 2.347245
0.899000 2.348308
0.899200 2.349352
0.899400 2.350376
0.899600 2.351381
0.899800 2.352366
0.900000 2.353331
0.900200 2.354277
0.900400 2.355203
0.900600 2.356109
0.900800 2.356996
0.901000 2.357862
0.901200 2.358709
0.901400 2.359536
0.901600 2.360344
0.901800 2.361131
0.902000 2.361899
0.902200 2.362646
0.902400 2.363374
0.902600 2.364083
0.902800 2.364771
0.903000 2.365439
0.903200 2.366088
0.903400 2.366717
0.903600 2.367326
0.903800 2.367915
0.904000 2.368484
0.904200 2.369034
0.904400 2.369564
0.904600 2.370074
0.904800 2.370564
0.905000 2.371035
0.905200 2.371486
0.905400 2.371918
0.905600 2.372330
0.905800 2.372723
0.906000 2.373096
0.906200 2.373449
0.906400 2.373784
0.906600 2.374099
0.906800 2.374394
0.907000 2.374671
0.907200 2.374928
0.907400 2.375166
0.907600 2.375385
0.907800 2.375585
0.908000 2.375767
0.908200 2.375929
0.908400 2.376073
0.908600 2.376198
0.908800 2.376304
0.909000 2.376392
0.909200 2.376461
0.909400 2.376513
0.909600 2.376546
0.909800 2.376560
0.910000 2.376557
0.910200 2.376536
0.910400 2.376497
0.910600 2.376440
0.910800 2.376366
0.911000 2.376274
0.911200 2.376164
0.911400 2.376038
0.911600 2.375894
0.911800 2.375733
0.912000 2.375556
0.912200 2.375362
0.912400 2.375151
0.912600 2.374923
0.912800 2.374680
0.913000 2.374420
0.913200 2.374144
0.913400 2.373852
0.913600 2.373545
0.913800 2.373222
0.914000 2.372883
0.914200 2.372530
0.914400 2.372161
0.914600 2.371778
0.914800 2.371379
0.915000 2.370967
0.915200 2.370540
0.915400 2.370099
0.915600 2.369643
0.915800 2.369175
0.916000 2.368692
0.916200 2.368196
0.916400 2.367687
0.916600 2.367166
0.916800 2.366631
0.917000 2.366084
0.917200 2.365525
0.917400 2.364953
0.917600 2.364370
0.917800 2.363776
0.918000 2.363169
0.918200 2.362552
0.918400 2.361924
0.918600 2.361285
0.918800 2.360636
0.919000 2.359977
0.919200 2.359308
0.919400 2.358630
0.919600 2.357942
0.919800 2.357245
0.920000 2.356539
0.920200 2.355825
0.920400 2.355102
0.920600 2.354372
0.920800 2.353634
0.921000 2.352888
0.921200 2.352136
0.921400 2.351377
0.921600 2.350611
0.921800 2.349839
0.922000 2.349062
0.922200 2.348279
0.922400 2.347490
0.922600 2.346697
0.922800 2.345900
0.923000 2.345098
0.923200 2.344292
0.923400 2.343483
0.923600 2.342670
0.923800 2.341855
0.924000 2.341038
0.924200 2.340218
0.924400 2.339396
0.924600 2.338573
0.924800 2.337749
0.925000 2.336925
0.925200 2.336100
0.925400 2.335275
0.925600 2.334451
0.925800 2.333628
0.926000 2.332806
0.926200 2.331985
0.926400 2.331167
0.926600 2.330351
0.926800 2.329538
0.927000 2.328729
0.927200 2.327923
0.927400 2.327121
0.927600 2.326324
0.927800 2.325532
0.928000 2.324745
0.928200 2.323964
0.928400 2.323189
0.928600 2.322421
0.928800 2.321660
0.929000 2.320907
0.929200 2.320162
0.929400 2.319425
0.929600 2.318698
0.929800 2.317980
0.930000 2.317271
0.930200 2.316573
0.930400 2.315886
0.930600 2.315211
0.930800 2.314547
0.931000 2.313895
0.931200 2.313257
0.931400 2.312631
0.931600 2.312019
0.931800 2.311422
0.932000 2.310839
0.932200 2.310272
0.932400 2.309720
0.932600 2.309185
0.932800 2.308666
0.933000 2.308165
0.933200 2.307682
0.933400 2.307217
0.933600 2.306770
0.933800 2.306343
0.934000 2.305937
0.934200 2.305550
0.934400 2.305185
0.934600 2.304841
0.934800 2.304519
0.935000 2.304220
0.935200 2.303944
0.935400 2.303691
0.935600 2.303463
0.935800 2.303260
0.936000 2.303081
0.936200 2.302929
0.936400 2.302804
0.936600 2.302705
0.936800 2.302634
0.937000 2.302591
0.937200 2.302576
0.937400 2.302591
0.937600 2.302636
0.937800 2.302711
0.938000 2.302817
0.938200 2.302955
0.938400 2.303124
0.938600 2.303327
0.938800 2.303562
0.939000 2.303832
0.939200 2.304135
0.939400 2.304474
0.939600 2.304848
0.939800 2.305259
0.940000 2.305706
0.940200 2.306190
0.940400 2.306712
0.940600 2.307272
0.940800 2.307872
0.941000 2.308511
0.941200 2.309190
0.941400 2.309910
0.941600 2.310671
0.941800 2.311474
0.942000 2.312319
0.942200 2.313208
0.942400 2.314139
0.942600 2.315116
0.942800 2.316136
0.943000 2.317202
0.943200 2.318314
0.943400 2.319473
0.943600 2.320678
0.943800 2.321931
0.944000 2.323232
0.944200 2.324581
0.944400 2.325980
0.944600 2.327428
0.944800 2.328927
0.945000 2.330477
0.945200 2.332078
0.945400 2.333730
0.945600 2.335436
0.945800 2.337194
0.946000 2.339006
0.946200 2.340872
0.946400 2.342793
0.946600 2.344768
0.946800 2.346800
0.947000 2.348887
0.947200 2.351031
0.947400 2.353233
0.947600 2.355492
0.947800 2.357809
0.948000 2.360184
0.948200 2.362619
0.948400 2.365114
0.948600 2.367668
0.948800 2.370283
0.949000 2.372960
0.949200 2.375697
0.949400 2.378497
0.949600 2.381359
0.949800 2.384283
0.950000 2.387271
0.950200 2.390323
0.950400 2.393439
0.950600 2.396619
0.950800 2.399865
0.951000 2.403175
0.951200 2.406552
0.951400 2.409994
0.951600 2.413503
0.951800 2.417079
0.952000 2.420722
0.952200 2.424433
0.952400 2.428212
0.952600 2.432059
0.952800 2.435974
0.953000 2.439959
0.953200 2.444012
0.953400 2.448136
0.953600 2.452329
0.953800 2.456592
0.954000 2.460926
0.954200 2.465330
0.954400 2.469805
0.954600 2.474352
0.954800 2.478969
0.955000 2.483659
0.955200 2.488420
0.955400 2.493254
0.955600 2.498159
0.955800 2.503137
0.956000 2.508188
0.956200 2.513311
0.956400 2.518508
0.956600 2.523777
0.956800 2.529120
0.957000 2.534536
0.957200 2.540025
0.957400 2.545588
0.957600 2.551225
0.957800 2.556935
0.958000 2.562719
0.958200 2.568576
0.958400 2.574508
0.958600 2.580513
0.958800 2.586592
0.959000 2.592745
0.959200 2.598971
0.959400 2.605271
0.959600 2.611645
0.959800 2.618093
0.960000 2.624614
0.960200 2.631209
0.960400 2.637876
0.960600 2.644618
0.960800 2.651432
0.961000 2.658319
0.961200 2.665279
0.961400 2.672311
0.961600 2.679416
0.961800 2.686593
0.962000 2.693842
0.962200 2.701163
0.962400 2.708555
0.962600 2.716019
0.962800 2.723553
0.963000 2.731158
0.963200 2.738834
0.963400 2.746579
0.963600 2.754394
0.963800 2.762279
0.964000 2.770232
0.964200 2.778254
0.964400 2.786344
0.964600 2.794501
0.964800 2.802726
0.965000 2.811018
0.965200 2.819376
0.965400 2.827799
0.965600 2.836288
0.965800 2.844842
0.966000 2.853460
0.966200 2.862142
0.966400 2.870887
0.966600 2.879695
0.966800 2.888564
0.967000 2.897495
0.967200 2.906487
0.967400 2.915538
0.967600 2.924649
0.967800 2.933819
0.968000 2.943046
0.968200 2.952331
0.968400 2.961673
0.968600 2.971070
0.968800 2.980522
0.969000 2.990028
0.969200 2.999588
0.969400 3.009200
0.969600 3.018865
0.969800 3.028580
0.970000 3.038345
0.970200 3.048159
0.970400 3.058022
0.970600 3.067931
0.970800 3.077888
0.971000 3.087889
0.971200 3.097936
0.971400 3.108025
0.971600 3.118158
0.971800 3.128331
0.972000 3.138546
0.972200 3.148799
0.972400 3.159091
0.972600 3.169421
0.972800 3.179786
0.973000 3.190187
0.973200 3.200622
0.973400 3.211089
0.973600 3.221589
0.973800 3.232119
0.974000 3.242678
0.974200 3.253265
0.974400 3.263879
0.974600 3.274519
0.974800 3.285184
0.975000 3.295872
0.975200 3.306581
0.975400 3.317312
0.975600 3.328062
0.975800 3.338830
0.976000 3.349615
0.976200 3.360415
0.976400 3.371229
0.976600 3.382056
0.976800 3.392895
0.977000 3.403744
0.977200 3.414601
0.977400 3.425465
0.977600 3.436336
0.977800 3.447210
0.978000 3.458088
0.978200 3.468967
0.978400 3.479846
0.978600 3.490724
0.978800 3.501599
0.979000 3.512469
0.979200 3.523334
0.979400 3.534191
0.979600 3.545039
0.979800 3.555877
0.980000 3.566703
0.980200 3.577515
0.980400 3.588312
0.980600 3.599093
0.980800 3.609855
0.981000 3.620598
0.981200 3.631319
0.981400 3.642018
0.981600 3.652692
0.981800 3.663339
0.982000 3.673959
0.982200 3.684550
0.982400 3.695109
0.982600 3.705636
0.982800 3.716129
0.983000 3.726586
0.983200 3.737006
0.983400 3.747386
0.983600 3.757725
0.983800 3.768023
0.984000 3.778276
0.984200 3.788483
0.984400 3.798643
0.984600 3.808754
0.984800 3.818814
0.985000 3.828822
0.985200 3.838776
0.985400 3.848674
0.985600 3.858515
0.985800 3.868298
0.986000 3.878019
0.986200 3.887678
0.986400 3.897273
0.986600 3.906803
0.986800 3.916265
0.987000 3.925659
0.987200 3.934981
0.987400 3.944232
0.987600 3.953409
0.987800 3.962510
0.988000 3.971535
0.988200 3.980480
0.988400 3.989345
0.988600 3.998129
0.988800 4.006828
0.989000 4.015443
0.989200 4.023970
0.989400 4.032409
0.989600 4.040758
0.989800 4.049016
0.990000 4.057181
0.990200 4.065250
0.990400 4.073224
0.990600 4.081100
0.990800 4.088876
0.991000 4.096551
0.991200 4.104124
0.991400 4.111593
0.991600 4.118957
0.991800 4.126214
0.992000 4.133362
0.992200 4.140400
0.992400 4.147328
0.992600 4.154142
0.992800 4.160842
0.993000 4.167427
0.993200 4.173894
0.993400 4.180243
0.993600 4.186472
0.993800 4.192581
0.994000 4.198566
0.994200 4.204428
0.994400 4.210164
0.994600 4.215774
0.994800 4.221257
0.995000 4.226610
0.995200 4.231833
0.995400 4.236924
0.995600 4.241883
0.995800 4.246707
0.996000 4.251397
0.996200 4.255950
0.996400 4.260365
0.996600 4.264642
0.996800 4.268779
0.997000 4.272776
0.997200 4.276630
0.997400 4.280341
0.997600 4.283909
0.997800 4.287331
0.998000 4.290607
0.998200 4.293736
0.998400 4.296717
0.998600 4.299549
0.998800 4.302231
0.999000 4.304763
0.999200 4.307143
0.999400 4.309370
0.999600 4.311444
0.999800 4.313363
