0.000000 0.000125
0.000200 0.000127
0.000400 0.000128
0.000600 0.000130
0.000800 0.000131
0.001000 0.000133
0.001200 0.000134
0.001400 0.000136
0.001600 0.000137
0.001800 0.000139
0.002000 0.000140
0.002200 0.000142
0.002400 0.000144
0.002600 0.000145
0.002800 0.000147
0.003000 0.000149
0.003200 0.000150
0.003400 0.000152
0.003600 0.000154
0.003800 0.000155
0.004000 0.000157
0.004200 0.000159
0.004400 0.000161
0.004600 0.000163
0.004800 0.000164
0.005000 0.000166
0.005200 0.000168
0.005400 0.000170
0.005600 0.000172
0.005800 0.000174
0.006000 0.000176
0.006200 0.000178
0.006400 0.000180
0.006600 0.000182
0.006800 0.000184
0.007000 0.000186
0.007200 0.000188
0.007400 0.000190
0.007600 0.000192
0.007800 0.000194
0.008000 0.000196
0.008200 0.000199
0.008400 0.000201
0.008600 0.000203
0.008800 0.000205
0.009000 0.000208
0.009200 0.000210
0.009400 0.000212
0.009600 0.000215
0.009800 0.000217
0.010000 0.000219
0.010200 0.000222
0.010400 0.000224
0.010600 0.000227
0.010800 0.000229
0.011000 0.000232
0.011200 0.000234
0.011400 0.000237
0.011600 0.000239
0.011800 0.000242
0.012000 0.000245
0.012200 0.000247
0.012400 0.000250
0.012600 0.000253
0.012800 0.000256
0.013000 0.000259
0.013200 0.000261
0.013400 0.000264
0.013600 0.000267
0.013800 0.000270
0.014000 0.000273
0.014200 0.000276
0.014400 0.000279
0.014600 0.000282
0.014800 0.000285
0.015000 0.000288
0.015200 0.000291
0.015400 0.000295
0.015600 0.000298
0.015800 0.000301
0.016000 0.000304
0.016200 0.000308
0.016400 0.000311
0.016600 0.000314
0.016800 0.000318
0.017000 0.000321
0.017200 0.000325
0.017400 0.000328
0.017600 0.000332
0.017800 0.000335
0.018000 0.000339
0.018200 0.000343
0.018400 0.000346
0.018600 0.000350
0.018800 0.000354
0.019000 0.000358
0.019200 0.000361
0.019400 0.000365
0.019600 0.000369
0.019800 0.000373
0.020000 0.000377
0.020200 0.000381
0.020400 0.000385
0.020600 0.000389
0.020800 0.000394
0.021000 0.000398
0.021200 0.000402
0.021400 0.000406
0.021600 0.000411
0.021800 0.000415
0.022000 0.000420
0.022200 0.000424
0.022400 0.000428
0.022600 0.000433
0.022800 0.000438
0.023000 0.000442
0.023200 0.000447
0.023400 0.000452
0.023600 0.000457
0.023800 0.000461
0.024000 0.000466
0.024200 0.000471
0.024400 0.000476
0.024600 0.000481
0.024800 0.000486
0.025000 0.000491
0.025200 0.000497
0.025400 0.000502
0.025600 0.000507
0.025800 0.000513
0.026000 0.000518
0.026200 0.000523
0.026400 0.000529
0.026600 0.000534
0.026800 0.000540
0.027000 0.000546
0.027200 0.000552
0.027400 0.000557
0.027600 0.000563
0.027800 0.000569
0.028000 0.000575
0.028200 0.000581
0.028400 0.000587
0.028600 0.000593
0.028800 0.000599
0.029000 0.000606
0.029200 0.000612
0.029400 0.000618
0.029600 0.000625
0.029800 0.000631
0.030000 0.000638
0.030200 0.000644
0.030400 0.000651
0.030600 0.000658
0.030800 0.000665
0.031000 0.000672
0.031200 0.000679
0.031400 0.000686
0.031600 0.000693
0.031800 0.000700
0.032000 0.000707
0.032200 0.000714
0.032400 0.000722
0.032600 0.000729
0.032800 0.000737
0.033000 0.000744
0.033200 0.000752
0.033400 0.000760
0.033600 0.000768
0.033800 0.000775
0.034000 0.000783
0.034200 0.000791
0.034400 0.000800
0.034600 0.000808
0.034800 0.000816
0.035000 0.000824
0.035200 0.000833
0.035400 0.000841
0.035600 0.000850
0.035800 0.000859
0.036000 0.000867
0.036200 0.000876
0.036400 0.000885
0.036600 0.000894
0.036800 0.000903
0.037000 0.000912
0.037200 0.000922
0.037400 0.000931
0.037600 0.000940
0.037800 0.000950
0.038000 0.000960
0.038200 0.000969
0.038400 0.000979
0.038600 0.000989
0.038800 0.000999
0.039000 0.001009
0.039200 0.001019
0.039400 0.001030
0.039600 0.001040
0.039800 0.001050
0.040000 0.001061
0.040200 0.001072
0.040400 0.001082
0.040600 0.001093
0.040800 0.001104
0.041000 0.001115
0.041200 0.001127
0.041400 0.001138
0.041600 0.001149
0.041800 0.001161
0.042000 0.001172
0.042200 0.001184
0.042400 0.001196
0.042600 0.001208
0.042800 0.001220
0.043000 0.001232
0.043200 0.001244
0.043400 0.001257
0.043600 0.001269
0.043800 0.001282
0.044000 0.001295
0.044200 0.001307
0.044400 0.001320
0.044600 0.001333
0.044800 0.001347
0.045000 0.001360
0.045200 0.001373
0.045400 0.001387
0.045600 0.001401
0.045800 0.001415
0.046000 0.001428
0.046200 0.001443
0.046400 0.001457
0.046600 0.001471
0.046800 0.001486
0.047000 0.001500
0.047200 0.001515
0.047400 0.001530
0.047600 0.001545
0.047800 0.001560
0.048000 0.001575
0.048200 0.001591
0.048400 0.001606
0.048600 0.001622
0.048800 0.001638
0.049000 0.001654
0.049200 0.001670
0.049400 0.001686
0.049600 0.001703
0.049800 0.001719
0.050000 0.001736
0.050200 0.001753
0.050400 0.001770
0.050600 0.001787
0.050800 0.001804
0.051000 0.001822
0.051200 0.001840
0.051400 0.001857
0.051600 0.001875
0.051800 0.001893
0.052000 0.001912
0.052200 0.001930
0.052400 0.001949
0.052600 0.001968
0.052800 0.001987
0.053000 0.002006
0.053200 0.002025
0.053400 0.002045
0.053600 0.002064
0.053800 0.002084
0.054000 0.002104
0.054200 0.002124
0.054400 0.002145
0.054600 0.002165
0.054800 0.002186
0.055000 0.002207
0.055200 0.002228
0.055400 0.002249
0.055600 0.002271
0.055800 0.002292
0.056000 0.002314
0.056200 0.002336
0.056400 0.002358
0.056600 0.002381
0.056800 0.002403
0.057000 0.002426
0.057200 0.002449
0.057400 0.002472
0.057600 0.002496
0.057800 0.002519
0.058000 0.002543
0.058200 0.002567
0.058400 0.002592
0.058600 0.002616
0.058800 0.002641
0.059000 0.002666
0.059200 0.002691
0.059400 0.002716
0.059600 0.002742
0.059800 0.002767
0.060000 0.002793
0.060200 0.002820
0.060400 0.002846
0.060600 0.002873
0.060800 0.002900
0.061000 0.002927
0.061200 0.002954
0.061400 0.002982
0.061600 0.003010
0.061800 0.003038
0.062000 0.003066
0.062200 0.003095
0.062400 0.003124
0.062600 0.003153
0.062800 0.003182
0.063000 0.003212
0.063200 0.003241
0.063400 0.003272
0.063600 0.003302
0.063800 0.003333
0.064000 0.003363
0.064200 0.003394
0.064400 0.003426
0.064600 0.003458
0.064800 0.003489
0.065000 0.003522
0.065200 0.003554
0.065400 0.003587
0.065600 0.003620
0.065800 0.003653
0.066000 0.003687
0.066200 0.003721
0.066400 0.003755
0.066600 0.003789
0.066800 0.003824
0.067000 0.003859
0.067200 0.003894
0.067400 0.003930
0.067600 0.003966
0.067800 0.004002
0.068000 0.004039
0.068200 0.004076
0.068400 0.004113
0.068600 0.004150
0.068800 0.004188
0.069000 0.004226
0.069200 0.004264
0.069400 0.004303
0.069600 0.004342
0.069800 0.004382
0.070000 0.004421
0.070200 0.004461
0.070400 0.004502
0.070600 0.004542
0.070800 0.004583
0.071000 0.004625
0.071200 0.004667
0.071400 0.004709
0.071600 0.004751
0.071800 0.004794
0.072000 0.004837
0.072200 0.004880
0.072400 0.004924
0.072600 0.004968
0.072800 0.005013
0.073000 0.005058
0.073200 0.005103
0.073400 0.005149
0.073600 0.005195
0.073800 0.005241
0.074000 0.005288
0.074200 0.005335
0.074400 0.005383
0.074600 0.005431
0.074800 0.005479
0.075000 0.005528
0.075200 0.005577
0.075400 0.005627
0.075600 0.005676
0.075800 0.005727
0.076000 0.005778
0.076200 0.005829
0.076400 0.005880
0.076600 0.005932
0.076800 0.005985
0.077000 0.006038
0.077200 0.006091
0.077400 0.006144
0.077600 0.006199
0.077800 0.006253
0.078000 0.006308
0.078200 0.006364
0.078400 0.006419
0.078600 0.006476
0.078800 0.006532
0.079000 0.006590
0.079200 0.006647
0.079400 0.006706
0.079600 0.006764
0.079800 0.006823
0.080000 0.006883
0.080200 0.006943
0.080400 0.007003
0.080600 0.007064
0.080800 0.007126
0.081000 0.007188
0.081200 0.007250
0.081400 0.007313
0.081600 0.007376
0.081800 0.007440
0.082000 0.007505
0.082200 0.007570
0.082400 0.007635
0.082600 0.007701
0.082800 0.007768
0.083000 0.007835
0.083200 0.007902
0.083400 0.007970
0.083600 0.008039
0.083800 0.008108
0.084000 0.008178
0.084200 0.008248
0.084400 0.008319
0.084600 0.008390
0.084800 0.008462
0.085000 0.008534
0.085200 0.008607
0.085400 0.008681
0.085600 0.008755
0.085800 0.008830
0.086000 0.008905
0.086200 0.008981
0.086400 0.009057
0.086600 0.009134
0.086800 0.009212
0.087000 0.009290
0.087200 0.009369
0.087400 0.009449
0.087600 0.009529
0.087800 0.009609
0.088000 0.009691
0.088200 0.009772
0.088400 0.009855
0.088600 0.009938
0.088800 0.010022
0.089000 0.010106
0.089200 0.010191
0.089400 0.010277
0.089600 0.010364
0.089800 0.010451
0.090000 0.010538
0.090200 0.010627
0.090400 0.010716
0.090600 0.010806
0.090800 0.010896
0.091000 0.010987
0.091200 0.011079
0.091400 0.011171
0.091600 0.011264
0.091800 0.011358
0.092000 0.011453
0.092200 0.011548
0.092400 0.011644
0.092600 0.011741
0.092800 0.011838
0.093000 0.011936
0.093200 0.012035
0.093400 0.012135
0.093600 0.012235
0.093800 0.012336
0.094000 0.012438
0.094200 0.012541
0.094400 0.012644
0.094600 0.012749
0.094800 0.012853
0.095000 0.012959
0.095200 0.013066
0.095400 0.013173
0.095600 0.013281
0.095800 0.013390
0.096000 0.013500
0.096200 0.013610
0.096400 0.013721
0.096600 0.013834
0.096800 0.013947
0.097000 0.014060
0.097200 0.014175
0.097400 0.014290
0.097600 0.014407
0.097800 0.014524
0.098000 0.014642
0.098200 0.014761
0.098400 0.014880
0.098600 0.015001
0.098800 0.015123
0.099000 0.015245
0.099200 0.015368
0.099400 0.015492
0.099600 0.015617
0.099800 0.015743
0.100000 0.015870
0.100200 0.015998
0.100400 0.016127
0.100600 0.016256
0.100800 0.016387
0.101000 0.016518
0.101200 0.016651
0.101400 0.016784
0.101600 0.016919
0.101800 0.017054
0.102000 0.017190
0.102200 0.017327
0.102400 0.017466
0.102600 0.017605
0.102800 0.017745
0.103000 0.017886
0.103200 0.018029
0.103400 0.018172
0.103600 0.018316
0.103800 0.018461
0.104000 0.018608
0.104200 0.018755
0.104400 0.018903
0.104600 0.019053
0.104800 0.019203
0.105000 0.019355
0.105200 0.019507
0.105400 0.019661
0.105600 0.019816
0.105800 0.019972
0.106000 0.020129
0.106200 0.020287
0.106400 0.020446
0.106600 0.020606
0.106800 0.020767
0.107000 0.020930
0.107200 0.021093
0.107400 0.021258
0.107600 0.021424
0.107800 0.021591
0.108000 0.021759
0.108200 0.021929
0.108400 0.022099
0.108600 0.022271
0.108800 0.022444
0.109000 0.022618
0.109200 0.022793
0.109400 0.022970
0.109600 0.023148
0.109800 0.023327
0.110000 0.023507
0.110200 0.023688
0.110400 0.023871
0.110600 0.024055
0.110800 0.024240
0.111000 0.024426
0.111200 0.024614
0.111400 0.024803
0.111600 0.024993
0.111800 0.025185
0.112000 0.025378
0.112200 0.025572
0.112400 0.025767
0.112600 0.025964
0.112800 0.026162
0.113000 0.026362
0.113200 0.026562
0.113400 0.026765
0.113600 0.026968
0.113800 0.027173
0.114000 0.027379
0.114200 0.027587
0.114400 0.027796
0.114600 0.028006
0.114800 0.028218
0.115000 0.028431
0.115200 0.028646
0.115400 0.028862
0.115600 0.029080
0.115800 0.029299
0.116000 0.029519
0.116200 0.029741
0.116400 0.029964
0.116600 0.030189
0.116800 0.030416
0.117000 0.030643
0.117200 0.030873
0.117400 0.031103
0.117600 0.031336
0.117800 0.031570
0.118000 0.031805
0.118200 0.032042
0.118400 0.032281
0.118600 0.032521
0.118800 0.032762
0.119000 0.033005
0.119200 0.033250
0.119400 0.033497
0.119600 0.033745
0.119800 0.033994
0.120000 0.034245
0.120200 0.034498
0.120400 0.034753
0.120600 0.035009
0.120800 0.035267
0.121000 0.035526
0.121200 0.035787
0.121400 0.036050
0.121600 0.036315
0.121800 0.036581
0.122000 0.036849
0.122200 0.037118
0.122400 0.037390
0.122600 0.037663
0.122800 0.037937
0.123000 0.038214
0.123200 0.038492
0.123400 0.038772
0.123600 0.039054
0.123800 0.039338
0.124000 0.039623
0.124200 0.039911
0.124400 0.040200
0.124600 0.040491
0.124800 0.040783
0.125000 0.041078
0.125200 0.041374
0.125400 0.041673
0.125600 0.041973
0.125800 0.042275
0.126000 0.042579
0.126200 0.042885
0.126400 0.043192
0.126600 0.043502
0.126800 0.043814
0.127000 0.044127
0.127200 0.044443
0.127400 0.044760
0.127600 0.045080
0.127800 0.045401
0.128000 0.045724
0.128200 0.046050
0.128400 0.046377
0.128600 0.046707
0.128800 0.047038
0.129000 0.047371
0.129200 0.047707
0.129400 0.048045
0.129600 0.048384
0.129800 0.048726
0.130000 0.049070
0.130200 0.049416
0.130400 0.049764
0.130600 0.050114
0.130800 0.050466
0.131000 0.050820
0.131200 0.051177
0.131400 0.051536
0.131600 0.051897
0.131800 0.052260
0.132000 0.052625
0.132200 0.052992
0.132400 0.053362
0.132600 0.053734
0.132800 0.054108
0.133000 0.054485
0.133200 0.054863
0.133400 0.055244
0.133600 0.055627
0.133800 0.056013
0.134000 0.056400
0.134200 0.056790
0.134400 0.057183
0.134600 0.057578
0.134800 0.057975
0.135000 0.058374
0.135200 0.058776
0.135400 0.059180
0.135600 0.059586
0.135800 0.059995
0.136000 0.060407
0.136200 0.060820
0.136400 0.061236
0.136600 0.061655
0.136800 0.062076
0.137000 0.062500
0.137200 0.062926
0.137400 0.063354
0.137600 0.063785
0.137800 0.064218
0.138000 0.064654
0.138200 0.065093
0.138400 0.065534
0.138600 0.065978
0.138800 0.066424
0.139000 0.066873
0.139200 0.067324
0.139400 0.067778
0.139600 0.068234
0.139800 0.068693
0.140000 0.069155
0.140200 0.069620
0.140400 0.070087
0.140600 0.070556
0.140800 0.071029
0.141000 0.071504
0.141200 0.071982
0.141400 0.072462
0.141600 0.072945
0.141800 0.073431
0.142000 0.073920
0.142200 0.074412
0.142400 0.074906
0.142600 0.075403
0.142800 0.075903
0.143000 0.076405
0.143200 0.076911
0.143400 0.077419
0.143600 0.077930
0.143800 0.078444
0.144000 0.078961
0.144200 0.079481
0.144400 0.080003
0.144600 0.080529
0.144800 0.081057
0.145000 0.081589
0.145200 0.082123
0.145400 0.082660
0.145600 0.083201
0.145800 0.083744
0.146000 0.084290
0.146200 0.084839
0.146400 0.085391
0.146600 0.085946
0.146800 0.086505
0.147000 0.087066
0.147200 0.087630
0.147400 0.088198
0.147600 0.088768
0.147800 0.089342
0.148000 0.089919
0.148200 0.090499
0.148400 0.091082
0.148600 0.091668
0.148800 0.092257
0.149000 0.092849
0.149200 0.093445
0.149400 0.094044
0.149600 0.094646
0.149800 0.095251
0.150000 0.095860
0.150200 0.096472
0.150400 0.097087
0.150600 0.097705
0.150800 0.098326
0.151000 0.098951
0.151200 0.099579
0.151400 0.100211
0.151600 0.100846
0.151800 0.101484
0.152000 0.102126
0.152200 0.102771
0.152400 0.103419
0.152600 0.104071
0.152800 0.104726
0.153000 0.105384
0.153200 0.106046
0.153400 0.106712
0.153600 0.107381
0.153800 0.108053
0.154000 0.108729
0.154200 0.109408
0.154400 0.110091
0.154600 0.110778
0.154800 0.111468
0.155000 0.112161
0.155200 0.112858
0.155400 0.113559
0.155600 0.114263
0.155800 0.114971
0.156000 0.115682
0.156200 0.116398
0.156400 0.117116
0.156600 0.117839
0.156800 0.118565
0.157000 0.119295
0.157200 0.120028
0.157400 0.120765
0.157600 0.121506
0.157800 0.122251
0.158000 0.122999
0.158200 0.123751
0.158400 0.124507
0.158600 0.125267
0.158800 0.126030
0.159000 0.126798
0.159200 0.127569
0.159400 0.128344
0.159600 0.129122
0.159800 0.129905
0.160000 0.130692
0.160200 0.131482
0.160400 0.132277
0.160600 0.133075
0.160800 0.133877
0.161000 0.134683
0.161200 0.135493
0.161400 0.136307
0.161600 0.137125
0.161800 0.137947
0.162000 0.138773
0.162200 0.139604
0.162400 0.140438
0.162600 0.141276
0.162800 0.142118
0.163000 0.142964
0.163200 0.143815
0.163400 0.144669
0.163600 0.145528
0.163800 0.146390
0.164000 0.147257
0.164200 0.148128
0.164400 0.149003
0.164600 0.149883
0.164800 0.150766
0.165000 0.151654
0.165200 0.152546
0.165400 0.153442
0.165600 0.154343
0.165800 0.155247
0.166000 0.156156
0.166200 0.157069
0.166400 0.157987
0.166600 0.158909
0.166800 0.159835
0.167000 0.160765
0.167200 0.161700
0.167400 0.162639
0.167600 0.163583
0.167800 0.164531
0.168000 0.165483
0.168200 0.166440
0.168400 0.167401
0.168600 0.168367
0.168800 0.169337
0.169000 0.170311
0.169200 0.171290
0.169400 0.172274
0.169600 0.173262
0.169800 0.174254
0.170000 0.175251
0.170200 0.176252
0.170400 0.177259
0.170600 0.178269
0.170800 0.179284
0.171000 0.180304
0.171200 0.181328
0.171400 0.182357
0.171600 0.183391
0.171800 0.184429
0.172000 0.185472
0.172200 0.186520
0.172400 0.187572
0.172600 0.188629
0.172800 0.189691
0.173000 0.190757
0.173200 0.191828
0.173400 0.192904
0.173600 0.193984
0.173800 0.195069
0.174000 0.196160
0.174200 0.197254
0.174400 0.198354
0.174600 0.199458
0.174800 0.200568
0.175000 0.201682
0.175200 0.202801
0.175400 0.203925
0.175600 0.205053
0.175800 0.206187
0.176000 0.207325
0.176200 0.208469
0.176400 0.209617
0.176600 0.210770
0.176800 0.211928
0.177000 0.213091
0.177200 0.214259
0.177400 0.215432
0.177600 0.216610
0.177800 0.217793
0.178000 0.218981
0.178200 0.220174
0.178400 0.221372
0.178600 0.222575
0.178800 0.223783
0.179000 0.224997
0.179200 0.226215
0.179400 0.227438
0.179600 0.228667
0.179800 0.229900
0.180000 0.231139
0.180200 0.232383
0.180400 0.233632
0.180600 0.234886
0.180800 0.236145
0.181000 0.237410
0.181200 0.238680
0.181400 0.239955
0.181600 0.241235
0.181800 0.242520
0.182000 0.243810
0.182200 0.245106
0.182400 0.246407
0.182600 0.247714
0.182800 0.249025
0.183000 0.250342
0.183200 0.251664
0.183400 0.252992
0.183600 0.254325
0.183800 0.255663
0.184000 0.257006
0.184200 0.258355
0.184400 0.259709
0.184600 0.261069
0.184800 0.262433
0.185000 0.263804
0.185200 0.265179
0.185400 0.266561
0.185600 0.267947
0.185800 0.269339
0.186000 0.270736
0.186200 0.272139
0.186400 0.273547
0.186600 0.274961
0.186800 0.276380
0.187000 0.277805
0.187200 0.279235
0.187400 0.280671
0.187600 0.282112
0.187800 0.283559
0.188000 0.285011
0.188200 0.286469
0.188400 0.287932
0.188600 0.289401
0.188800 0.290876
0.189000 0.292356
0.189200 0.293842
0.189400 0.295333
0.189600 0.296830
0.189800 0.298332
0.190000 0.299840
0.190200 0.301354
0.190400 0.302873
0.190600 0.304398
0.190800 0.305929
0.191000 0.307465
0.191200 0.309007
0.191400 0.310555
0.191600 0.312108
0.191800 0.313667
0.192000 0.315232
0.192200 0.316802
0.192400 0.318378
0.192600 0.319960
0.192800 0.321548
0.193000 0.323141
0.193200 0.324740
0.193400 0.326345
0.193600 0.327956
0.193800 0.329572
0.194000 0.331194
0.194200 0.332822
0.194400 0.334456
0.194600 0.336095
0.194800 0.337741
0.195000 0.339392
0.195200 0.341049
0.195400 0.342712
0.195600 0.344380
0.195800 0.346055
0.196000 0.347735
0.196200 0.349421
0.196400 0.351113
0.196600 0.352811
0.196800 0.354515
0.197000 0.356224
0.197200 0.357940
0.197400 0.359661
0.197600 0.361388
0.197800 0.363121
0.198000 0.364861
0.198200 0.366606
0.198400 0.368356
0.198600 0.370113
0.198800 0.371876
0.199000 0.373645
0.199200 0.375419
0.199400 0.377200
0.199600 0.378986
0.199800 0.380779
0.200000 0.382577
0.200200 0.384381
0.200400 0.386192
0.200600 0.388008
0.200800 0.389830
0.201000 0.391658
0.201200 0.393493
0.201400 0.395333
0.201600 0.397179
0.201800 0.399031
0.202000 0.400889
0.202200 0.402754
0.202400 0.404624
0.202600 0.406500
0.202800 0.408382
0.203000 0.410270
0.203200 0.412165
0.203400 0.414065
0.203600 0.415971
0.203800 0.417884
0.204000 0.419802
0.204200 0.421726
0.204400 0.423657
0.204600 0.425593
0.204800 0.427536
0.205000 0.429485
0.205200 0.431439
0.205400 0.433400
0.205600 0.435367
0.205800 0.437340
0.206000 0.439319
0.206200 0.441304
0.206400 0.443295
0.206600 0.445292
0.206800 0.447295
0.207000 0.449304
0.207200 0.451320
0.207400 0.453341
0.207600 0.455369
0.207800 0.457402
0.208000 0.459442
0.208200 0.461488
0.208400 0.463540
0.208600 0.465598
0.208800 0.467662
0.209000 0.469732
0.209200 0.471808
0.209400 0.473890
0.209600 0.475979
0.209800 0.478073
0.210000 0.480174
0.210200 0.482281
0.210400 0.484394
0.210600 0.486513
0.210800 0.488638
0.211000 0.490769
0.211200 0.492906
0.211400 0.495050
0.211600 0.497199
0.211800 0.499355
0.212000 0.501516
0.212200 0.503684
0.212400 0.505858
0.212600 0.508038
0.212800 0.510225
0.213000 0.512417
0.213200 0.514615
0.213400 0.516820
0.213600 0.519031
0.213800 0.521247
0.214000 0.523470
0.214200 0.525699
0.214400 0.527935
0.214600 0.530176
0.214800 0.532423
0.215000 0.534677
0.215200 0.536936
0.215400 0.539202
0.215600 0.541474
0.215800 0.543752
0.216000 0.546036
0.216200 0.548327
0.216400 0.550623
0.216600 0.552926
0.216800 0.555234
0.217000 0.557549
0.217200 0.559870
0.217400 0.562197
0.217600 0.564530
0.217800 0.566870
0.218000 0.569215
0.218200 0.571567
0.218400 0.573924
0.218600 0.576288
0.218800 0.578658
0.219000 0.581034
0.219200 0.583417
0.219400 0.585805
0.219600 0.588200
0.219800 0.590601
0.220000 0.593007
0.220200 0.595420
0.220400 0.597840
0.220600 0.600265
0.220800 0.602696
0.221000 0.605134
0.221200 0.607578
0.221400 0.610028
0.221600 0.612484
0.221800 0.614946
0.222000 0.617415
0.222200 0.619889
0.222400 0.622370
0.222600 0.624857
0.222800 0.627350
0.223000 0.629850
0.223200 0.632355
0.223400 0.634867
0.223600 0.637385
0.223800 0.639909
0.224000 0.642439
0.224200 0.644976
0.224400 0.647519
0.224600 0.650068
0.224800 0.652623
0.225000 0.655185
0.225200 0.657752
0.225400 0.660326
0.225600 0.662906
0.225800 0.665493
0.226000 0.668086
0.226200 0.670685
0.226400 0.673290
0.226600 0.675902
0.226800 0.678519
0.227000 0.681144
0.227200 0.683774
0.227400 0.686411
0.227600 0.689054
0.227800 0.691704
0.228000 0.694360
0.228200 0.697022
0.228400 0.699690
0.228600 0.702365
0.228800 0.705047
0.229000 0.707735
0.229200 0.710429
0.229400 0.713130
0.229600 0.715837
0.229800 0.718550
0.230000 0.721271
0.230200 0.723997
0.230400 0.726730
0.230600 0.729470
0.230800 0.732216
0.231000 0.734969
0.231200 0.737728
0.231400 0.740494
0.231600 0.743267
0.231800 0.746046
0.232000 0.748832
0.232200 0.751624
0.232400 0.754424
0.232600 0.757230
0.232800 0.760043
0.233000 0.762862
0.233200 0.765688
0.233400 0.768521
0.233600 0.771361
0.233800 0.774208
0.234000 0.777062
0.234200 0.779923
0.234400 0.782791
0.234600 0.785665
0.234800 0.788547
0.235000 0.791436
0.235200 0.794331
0.235400 0.797234
0.235600 0.800144
0.235800 0.803062
0.236000 0.805986
0.236200 0.808918
0.236400 0.811857
0.236600 0.814803
0.236800 0.817757
0.237000 0.820718
0.237200 0.823687
0.237400 0.826663
0.237600 0.829646
0.237800 0.832638
0.238000 0.835637
0.238200 0.838643
0.238400 0.841657
0.238600 0.844679
0.238800 0.847709
0.239000 0.850747
0.239200 0.853793
0.239400 0.856846
0.239600 0.859908
0.239800 0.862978
0.240000 0.866056
0.240200 0.869142
0.240400 0.872236
0.240600 0.875339
0.240800 0.878450
0.241000 0.881570
0.241200 0.884698
0.241400 0.887834
0.241600 0.890980
0.241800 0.894134
0.242000 0.897297
0.242200 0.900468
0.242400 0.903649
0.242600 0.906839
0.242800 0.910038
0.243000 0.913246
0.243200 0.916463
0.243400 0.919690
0.243600 0.922926
0.243800 0.926171
0.244000 0.929426
0.244200 0.932691
0.244400 0.935966
0.244600 0.939250
0.244800 0.942545
0.245000 0.945849
0.245200 0.949164
0.245400 0.952489
0.245600 0.955824
0.245800 0.959170
0.246000 0.962526
0.246200 0.965893
0.246400 0.969271
0.246600 0.972659
0.246800 0.976059
0.247000 0.979470
0.247200 0.982892
0.247400 0.986325
0.247600 0.989770
0.247800 0.993227
0.248000 0.996695
0.248200 1.000175
0.248400 1.003667
0.248600 1.007171
0.248800 1.010688
0.249000 1.014217
0.249200 1.017758
0.249400 1.021312
0.249600 1.024879
0.249800 1.028459
0.250000 1.032052
0.250200 1.035658
0.250400 1.039277
0.250600 1.042911
0.250800 1.046558
0.251000 1.050218
0.251200 1.053893
0.251400 1.057582
0.251600 1.061286
0.251800 1.065004
0.252000 1.068736
0.252200 1.072484
0.252400 1.076246
0.252600 1.080024
0.252800 1.083818
0.253000 1.087627
0.253200 1.091451
0.253400 1.095292
0.253600 1.099149
0.253800 1.103022
0.254000 1.106912
0.254200 1.110819
0.254400 1.114743
0.254600 1.118684
0.254800 1.122642
0.255000 1.126618
0.255200 1.130612
0.255400 1.134624
0.255600 1.138654
0.255800 1.142702
0.256000 1.146770
0.256200 1.150856
0.256400 1.154961
0.256600 1.159086
0.256800 1.163231
0.257000 1.167395
0.257200 1.171580
0.257400 1.175784
0.257600 1.180010
0.257800 1.184256
0.258000 1.188524
0.258200 1.192813
0.258400 1.197124
0.258600 1.201456
0.258800 1.205811
0.259000 1.210188
0.259200 1.214588
0.259400 1.219011
0.259600 1.223457
0.259800 1.227927
0.260000 1.232420
0.260200 1.236938
0.260400 1.241480
0.260600 1.246047
0.260800 1.250638
0.261000 1.255256
0.261200 1.259898
0.261400 1.264567
0.261600 1.269262
0.261800 1.273983
0.262000 1.278731
0.262200 1.283506
0.262400 1.288309
0.262600 1.293139
0.262800 1.297998
0.263000 1.302885
0.263200 1.307801
0.263400 1.312745
0.263600 1.317720
0.263800 1.322724
0.264000 1.327758
0.264200 1.332822
0.264400 1.337917
0.264600 1.343044
0.264800 1.348202
0.265000 1.353391
0.265200 1.358613
0.265400 1.363867
0.265600 1.369154
0.265800 1.374475
0.266000 1.379829
0.266200 1.385217
0.266400 1.390639
0.266600 1.396096
0.266800 1.401588
0.267000 1.407116
0.267200 1.412679
0.267400 1.418278
0.267600 1.423914
0.267800 1.429587
0.268000 1.435298
0.268200 1.441046
0.268400 1.446832
0.268600 1.452657
0.268800 1.458520
0.269000 1.464423
0.269200 1.470365
0.269400 1.476348
0.269600 1.482371
0.269800 1.488435
0.270000 1.494540
0.270200 1.500686
0.270400 1.506875
0.270600 1.513106
0.270800 1.519380
0.271000 1.525697
0.271200 1.532058
0.271400 1.538463
0.271600 1.544912
0.271800 1.551407
0.272000 1.557946
0.272200 1.564531
0.272400 1.571163
0.272600 1.577840
0.272800 1.584565
0.273000 1.591337
0.273200 1.598157
0.273400 1.605024
0.273600 1.611941
0.273800 1.618906
0.274000 1.625920
0.274200 1.632985
0.274400 1.640099
0.274600 1.647264
0.274800 1.654480
0.275000 1.661747
0.275200 1.669066
0.275400 1.676438
0.275600 1.683861
0.275800 1.691338
0.276000 1.698868
0.276200 1.706452
0.276400 1.714090
0.276600 1.721783
0.276800 1.729530
0.277000 1.737333
0.277200 1.745191
0.277400 1.753106
0.277600 1.761077
0.277800 1.769105
0.278000 1.777190
0.278200 1.785332
0.278400 1.793533
0.278600 1.801792
0.278800 1.810110
0.279000 1.818486
0.279200 1.826923
0.279400 1.835418
0.279600 1.843975
0.279800 1.852591
0.280000 1.861268
0.280200 1.870007
0.280400 1.878807
0.280600 1.887669
0.280800 1.896593
0.281000 1.905579
0.281200 1.914628
0.281400 1.923741
0.281600 1.932916
0.281800 1.942156
0.282000 1.951459
0.282200 1.960827
0.282400 1.970259
0.282600 1.979756
0.282800 1.989319
0.283000 1.998946
0.283200 2.008640
0.283400 2.018399
0.283600 2.028225
0.283800 2.038117
0.284000 2.048075
0.284200 2.058101
0.284400 2.068193
0.284600 2.078353
0.284800 2.088581
0.285000 2.098876
0.285200 2.109239
0.285400 2.119670
0.285600 2.130170
0.285800 2.140737
0.286000 2.151374
0.286200 2.162079
0.286400 2.172853
0.286600 2.183697
0.286800 2.194609
0.287000 2.205591
0.287200 2.216642
0.287400 2.227762
0.287600 2.238952
0.287800 2.250212
0.288000 2.261542
0.288200 2.272941
0.288400 2.284410
0.288600 2.295949
0.288800 2.307558
0.289000 2.319236
0.289200 2.330985
0.289400 2.342804
0.289600 2.354692
0.289800 2.366650
0.290000 2.378678
0.290200 2.390776
0.290400 2.402944
0.290600 2.415181
0.290800 2.427488
0.291000 2.439864
0.291200 2.452310
0.291400 2.464825
0.291600 2.477409
0.291800 2.490062
0.292000 2.502783
0.292200 2.515574
0.292400 2.528432
0.292600 2.541359
0.292800 2.554354
0.293000 2.567417
0.293200 2.580548
0.293400 2.593745
0.293600 2.607010
0.293800 2.620342
0.294000 2.633740
0.294200 2.647204
0.294400 2.660734
0.294600 2.674329
0.294800 2.687990
0.295000 2.701716
0.295200 2.715506
0.295400 2.729360
0.295600 2.743277
0.295800 2.757258
0.296000 2.771302
0.296200 2.785408
0.296400 2.799576
0.296600 2.813805
0.296800 2.828095
0.297000 2.842445
0.297200 2.856856
0.297400 2.871325
0.297600 2.885854
0.297800 2.900440
0.298000 2.915084
0.298200 2.929785
0.298400 2.944543
0.298600 2.959356
0.298800 2.974224
0.299000 2.989147
0.299200 3.004123
0.299400 3.019153
0.299600 3.034235
0.299800 3.049368
0.300000 3.064552
0.300200 3.079786
0.300400 3.095070
0.300600 3.110402
0.300800 3.125782
0.301000 3.141208
0.301200 3.156681
0.301400 3.172199
0.301600 3.187761
0.301800 3.203367
0.302000 3.219015
0.302200 3.234705
0.302400 3.250435
0.302600 3.266205
0.302800 3.282014
0.303000 3.297861
0.303200 3.313744
0.303400 3.329663
0.303600 3.345617
0.303800 3.361604
0.304000 3.377625
0.304200 3.393676
0.304400 3.409759
0.304600 3.425870
0.304800 3.442010
0.305000 3.458177
0.305200 3.474369
0.305400 3.490587
0.305600 3.506828
0.305800 3.523092
0.306000 3.539377
0.306200 3.555681
0.306400 3.572005
0.306600 3.588346
0.306800 3.604703
0.307000 3.621076
0.307200 3.637462
0.307400 3.653860
0.307600 3.670269
0.307800 3.686688
0.308000 3.703116
0.308200 3.719550
0.308400 3.735990
0.308600 3.752434
0.308800 3.768882
0.309000 3.785330
0.309200 3.801779
0.309400 3.818226
0.309600 3.834671
0.309800 3.851111
0.310000 3.867545
0.310200 3.883972
0.310400 3.900391
0.310600 3.916799
0.310800 3.933196
0.311000 3.949579
0.311200 3.965948
0.311400 3.982300
0.311600 3.998634
0.311800 4.014950
0.312000 4.031244
0.312200 4.047515
0.312400 4.063763
0.312600 4.079984
0.312800 4.096179
0.313000 4.112344
0.313200 4.128479
0.313400 4.144582
0.313600 4.160652
0.313800 4.176685
0.314000 4.192682
0.314200 4.208640
0.314400 4.224558
0.314600 4.240434
0.314800 4.256266
0.315000 4.272053
0.315200 4.287792
0.315400 4.303484
0.315600 4.319125
0.315800 4.334713
0.316000 4.350249
0.316200 4.365728
0.316400 4.381151
0.316600 4.396515
0.316800 4.411819
0.317000 4.427060
0.317200 4.442238
0.317400 4.457350
0.317600 4.472395
0.317800 4.487371
0.318000 4.502276
0.318200 4.517109
0.318400 4.531868
0.318600 4.546551
0.318800 4.561157
0.319000 4.575684
0.319200 4.590129
0.319400 4.604493
0.319600 4.618772
0.319800 4.632966
0.320000 4.647071
0.320200 4.661088
0.320400 4.675014
0.320600 4.688847
0.320800 4.702586
0.321000 4.716229
0.321200 4.729775
0.321400 4.743222
0.321600 4.756568
0.321800 4.769811
0.322000 4.782950
0.322200 4.795984
0.322400 4.808910
0.322600 4.821728
0.322800 4.834435
0.323000 4.847030
0.323200 4.859512
0.323400 4.871878
0.323600 4.884128
0.323800 4.896259
0.324000 4.908271
0.324200 4.920161
0.324400 4.931928
0.324600 4.943571
0.324800 4.955089
0.325000 4.966479
0.325200 4.977740
0.325400 4.988871
0.325600 4.999870
0.325800 5.010737
0.326000 5.021468
0.326200 5.032064
0.326400 5.042523
0.326600 5.052843
0.326800 5.063024
0.327000 5.073063
0.327200 5.082959
0.327400 5.092711
0.327600 5.102319
0.327800 5.111779
0.328000 5.121093
0.328200 5.130257
0.328400 5.139271
0.328600 5.148133
0.328800 5.156844
0.329000 5.165400
0.329200 5.173802
0.329400 5.182047
0.329600 5.190136
0.329800 5.198067
0.330000 5.205838
0.330200 5.213449
0.330400 5.220899
0.330600 5.228186
0.330800 5.235311
0.331000 5.242271
0.331200 5.249066
0.331400 5.255695
0.331600 5.262157
0.331800 5.268451
0.332000 5.274576
0.332200 5.280532
0.332400 5.286318
0.332600 5.291933
0.332800 5.297375
0.333000 5.302646
0.333200 5.307743
0.333400 5.312665
0.333600 5.317414
0.333800 5.321987
0.334000 5.326384
0.334200 5.330604
0.334400 5.334648
0.334600 5.338514
0.334800 5.342201
0.335000 5.345711
0.335200 5.349041
0.335400 5.352191
0.335600 5.355162
0.335800 5.357952
0.336000 5.360562
0.336200 5.362990
0.336400 5.365237
0.336600 5.367303
0.336800 5.369186
0.337000 5.370888
0.337200 5.372407
0.337400 5.373743
0.337600 5.374897
0.337800 5.375868
0.338000 5.376655
0.338200 5.377260
0.338400 5.377682
0.338600 5.377920
0.338800 5.377976
0.339000 5.377848
0.339200 5.377537
0.339400 5.377044
0.339600 5.376367
0.339800 5.375507
0.340000 5.374465
0.340200 5.373241
0.340400 5.371834
0.340600 5.370245
0.340800 5.368474
0.341000 5.366522
0.341200 5.364389
0.341400 5.362075
0.341600 5.359580
0.341800 5.356905
0.342000 5.354051
0.342200 5.351017
0.342400 5.347805
0.342600 5.344414
0.342800 5.340845
0.343000 5.337099
0.343200 5.333176
0.343400 5.329077
0.343600 5.324803
0.343800 5.320354
0.344000 5.315730
0.344200 5.310933
0.344400 5.305963
0.344600 5.300820
0.344800 5.295507
0.345000 5.290022
0.345200 5.284368
0.345400 5.278545
0.345600 5.272554
0.345800 5.266395
0.346000 5.260070
0.346200 5.253579
0.346400 5.246924
0.346600 5.240105
0.346800 5.233123
0.347000 5.225980
0.347200 5.218676
0.347400 5.211212
0.347600 5.203590
0.347800 5.195810
0.348000 5.187874
0.348200 5.179782
0.348400 5.171536
0.348600 5.163137
0.348800 5.154587
0.349000 5.145885
0.349200 5.137034
0.349400 5.128035
0.349600 5.118889
0.349800 5.109597
0.350000 5.100161
0.350200 5.090581
0.350400 5.080860
0.350600 5.070998
0.350800 5.060997
0.351000 5.050857
0.351200 5.040582
0.351400 5.030171
0.351600 5.019627
0.351800 5.008950
0.352000 4.998142
0.352200 4.987205
0.352400 4.976140
0.352600 4.964948
0.352800 4.953632
0.353000 4.942191
0.353200 4.930629
0.353400 4.918946
0.353600 4.907144
0.353800 4.895225
0.354000 4.883190
0.354200 4.871040
0.354400 4.858777
0.354600 4.846404
0.354800 4.833920
0.355000 4.821329
0.355200 4.808631
0.355400 4.795828
0.355600 4.782922
0.355800 4.769914
0.356000 4.756806
0.356200 4.743600
0.356400 4.730297
0.356600 4.716899
0.356800 4.703408
0.357000 4.689825
0.357200 4.676152
0.357400 4.662390
0.357600 4.648541
0.357800 4.634608
0.358000 4.620591
0.358200 4.606492
0.358400 4.592313
0.358600 4.578056
0.358800 4.563722
0.359000 4.549313
0.359200 4.534831
0.359400 4.520277
0.359600 4.505653
0.359800 4.490961
0.360000 4.476203
0.360200 4.461379
0.360400 4.446493
0.360600 4.431544
0.360800 4.416536
0.361000 4.401470
0.361200 4.386348
0.361400 4.371171
0.361600 4.355940
0.361800 4.340658
0.362000 4.325327
0.362200 4.309947
0.362400 4.294521
0.362600 4.279051
0.362800 4.263537
0.363000 4.247981
0.363200 4.232386
0.363400 4.216753
0.363600 4.201083
0.363800 4.185378
0.364000 4.169640
0.364200 4.153871
0.364400 4.138071
0.364600 4.122242
0.364800 4.106387
0.365000 4.090507
0.365200 4.074603
0.365400 4.058676
0.365600 4.042729
0.365800 4.026763
0.366000 4.010779
0.366200 3.994780
0.366400 3.978766
0.366600 3.962739
0.366800 3.946700
0.367000 3.930652
0.367200 3.914595
0.367400 3.898531
0.367600 3.882461
0.367800 3.866388
0.368000 3.850311
0.368200 3.834234
0.368400 3.818156
0.368600 3.802081
0.368800 3.786008
0.369000 3.769939
0.369200 3.753876
0.369400 3.737820
0.369600 3.721773
0.369800 3.705735
0.370000 3.689709
0.370200 3.673694
0.370400 3.657693
0.370600 3.641707
0.370800 3.625738
0.371000 3.609785
0.371200 3.593852
0.371400 3.577938
0.371600 3.562045
0.371800 3.546174
0.372000 3.530327
0.372200 3.514504
0.372400 3.498707
0.372600 3.482937
0.372800 3.467195
0.373000 3.451481
0.373200 3.435798
0.373400 3.420146
0.373600 3.404527
0.373800 3.388940
0.374000 3.373388
0.374200 3.357872
0.374400 3.342391
0.374600 3.326948
0.374800 3.311544
0.375000 3.296178
0.375200 3.280853
0.375400 3.265568
0.375600 3.250326
0.375800 3.235126
0.376000 3.219970
0.376200 3.204859
0.376400 3.189793
0.376600 3.174774
0.376800 3.159801
0.377000 3.144876
0.377200 3.130000
0.377400 3.115173
0.377600 3.100396
0.377800 3.085670
0.378000 3.070996
0.378200 3.056373
0.378400 3.041804
0.378600 3.027288
0.378800 3.012827
0.379000 2.998420
0.379200 2.984068
0.379400 2.969773
0.379600 2.955535
0.379800 2.941353
0.380000 2.927229
0.380200 2.913164
0.380400 2.899158
0.380600 2.885210
0.380800 2.871323
0.381000 2.857496
0.381200 2.843730
0.381400 2.830025
0.381600 2.816381
0.381800 2.802800
0.382000 2.789281
0.382200 2.775825
0.382400 2.762432
0.382600 2.749103
0.382800 2.735838
0.383000 2.722637
0.383200 2.709501
0.383400 2.696429
0.383600 2.683423
0.383800 2.670482
0.384000 2.657607
0.384200 2.644798
0.384400 2.632056
0.384600 2.619379
0.384800 2.606769
0.385000 2.594226
0.385200 2.581751
0.385400 2.569342
0.385600 2.557001
0.385800 2.544727
0.386000 2.532520
0.386200 2.520382
0.386400 2.508311
0.386600 2.496309
0.386800 2.484374
0.387000 2.472507
0.387200 2.460709
0.387400 2.448979
0.387600 2.437317
0.387800 2.425723
0.388000 2.414198
0.388200 2.402741
0.388400 2.391352
0.388600 2.380031
0.388800 2.368779
0.389000 2.357595
0.389200 2.346479
0.389400 2.335431
0.389600 2.324451
0.389800 2.313539
0.390000 2.302695
0.390200 2.291919
0.390400 2.281210
0.390600 2.270569
0.390800 2.259995
0.391000 2.249489
0.391200 2.239050
0.391400 2.228677
0.391600 2.218372
0.391800 2.208133
0.392000 2.197960
0.392200 2.187854
0.392400 2.177814
0.392600 2.167840
0.392800 2.157932
0.393000 2.148089
0.393200 2.138311
0.393400 2.128598
0.393600 2.118950
0.393800 2.109367
0.394000 2.099847
0.394200 2.090392
0.394400 2.081001
0.394600 2.071673
0.394800 2.062408
0.395000 2.053207
0.395200 2.044068
0.395400 2.034991
0.395600 2.025976
0.395800 2.017024
0.396000 2.008132
0.396200 1.999302
0.396400 1.990533
0.396600 1.981824
0.396800 1.973175
0.397000 1.964586
0.397200 1.956057
0.397400 1.947587
0.397600 1.939175
0.397800 1.930822
0.398000 1.922528
0.398200 1.914291
0.398400 1.906111
0.398600 1.897989
0.398800 1.889923
0.399000 1.881914
0.399200 1.873960
0.399400 1.866063
0.399600 1.858220
0.399800 1.850432
0.400000 1.842699
0.400200 1.835020
0.400400 1.827394
0.400600 1.819822
0.400800 1.812302
0.401000 1.804835
0.401200 1.797421
0.401400 1.790058
0.401600 1.782746
0.401800 1.775485
0.402000 1.768275
0.402200 1.761115
0.402400 1.754005
0.402600 1.746944
0.402800 1.739932
0.403000 1.732968
0.403200 1.726053
0.403400 1.719185
0.403600 1.712365
0.403800 1.705592
0.404000 1.698865
0.404200 1.692184
0.404400 1.685549
0.404600 1.678959
0.404800 1.672414
0.405000 1.665914
0.405200 1.659458
0.405400 1.653045
0.405600 1.646676
0.405800 1.640349
0.406000 1.634065
0.406200 1.627823
0.406400 1.621623
0.406600 1.615464
0.406800 1.609345
0.407000 1.603268
0.407200 1.597230
0.407400 1.591232
0.407600 1.585273
0.407800 1.579353
0.408000 1.573472
0.408200 1.567629
0.408400 1.561823
0.408600 1.556055
0.408800 1.550324
0.409000 1.544629
0.409200 1.538970
0.409400 1.533348
0.409600 1.527760
0.409800 1.522208
0.410000 1.516690
0.410200 1.511207
0.410400 1.505757
0.410600 1.500341
0.410800 1.494958
0.411000 1.489608
0.411200 1.484291
0.411400 1.479005
0.411600 1.473751
0.411800 1.468529
0.412000 1.463337
0.412200 1.458176
0.412400 1.453046
0.412600 1.447945
0.412800 1.442874
0.413000 1.437833
0.413200 1.432820
0.413400 1.427836
0.413600 1.422880
0.413800 1.417952
0.414000 1.413052
0.414200 1.408178
0.414400 1.403332
0.414600 1.398513
0.414800 1.393720
0.415000 1.388952
0.415200 1.384211
0.415400 1.379494
0.415600 1.374803
0.415800 1.370137
0.416000 1.365495
0.416200 1.360877
0.416400 1.356283
0.416600 1.351713
0.416800 1.347166
0.417000 1.342642
0.417200 1.338140
0.417400 1.333661
0.417600 1.329204
0.417800 1.324769
0.418000 1.320356
0.418200 1.315964
0.418400 1.311593
0.418600 1.307242
0.418800 1.302913
0.419000 1.298603
0.419200 1.294314
0.419400 1.290044
0.419600 1.285794
0.419800 1.281563
0.420000 1.277351
0.420200 1.273157
0.420400 1.268983
0.420600 1.264826
0.420800 1.260688
0.421000 1.256567
0.421200 1.252465
0.421400 1.248379
0.421600 1.244311
0.421800 1.240259
0.422000 1.236225
0.422200 1.232206
0.422400 1.228204
0.422600 1.224219
0.422800 1.220249
0.423000 1.216294
0.423200 1.212356
0.423400 1.208432
0.423600 1.204524
0.423800 1.200630
0.424000 1.196752
0.424200 1.192887
0.424400 1.189038
0.424600 1.185202
0.424800 1.181380
0.425000 1.177572
0.425200 1.173778
0.425400 1.169997
0.425600 1.166230
0.425800 1.162475
0.426000 1.158734
0.426200 1.155005
0.426400 1.151289
0.426600 1.147586
0.426800 1.143895
0.427000 1.140216
0.427200 1.136549
0.427400 1.132894
0.427600 1.129251
0.427800 1.125619
0.428000 1.121999
0.428200 1.118390
0.428400 1.114793
0.428600 1.111206
0.428800 1.107631
0.429000 1.104066
0.429200 1.100512
0.429400 1.096969
0.429600 1.093436
0.429800 1.089913
0.430000 1.086401
0.430200 1.082899
0.430400 1.079407
0.430600 1.075924
0.430800 1.072452
0.431000 1.068989
0.431200 1.065535
0.431400 1.062091
0.431600 1.058657
0.431800 1.055232
0.432000 1.051815
0.432200 1.048408
0.432400 1.045010
0.432600 1.041621
0.432800 1.038241
0.433000 1.034869
0.433200 1.031506
0.433400 1.028152
0.433600 1.024806
0.433800 1.021468
0.434000 1.018139
0.434200 1.014818
0.434400 1.011505
0.434600 1.008200
0.434800 1.004903
0.435000 1.001615
0.435200 0.998334
0.435400 0.995060
0.435600 0.991795
0.435800 0.988537
0.436000 0.985287
0.436200 0.982044
0.436400 0.978809
0.436600 0.975582
0.436800 0.972361
0.437000 0.969148
0.437200 0.965943
0.437400 0.962744
0.437600 0.959553
0.437800 0.956368
0.438000 0.953191
0.438200 0.950021
0.438400 0.946858
0.438600 0.943701
0.438800 0.940552
0.439000 0.937409
0.439200 0.934273
0.439400 0.931144
0.439600 0.928022
0.439800 0.924906
0.440000 0.921797
0.440200 0.918695
0.440400 0.915599
0.440600 0.912509
0.440800 0.909426
0.441000 0.906350
0.441200 0.903280
0.441400 0.900216
0.441600 0.897159
0.441800 0.894108
0.442000 0.891063
0.442200 0.888025
0.442400 0.884993
0.442600 0.881967
0.442800 0.878947
0.443000 0.875933
0.443200 0.872926
0.443400 0.869925
0.443600 0.866930
0.443800 0.863941
0.444000 0.860958
0.444200 0.857981
0.444400 0.855010
0.444600 0.852045
0.444800 0.849086
0.445000 0.846133
0.445200 0.843186
0.445400 0.840245
0.445600 0.837310
0.445800 0.834381
0.446000 0.831458
0.446200 0.828540
0.446400 0.825629
0.446600 0.822723
0.446800 0.819823
0.447000 0.816930
0.447200 0.814041
0.447400 0.811159
0.447600 0.808283
0.447800 0.805412
0.448000 0.802547
0.448200 0.799688
0.448400 0.796835
0.448600 0.793988
0.448800 0.791146
0.449000 0.788310
0.449200 0.785480
0.449400 0.782655
0.449600 0.779837
0.449800 0.777024
0.450000 0.774217
0.450200 0.771415
0.450400 0.768620
0.450600 0.765830
0.450800 0.763045
0.451000 0.760267
0.451200 0.757494
0.451400 0.754727
0.451600 0.751966
0.451800 0.749210
0.452000 0.746460
0.452200 0.743716
0.452400 0.740977
0.452600 0.738245
0.452800 0.735518
0.453000 0.732796
0.453200 0.730081
0.453400 0.727371
0.453600 0.724667
0.453800 0.721968
0.454000 0.719275
0.454200 0.716588
0.454400 0.713907
0.454600 0.711232
0.454800 0.708562
0.455000 0.705898
0.455200 0.703239
0.455400 0.700587
0.455600 0.697940
0.455800 0.695299
0.456000 0.692663
0.456200 0.690034
0.456400 0.687410
0.456600 0.684792
0.456800 0.682179
0.457000 0.679573
0.457200 0.676972
0.457400 0.674377
0.457600 0.671787
0.457800 0.669204
0.458000 0.666626
0.458200 0.664054
0.458400 0.661488
0.458600 0.658927
0.458800 0.656373
0.459000 0.653824
0.459200 0.651281
0.459400 0.648744
0.459600 0.646212
0.459800 0.643687
0.460000 0.641167
0.460200 0.638653
0.460400 0.636145
0.460600 0.633643
0.460800 0.631146
0.461000 0.628656
0.461200 0.626171
0.461400 0.623692
0.461600 0.621219
0.461800 0.618752
0.462000 0.616290
0.462200 0.613835
0.462400 0.611385
0.462600 0.608942
0.462800 0.606504
0.463000 0.604072
0.463200 0.601646
0.463400 0.599226
0.463600 0.596811
0.463800 0.594403
0.464000 0.592001
0.464200 0.589604
0.464400 0.587213
0.464600 0.584829
0.464800 0.582450
0.465000 0.580077
0.465200 0.577710
0.465400 0.575349
0.465600 0.572994
0.465800 0.570645
0.466000 0.568302
0.466200 0.565965
0.466400 0.563634
0.466600 0.561309
0.466800 0.558989
0.467000 0.556676
0.467200 0.554369
0.467400 0.552067
0.467600 0.549772
0.467800 0.547482
0.468000 0.545199
0.468200 0.542922
0.468400 0.540650
0.468600 0.538385
0.468800 0.536125
0.469000 0.533872
0.469200 0.531624
0.469400 0.529383
0.469600 0.527147
0.469800 0.524918
0.470000 0.522695
0.470200 0.520477
0.470400 0.518266
0.470600 0.516060
0.470800 0.513861
0.471000 0.511668
0.471200 0.509480
0.471400 0.507299
0.471600 0.505124
0.471800 0.502955
0.472000 0.500791
0.472200 0.498634
0.472400 0.496483
0.472600 0.494338
0.472800 0.492199
0.473000 0.490066
0.473200 0.487939
0.473400 0.485818
0.473600 0.483703
0.473800 0.481595
0.474000 0.479492
0.474200 0.477395
0.474400 0.475304
0.474600 0.473220
0.474800 0.471141
0.475000 0.469069
0.475200 0.467002
0.475400 0.464942
0.475600 0.462887
0.475800 0.460839
0.476000 0.458797
0.476200 0.456760
0.476400 0.454730
0.476600 0.452706
0.476800 0.450688
0.477000 0.448676
0.477200 0.446670
0.477400 0.444670
0.477600 0.442676
0.477800 0.440688
0.478000 0.438706
0.478200 0.436730
0.478400 0.434760
0.478600 0.432796
0.478800 0.430839
0.479000 0.428887
0.479200 0.426941
0.479400 0.425002
0.479600 0.423068
0.479800 0.421141
0.480000 0.419219
0.480200 0.417304
0.480400 0.415394
0.480600 0.413491
0.480800 0.411593
0.481000 0.409702
0.481200 0.407816
0.481400 0.405937
0.481600 0.404063
0.481800 0.402196
0.482000 0.400334
0.482200 0.398479
0.482400 0.396629
0.482600 0.394786
0.482800 0.392948
0.483000 0.391117
0.483200 0.389291
0.483400 0.387472
0.483600 0.385658
0.483800 0.383851
0.484000 0.382049
0.484200 0.380254
0.484400 0.378464
0.484600 0.376680
0.484800 0.374902
0.485000 0.373130
0.485200 0.371365
0.485400 0.369605
0.485600 0.367851
0.485800 0.366102
0.486000 0.364360
0.486200 0.362624
0.486400 0.360894
0.486600 0.359169
0.486800 0.357451
0.487000 0.355738
0.487200 0.354031
0.487400 0.352331
0.487600 0.350636
0.487800 0.348947
0.488000 0.347263
0.488200 0.345586
0.488400 0.343915
0.488600 0.342249
0.488800 0.340589
0.489000 0.338935
0.489200 0.337287
0.489400 0.335645
0.489600 0.334009
0.489800 0.332378
0.490000 0.330754
0.490200 0.329135
0.490400 0.327522
0.490600 0.325915
0.490800 0.324313
0.491000 0.322718
0.491200 0.321128
0.491400 0.319544
0.491600 0.317965
0.491800 0.316393
0.492000 0.314826
0.492200 0.313265
0.492400 0.311710
0.492600 0.310161
0.492800 0.308617
0.493000 0.307079
0.493200 0.305547
0.493400 0.304020
0.493600 0.302499
0.493800 0.300984
0.494000 0.299475
0.494200 0.297971
0.494400 0.296473
0.494600 0.294981
0.494800 0.293494
0.495000 0.292013
0.495200 0.290538
0.495400 0.289068
0.495600 0.287604
0.495800 0.286146
0.496000 0.284694
0.496200 0.283247
0.496400 0.281805
0.496600 0.280369
0.496800 0.278939
0.497000 0.277515
0.497200 0.276096
0.497400 0.274683
0.497600 0.273275
0.497800 0.271873
0.498000 0.270476
0.498200 0.269085
0.498400 0.267700
0.498600 0.266320
0.498800 0.264946
0.499000 0.263577
0.499200 0.262214
0.499400 0.260857
0.499600 0.259505
0.499800 0.258158
0.500000 0.256817
0.500200 0.255482
0.500400 0.254152
0.500600 0.252827
0.500800 0.251509
0.501000 0.250195
0.501200 0.248887
0.501400 0.247585
0.501600 0.246288
0.501800 0.244996
0.502000 0.243711
0.502200 0.242430
0.502400 0.241155
0.502600 0.239885
0.502800 0.238621
0.503000 0.237363
0.503200 0.236109
0.503400 0.234862
0.503600 0.233619
0.503800 0.232383
0.504000 0.231151
0.504200 0.229925
0.504400 0.228705
0.504600 0.227489
0.504800 0.226280
0.505000 0.225075
0.505200 0.223877
0.505400 0.222683
0.505600 0.221495
0.505800 0.220312
0.506000 0.219135
0.506200 0.217963
0.506400 0.216797
0.506600 0.215636
0.506800 0.214480
0.507000 0.213330
0.507200 0.212185
0.507400 0.211046
0.507600 0.209912
0.507800 0.208783
0.508000 0.207660
0.508200 0.206542
0.508400 0.205429
0.508600 0.204322
0.508800 0.203220
0.509000 0.202124
0.509200 0.201033
0.509400 0.199948
0.509600 0.198868
0.509800 0.197793
0.510000 0.196724
0.510200 0.195660
0.510400 0.194601
0.510600 0.193548
0.510800 0.192500
0.511000 0.191458
0.511200 0.190421
0.511400 0.189390
0.511600 0.188364
0.511800 0.187343
0.512000 0.186328
0.512200 0.185319
0.512400 0.184314
0.512600 0.183316
0.512800 0.182322
0.513000 0.181335
0.513200 0.180352
0.513400 0.179375
0.513600 0.178404
0.513800 0.177438
0.514000 0.176478
0.514200 0.175523
0.514400 0.174573
0.514600 0.173630
0.514800 0.172691
0.515000 0.171759
0.515200 0.170832
0.515400 0.169910
0.515600 0.168994
0.515800 0.168084
0.516000 0.167179
0.516200 0.166280
0.516400 0.165386
0.516600 0.164498
0.516800 0.163616
0.517000 0.162740
0.517200 0.161869
0.517400 0.161004
0.517600 0.160144
0.517800 0.159291
0.518000 0.158443
0.518200 0.157601
0.518400 0.156765
0.518600 0.155934
0.518800 0.155110
0.519000 0.154291
0.519200 0.153478
0.519400 0.152671
0.519600 0.151870
0.519800 0.151075
0.520000 0.150286
0.520200 0.149503
0.520400 0.148726
0.520600 0.147955
0.520800 0.147190
0.521000 0.146431
0.521200 0.145678
0.521400 0.144931
0.521600 0.144191
0.521800 0.143457
0.522000 0.142729
0.522200 0.142007
0.522400 0.141292
0.522600 0.140582
0.522800 0.139880
0.523000 0.139183
0.523200 0.138493
0.523400 0.137810
0.523600 0.137133
0.523800 0.136463
0.524000 0.135799
0.524200 0.135141
0.524400 0.134491
0.524600 0.133847
0.524800 0.133210
0.525000 0.132579
0.525200 0.131956
0.525400 0.131339
0.525600 0.130729
0.525800 0.130126
0.526000 0.129530
0.526200 0.128941
0.526400 0.128359
0.526600 0.127784
0.526800 0.127217
0.527000 0.126656
0.527200 0.126103
0.527400 0.125557
0.527600 0.125019
0.527800 0.124488
0.528000 0.123964
0.528200 0.123448
0.528400 0.122940
0.528600 0.122439
0.528800 0.121946
0.529000 0.121460
0.529200 0.120983
0.529400 0.120513
0.529600 0.120051
0.529800 0.119597
0.530000 0.119151
0.530200 0.118714
0.530400 0.118284
0.530600 0.117863
0.530800 0.117450
0.531000 0.117045
0.531200 0.116649
0.531400 0.116262
0.531600 0.115883
0.531800 0.115512
0.532000 0.115150
0.532200 0.114798
0.532400 0.114454
0.532600 0.114118
0.532800 0.113792
0.533000 0.113475
0.533200 0.113168
0.533400 0.112869
0.533600 0.112580
0.533800 0.112300
0.534000 0.112030
0.534200 0.111769
0.534400 0.111518
0.534600 0.111277
0.534800 0.111045
0.535000 0.110823
0.535200 0.110612
0.535400 0.110410
0.535600 0.110219
0.535800 0.110038
0.536000 0.109867
0.536200 0.109707
0.536400 0.109557
0.536600 0.109418
0.536800 0.109290
0.537000 0.109172
0.537200 0.109066
0.537400 0.108970
0.537600 0.108886
0.537800 0.108813
0.538000 0.108751
0.538200 0.108700
0.538400 0.108661
0.538600 0.108634
0.538800 0.108619
0.539000 0.108615
0.539200 0.108623
0.539400 0.108644
0.539600 0.108676
0.539800 0.108721
0.540000 0.108778
0.540200 0.108848
0.540400 0.108930
0.540600 0.109025
0.540800 0.109133
0.541000 0.109253
0.541200 0.109387
0.541400 0.109534
0.541600 0.109695
0.541800 0.109868
0.542000 0.110055
0.542200 0.110256
0.542400 0.110471
0.542600 0.110699
0.542800 0.110942
0.543000 0.111199
0.543200 0.111470
0.543400 0.111755
0.543600 0.112055
0.543800 0.112369
0.544000 0.112698
0.544200 0.113042
0.544400 0.113401
0.544600 0.113775
0.544800 0.114165
0.545000 0.114569
0.545200 0.114990
0.545400 0.115425
0.545600 0.115877
0.545800 0.116344
0.546000 0.116828
0.546200 0.117327
0.546400 0.117843
0.546600 0.118376
0.546800 0.118924
0.547000 0.119490
0.547200 0.120072
0.547400 0.120671
0.547600 0.121288
0.547800 0.121921
0.548000 0.122572
0.548200 0.123240
0.548400 0.123925
0.548600 0.124629
0.548800 0.125350
0.549000 0.126089
0.549200 0.126846
0.549400 0.127622
0.549600 0.128416
0.549800 0.129228
0.550000 0.130059
0.550200 0.130909
0.550400 0.131777
0.550600 0.132665
0.550800 0.133571
0.551000 0.134497
0.551200 0.135443
0.551400 0.136407
0.551600 0.137392
0.551800 0.138396
0.552000 0.139420
0.552200 0.140464
0.552400 0.141528
0.552600 0.142613
0.552800 0.143717
0.553000 0.144843
0.553200 0.145989
0.553400 0.147155
0.553600 0.148343
0.553800 0.149551
0.554000 0.150781
0.554200 0.152032
0.554400 0.153304
0.554600 0.154597
0.554800 0.155912
0.555000 0.157249
0.555200 0.158607
0.555400 0.159987
0.555600 0.161390
0.555800 0.162814
0.556000 0.164260
0.556200 0.165729
0.556400 0.167220
0.556600 0.168734
0.556800 0.170270
0.557000 0.171829
0.557200 0.173410
0.557400 0.175015
0.557600 0.176642
0.557800 0.178293
0.558000 0.179966
0.558200 0.181663
0.558400 0.183383
0.558600 0.185126
0.558800 0.186893
0.559000 0.188683
0.559200 0.190497
0.559400 0.192335
0.559600 0.194196
0.559800 0.196081
0.560000 0.197990
0.560200 0.199922
0.560400 0.201879
0.560600 0.203860
0.560800 0.205864
0.561000 0.207893
0.561200 0.209946
0.561400 0.212023
0.561600 0.214125
0.561800 0.216250
0.562000 0.218400
0.562200 0.220575
0.562400 0.222773
0.562600 0.224996
0.562800 0.227244
0.563000 0.229516
0.563200 0.231812
0.563400 0.234133
0.563600 0.236478
0.563800 0.238848
0.564000 0.241242
0.564200 0.243661
0.564400 0.246104
0.564600 0.248571
0.564800 0.251063
0.565000 0.253580
0.565200 0.256120
0.565400 0.258686
0.565600 0.261275
0.565800 0.263889
0.566000 0.266527
0.566200 0.269189
0.566400 0.271876
0.566600 0.274586
0.566800 0.277321
0.567000 0.280080
0.567200 0.282862
0.567400 0.285669
0.567600 0.288499
0.567800 0.291353
0.568000 0.294231
0.568200 0.297132
0.568400 0.300057
0.568600 0.303005
0.568800 0.305977
0.569000 0.308972
0.569200 0.311989
0.569400 0.315030
0.569600 0.318094
0.569800 0.321180
0.570000 0.324289
0.570200 0.327421
0.570400 0.330575
0.570600 0.333751
0.570800 0.336949
0.571000 0.340169
0.571200 0.343411
0.571400 0.346674
0.571600 0.349959
0.571800 0.353265
0.572000 0.356593
0.572200 0.359941
0.572400 0.363310
0.572600 0.366699
0.572800 0.370109
0.573000 0.373539
0.573200 0.376989
0.573400 0.380459
0.573600 0.383948
0.573800 0.387457
0.574000 0.390984
0.574200 0.394531
0.574400 0.398096
0.574600 0.401679
0.574800 0.405281
0.575000 0.408900
0.575200 0.412537
0.575400 0.416192
0.575600 0.419864
0.575800 0.423552
0.576000 0.427257
0.576200 0.430978
0.576400 0.434716
0.576600 0.438469
0.576800 0.442237
0.577000 0.446021
0.577200 0.449819
0.577400 0.453632
0.577600 0.457459
0.577800 0.461300
0.578000 0.465155
0.578200 0.469023
0.578400 0.472903
0.578600 0.476796
0.578800 0.480702
0.579000 0.484619
0.579200 0.488548
0.579400 0.492488
0.579600 0.496438
0.579800 0.500399
0.580000 0.504371
0.580200 0.508352
0.580400 0.512342
0.580600 0.516341
0.580800 0.520348
0.581000 0.524364
0.581200 0.528387
0.581400 0.532418
0.581600 0.536456
0.581800 0.540500
0.582000 0.544551
0.582200 0.548607
0.582400 0.552668
0.582600 0.556734
0.582800 0.560805
0.583000 0.564879
0.583200 0.568957
0.583400 0.573039
0.583600 0.577122
0.583800 0.581209
0.584000 0.585297
0.584200 0.589386
0.584400 0.593476
0.584600 0.597566
0.584800 0.601657
0.585000 0.605747
0.585200 0.609836
0.585400 0.613923
0.585600 0.618009
0.585800 0.622092
0.586000 0.626172
0.586200 0.630249
0.586400 0.634322
0.586600 0.638391
0.586800 0.642455
0.587000 0.646513
0.587200 0.650566
0.587400 0.654613
0.587600 0.658652
0.587800 0.662685
0.588000 0.666709
0.588200 0.670726
0.588400 0.674733
0.588600 0.678732
0.588800 0.682720
0.589000 0.686698
0.589200 0.690666
0.589400 0.694622
0.589600 0.698566
0.589800 0.702498
0.590000 0.706417
0.590200 0.710323
0.590400 0.714215
0.590600 0.718092
0.590800 0.721955
0.591000 0.725802
0.591200 0.729633
0.591400 0.733448
0.591600 0.737246
0.591800 0.741027
0.592000 0.744790
0.592200 0.748534
0.592400 0.752259
0.592600 0.755965
0.592800 0.759651
0.593000 0.763317
0.593200 0.766961
0.593400 0.770585
0.593600 0.774186
0.593800 0.777765
0.594000 0.781320
0.594200 0.784853
0.594400 0.788361
0.594600 0.791845
0.594800 0.795304
0.595000 0.798738
0.595200 0.802146
0.595400 0.805527
0.595600 0.808882
0.595800 0.812210
0.596000 0.815509
0.596200 0.818781
0.596400 0.822023
0.596600 0.825237
0.596800 0.828421
0.597000 0.831575
0.597200 0.834698
0.597400 0.837791
0.597600 0.840852
0.597800 0.843881
0.598000 0.846878
0.598200 0.849842
0.598400 0.852773
0.598600 0.855671
0.598800 0.858534
0.599000 0.861363
0.599200 0.864158
0.599400 0.866917
0.599600 0.869641
0.599800 0.872328
0.600000 0.874980
0.600200 0.877594
0.600400 0.880172
0.600600 0.882712
0.600800 0.885214
0.601000 0.887678
0.601200 0.890103
0.601400 0.892490
0.601600 0.894837
0.601800 0.897145
0.602000 0.899413
0.602200 0.901640
0.602400 0.903827
0.602600 0.905974
0.602800 0.908079
0.603000 0.910142
0.603200 0.912164
0.603400 0.914144
0.603600 0.916082
0.603800 0.917977
0.604000 0.919829
0.604200 0.921639
0.604400 0.923405
0.604600 0.925127
0.604800 0.926806
0.605000 0.928441
0.605200 0.930031
0.605400 0.931577
0.605600 0.933079
0.605800 0.934535
0.606000 0.935947
0.606200 0.937314
0.606400 0.938635
0.606600 0.939911
0.606800 0.941141
0.607000 0.942325
0.607200 0.943464
0.607400 0.944556
0.607600 0.945603
0.607800 0.946603
0.608000 0.947556
0.608200 0.948463
0.608400 0.949324
0.608600 0.950138
0.608800 0.950906
0.609000 0.951626
0.609200 0.952300
0.609400 0.952927
0.609600 0.953507
0.609800 0.954040
0.610000 0.954527
0.610200 0.954966
0.610400 0.955359
0.610600 0.955704
0.610800 0.956003
0.611000 0.956255
0.611200 0.956460
0.611400 0.956618
0.611600 0.956729
0.611800 0.956794
0.612000 0.956812
0.612200 0.956784
0.612400 0.956709
0.612600 0.956588
0.612800 0.956421
0.613000 0.956208
0.613200 0.955948
0.613400 0.955643
0.613600 0.955292
0.613800 0.954896
0.614000 0.954454
0.614200 0.953967
0.614400 0.953434
0.614600 0.952857
0.614800 0.952235
0.615000 0.951569
0.615200 0.950859
0.615400 0.950104
0.615600 0.949305
0.615800 0.948463
0.616000 0.947578
0.616200 0.946649
0.616400 0.945678
0.616600 0.944664
0.616800 0.943607
0.617000 0.942509
0.617200 0.941369
0.617400 0.940187
0.617600 0.938964
0.617800 0.937700
0.618000 0.936396
0.618200 0.935052
0.618400 0.933667
0.618600 0.932243
0.618800 0.930780
0.619000 0.929278
0.619200 0.927738
0.619400 0.926160
0.619600 0.924543
0.619800 0.922890
0.620000 0.921200
0.620200 0.919473
0.620400 0.917709
0.620600 0.915911
0.620800 0.914076
0.621000 0.912207
0.621200 0.910304
0.621400 0.908366
0.621600 0.906395
0.621800 0.904390
0.622000 0.902353
0.622200 0.900284
0.622400 0.898183
0.622600 0.896051
0.622800 0.893887
0.623000 0.891694
0.623200 0.889470
0.623400 0.887218
0.623600 0.884936
0.623800 0.882626
0.624000 0.880288
0.624200 0.877923
0.624400 0.875530
0.624600 0.873112
0.624800 0.870668
0.625000 0.868198
0.625200 0.865704
0.625400 0.863185
0.625600 0.860643
0.625800 0.858077
0.626000 0.855489
0.626200 0.852879
0.626400 0.850247
0.626600 0.847595
0.626800 0.844922
0.627000 0.842229
0.627200 0.839517
0.627400 0.836786
0.627600 0.834038
0.627800 0.831271
0.628000 0.828488
0.628200 0.825688
0.628400 0.822872
0.628600 0.820042
0.628800 0.817196
0.629000 0.814336
0.629200 0.811463
0.629400 0.808577
0.629600 0.805679
0.629800 0.802769
0.630000 0.799848
0.630200 0.796916
0.630400 0.793975
0.630600 0.791024
0.630800 0.788064
0.631000 0.785096
0.631200 0.782121
0.631400 0.779138
0.631600 0.776149
0.631800 0.773155
0.632000 0.770155
0.632200 0.767151
0.632400 0.764142
0.632600 0.761130
0.632800 0.758116
0.633000 0.755099
0.633200 0.752081
0.633400 0.749061
0.633600 0.746041
0.633800 0.743022
0.634000 0.740003
0.634200 0.736985
0.634400 0.733969
0.634600 0.730956
0.634800 0.727946
0.635000 0.724940
0.635200 0.721938
0.635400 0.718940
0.635600 0.715948
0.635800 0.712962
0.636000 0.709983
0.636200 0.707011
0.636400 0.704046
0.636600 0.701090
0.636800 0.698142
0.637000 0.695204
0.637200 0.692276
0.637400 0.689358
0.637600 0.686452
0.637800 0.683556
0.638000 0.680674
0.638200 0.677803
0.638400 0.674946
0.638600 0.672103
0.638800 0.669274
0.639000 0.666459
0.639200 0.663661
0.639400 0.660877
0.639600 0.658111
0.639800 0.655361
0.640000 0.652628
0.640200 0.649914
0.640400 0.647218
0.640600 0.644540
0.640800 0.641882
0.641000 0.639244
0.641200 0.636627
0.641400 0.634030
0.641600 0.631454
0.641800 0.628900
0.642000 0.626369
0.642200 0.623860
0.642400 0.621374
0.642600 0.618912
0.642800 0.616474
0.643000 0.614061
0.643200 0.611672
0.643400 0.609309
0.643600 0.606972
0.643800 0.604661
0.644000 0.602376
0.644200 0.600119
0.644400 0.597889
0.644600 0.595687
0.644800 0.593513
0.645000 0.591368
0.645200 0.589252
0.645400 0.587165
0.645600 0.585108
0.645800 0.583082
0.646000 0.581085
0.646200 0.579120
0.646400 0.577186
0.646600 0.575284
0.646800 0.573413
0.647000 0.571575
0.647200 0.569770
0.647400 0.567997
0.647600 0.566258
0.647800 0.564552
0.648000 0.562880
0.648200 0.561242
0.648400 0.559639
0.648600 0.558071
0.648800 0.556538
0.649000 0.555040
0.649200 0.553578
0.649400 0.552151
0.649600 0.550761
0.649800 0.549407
0.650000 0.548090
0.650200 0.546810
0.650400 0.545568
0.650600 0.544362
0.650800 0.543194
0.651000 0.542064
0.651200 0.540973
0.651400 0.539919
0.651600 0.538904
0.651800 0.537928
0.652000 0.536991
0.652200 0.536093
0.652400 0.535234
0.652600 0.534415
0.652800 0.533635
0.653000 0.532896
0.653200 0.532196
0.653400 0.531536
0.653600 0.530917
0.653800 0.530339
0.654000 0.529800
0.654200 0.529303
0.654400 0.528847
0.654600 0.528431
0.654800 0.528057
0.655000 0.527724
0.655200 0.527433
0.655400 0.527183
0.655600 0.526974
0.655800 0.526807
0.656000 0.526682
0.656200 0.526599
0.656400 0.526558
0.656600 0.526559
0.656800 0.526602
0.657000 0.526687
0.657200 0.526814
0.657400 0.526984
0.657600 0.527196
0.657800 0.527450
0.658000 0.527747
0.658200 0.528086
0.658400 0.528467
0.658600 0.528892
0.658800 0.529358
0.659000 0.529868
0.659200 0.530419
0.659400 0.531014
0.659600 0.531651
0.659800 0.532331
0.660000 0.533053
0.660200 0.533818
0.660400 0.534625
0.660600 0.535475
0.660800 0.536367
0.661000 0.537302
0.661200 0.538279
0.661400 0.539299
0.661600 0.540361
0.661800 0.541466
0.662000 0.542613
0.662200 0.543802
0.662400 0.545033
0.662600 0.546306
0.662800 0.547622
0.663000 0.548979
0.663200 0.550379
0.663400 0.551820
0.663600 0.553303
0.663800 0.554828
0.664000 0.556394
0.664200 0.558002
0.664400 0.559651
0.664600 0.561342
0.664800 0.563074
0.665000 0.564847
0.665200 0.566661
0.665400 0.568516
0.665600 0.570412
0.665800 0.572348
0.666000 0.574325
0.666200 0.576342
0.666400 0.578400
0.666600 0.580498
0.666800 0.582636
0.667000 0.584813
0.667200 0.587031
0.667400 0.589288
0.667600 0.591585
0.667800 0.593921
0.668000 0.596296
0.668200 0.598710
0.668400 0.601163
0.668600 0.603655
0.668800 0.606185
0.669000 0.608753
0.669200 0.611360
0.669400 0.614005
0.669600 0.616687
0.669800 0.619408
0.670000 0.622165
0.670200 0.624960
0.670400 0.627793
0.670600 0.630662
0.670800 0.633568
0.671000 0.636510
0.671200 0.639489
0.671400 0.642504
0.671600 0.645554
0.671800 0.648641
0.672000 0.651763
0.672200 0.654921
0.672400 0.658113
0.672600 0.661341
0.672800 0.664603
0.673000 0.667900
0.673200 0.671231
0.673400 0.674596
0.673600 0.677995
0.673800 0.681427
0.674000 0.684893
0.674200 0.688392
0.674400 0.691924
0.674600 0.695488
0.674800 0.699085
0.675000 0.702715
0.675200 0.706376
0.675400 0.710069
0.675600 0.713793
0.675800 0.717549
0.676000 0.721336
0.676200 0.725153
0.676400 0.729001
0.676600 0.732880
0.676800 0.736788
0.677000 0.740726
0.677200 0.744693
0.677400 0.748690
0.677600 0.752716
0.677800 0.756770
0.678000 0.760853
0.678200 0.764964
0.678400 0.769103
0.678600 0.773270
0.678800 0.777464
0.679000 0.781685
0.679200 0.785933
0.679400 0.790207
0.679600 0.794508
0.679800 0.798835
0.680000 0.803188
0.680200 0.807566
0.680400 0.811969
0.680600 0.816398
0.680800 0.820851
0.681000 0.825328
0.681200 0.829829
0.681400 0.834354
0.681600 0.838903
0.681800 0.843474
0.682000 0.848069
0.682200 0.852686
0.682400 0.857326
0.682600 0.861987
0.682800 0.866671
0.683000 0.871375
0.683200 0.876101
0.683400 0.880848
0.683600 0.885615
0.683800 0.890403
0.684000 0.895210
0.684200 0.900037
0.684400 0.904884
0.684600 0.909749
0.684800 0.914633
0.685000 0.919536
0.685200 0.924457
0.685400 0.929395
0.685600 0.934351
0.685800 0.939324
0.686000 0.944314
0.686200 0.949321
0.686400 0.954344
0.686600 0.959383
0.686800 0.964437
0.687000 0.969506
0.687200 0.974591
0.687400 0.979690
0.687600 0.984804
0.687800 0.989931
0.688000 0.995073
0.688200 1.000227
0.688400 1.005395
0.688600 1.010576
0.688800 1.015768
0.689000 1.020973
0.689200 1.026190
0.689400 1.031418
0.689600 1.036657
0.689800 1.041907
0.690000 1.047167
0.690200 1.052438
0.690400 1.057718
0.690600 1.063008
0.690800 1.068307
0.691000 1.073614
0.691200 1.078931
0.691400 1.084255
0.691600 1.089587
0.691800 1.094926
0.692000 1.100273
0.692200 1.105626
0.692400 1.110986
0.692600 1.116352
0.692800 1.121723
0.693000 1.127100
0.693200 1.132483
0.693400 1.137869
0.693600 1.143261
0.693800 1.148656
0.694000 1.154055
0.694200 1.159458
0.694400 1.164863
0.694600 1.170272
0.694800 1.175682
0.695000 1.181095
0.695200 1.186510
0.695400 1.191925
0.695600 1.197342
0.695800 1.202759
0.696000 1.208177
0.696200 1.213595
0.696400 1.219012
0.696600 1.224429
0.696800 1.229844
0.697000 1.235258
0.697200 1.240670
0.697400 1.246081
0.697600 1.251488
0.697800 1.256893
0.698000 1.262295
0.698200 1.267693
0.698400 1.273088
0.698600 1.278478
0.698800 1.283864
0.699000 1.289245
0.699200 1.294621
0.699400 1.299991
0.699600 1.305355
0.699800 1.310713
0.700000 1.316064
0.700200 1.321409
0.700400 1.326746
0.700600 1.332075
0.700800 1.337397
0.701000 1.342710
0.701200 1.348015
0.701400 1.353310
0.701600 1.358596
0.701800 1.363873
0.702000 1.369139
0.702200 1.374395
0.702400 1.379640
0.702600 1.384874
0.702800 1.390097
0.703000 1.395307
0.703200 1.400506
0.703400 1.405693
0.703600 1.410866
0.703800 1.416026
0.704000 1.421173
0.704200 1.426306
0.704400 1.431425
0.704600 1.436529
0.704800 1.441619
0.705000 1.446693
0.705200 1.451752
0.705400 1.456795
0.705600 1.461822
0.705800 1.466832
0.706000 1.471826
0.706200 1.476802
0.706400 1.481760
0.706600 1.486701
0.706800 1.491624
0.707000 1.496528
0.707200 1.501413
0.707400 1.506279
0.707600 1.511126
0.707800 1.515953
0.708000 1.520759
0.708200 1.525545
0.708400 1.530310
0.708600 1.535055
0.708800 1.539777
0.709000 1.544478
0.709200 1.549157
0.709400 1.553813
0.709600 1.558447
0.709800 1.563058
0.710000 1.567645
0.710200 1.572208
0.710400 1.576748
0.710600 1.581263
0.710800 1.585754
0.711000 1.590220
0.711200 1.594660
0.711400 1.599075
0.711600 1.603464
0.711800 1.607827
0.712000 1.612164
0.712200 1.616473
0.712400 1.620756
0.712600 1.625012
0.712800 1.629239
0.713000 1.633439
0.713200 1.637611
0.713400 1.641754
0.713600 1.645868
0.713800 1.649953
0.714000 1.654009
0.714200 1.658035
0.714400 1.662032
0.714600 1.665998
0.714800 1.669933
0.715000 1.673838
0.715200 1.677712
0.715400 1.681554
0.715600 1.685365
0.715800 1.689144
0.716000 1.692891
0.716200 1.696605
0.716400 1.700287
0.716600 1.703936
0.716800 1.707551
0.717000 1.711133
0.717200 1.714682
0.717400 1.718196
0.717600 1.721677
0.717800 1.725123
0.718000 1.728534
0.718200 1.731910
0.718400 1.735252
0.718600 1.738557
0.718800 1.741828
0.719000 1.745062
0.719200 1.748260
0.719400 1.751422
0.719600 1.754547
0.719800 1.757635
0.720000 1.760687
0.720200 1.763701
0.720400 1.766678
0.720600 1.769617
0.720800 1.772518
0.721000 1.775381
0.721200 1.778206
0.721400 1.780992
0.721600 1.783740
0.721800 1.786449
0.722000 1.789118
0.722200 1.791749
0.722400 1.794340
0.722600 1.796891
0.722800 1.799402
0.723000 1.801874
0.723200 1.804305
0.723400 1.806696
0.723600 1.809046
0.723800 1.811355
0.724000 1.813624
0.724200 1.815851
0.724400 1.818037
0.724600 1.820182
0.724800 1.822286
0.725000 1.824347
0.725200 1.826367
0.725400 1.828345
0.725600 1.830280
0.725800 1.832173
0.726000 1.834024
0.726200 1.835833
0.726400 1.837598
0.726600 1.839321
0.726800 1.841001
0.727000 1.842637
0.727200 1.844231
0.727400 1.845781
0.727600 1.847288
0.727800 1.848751
0.728000 1.850171
0.728200 1.851546
0.728400 1.852878
0.728600 1.854166
0.728800 1.855410
0.729000 1.856610
0.729200 1.857766
0.729400 1.858877
0.729600 1.859944
0.729800 1.860966
0.730000 1.861944
0.730200 1.862877
0.730400 1.863766
0.730600 1.864609
0.730800 1.865408
0.731000 1.866162
0.731200 1.866871
0.731400 1.867536
0.731600 1.868155
0.731800 1.868729
0.732000 1.869257
0.732200 1.869741
0.732400 1.870180
0.732600 1.870573
0.732800 1.870921
0.733000 1.871223
0.733200 1.871481
0.733400 1.871693
0.733600 1.871859
0.733800 1.871981
0.734000 1.872057
0.734200 1.872087
0.734400 1.872073
0.734600 1.872013
0.734800 1.871907
0.735000 1.871757
0.735200 1.871561
0.735400 1.871319
0.735600 1.871033
0.735800 1.870701
0.736000 1.870324
0.736200 1.869902
0.736400 1.869434
0.736600 1.868922
0.736800 1.868365
0.737000 1.867762
0.737200 1.867115
0.737400 1.866423
0.737600 1.865686
0.737800 1.864905
0.738000 1.864079
0.738200 1.863209
0.738400 1.862294
0.738600 1.861335
0.738800 1.860332
0.739000 1.859285
0.739200 1.858194
0.739400 1.857059
0.739600 1.855881
0.739800 1.854659
0.740000 1.853394
0.740200 1.852087
0.740400 1.850736
0.740600 1.849343
0.740800 1.847907
0.741000 1.846430
0.741200 1.844911
0.741400 1.843350
0.741600 1.841748
0.741800 1.840105
0.742000 1.838422
0.742200 1.836698
0.742400 1.834935
0.742600 1.833132
0.742800 1.831291
0.743000 1.829412
0.743200 1.827494
0.743400 1.825540
0.743600 1.823549
0.743800 1.821522
0.744000 1.819460
0.744200 1.817364
0.744400 1.815234
0.744600 1.813071
0.744800 1.810877
0.745000 1.808652
0.745200 1.806397
0.745400 1.804114
0.745600 1.801803
0.745800 1.799467
0.746000 1.797106
0.746200 1.794722
0.746400 1.792316
0.746600 1.789891
0.746800 1.787448
0.747000 1.784990
0.747200 1.782517
0.747400 1.780033
0.747600 1.777541
0.747800 1.775041
0.748000 1.772538
0.748200 1.770034
0.748400 1.767532
0.748600 1.765036
0.748800 1.762548
0.749000 1.760074
0.749200 1.757616
0.749400 1.755178
0.749600 1.752766
0.749800 1.750384
0.750000 1.748036
0.750200 1.745729
0.750400 1.743467
0.750600 1.741256
0.750800 1.739103
0.751000 1.737014
0.751200 1.734996
0.751400 1.733056
0.751600 1.731201
0.751800 1.729440
0.752000 1.727781
0.752200 1.726233
0.752400 1.724804
0.752600 1.723505
0.752800 1.722345
0.753000 1.721335
0.753200 1.720486
0.753400 1.719809
0.753600 1.719316
0.753800 1.719020
0.754000 1.718933
0.754200 1.719069
0.754400 1.719441
0.754600 1.720065
0.754800 1.720954
0.755000 1.722125
0.755200 1.723593
0.755400 1.725374
0.755600 1.727486
0.755800 1.729946
0.756000 1.732772
0.756200 1.735982
0.756400 1.739594
0.756600 1.743629
0.756800 1.748106
0.757000 1.753045
0.757200 1.758466
0.757400 1.764391
0.757600 1.770841
0.757800 1.777836
0.758000 1.785400
0.758200 1.793553
0.758400 1.802319
0.758600 1.811719
0.758800 1.821776
0.759000 1.832512
0.759200 1.843951
0.759400 1.856115
0.759600 1.869025
0.759800 1.882705
0.760000 1.897176
0.760200 1.912461
0.760400 1.928580
0.760600 1.945555
0.760800 1.963406
0.761000 1.982153
0.761200 2.001815
0.761400 2.022410
0.761600 2.043958
0.761800 2.066473
0.762000 2.089973
0.762200 2.114471
0.762400 2.139981
0.762600 2.166517
0.762800 2.194087
0.763000 2.222703
0.763200 2.252372
0.763400 2.283101
0.763600 2.314894
0.763800 2.347753
0.764000 2.381681
0.764200 2.416677
0.764400 2.452736
0.764600 2.489855
0.764800 2.528025
0.765000 2.567238
0.765200 2.607482
0.765400 2.648742
0.765600 2.691001
0.765800 2.734241
0.766000 2.778440
0.766200 2.823573
0.766400 2.869614
0.766600 2.916533
0.766800 2.964297
0.767000 3.012872
0.767200 3.062219
0.767400 3.112300
0.767600 3.163070
0.767800 3.214484
0.768000 3.266493
0.768200 3.319047
0.768400 3.372092
0.768600 3.425573
0.768800 3.479430
0.769000 3.533603
0.769200 3.588029
0.769400 3.642642
0.769600 3.697376
0.769800 3.752161
0.770000 3.806925
0.770200 3.861596
0.770400 3.916099
0.770600 3.970358
0.770800 4.024296
0.771000 4.077835
0.771200 4.130894
0.771400 4.183394
0.771600 4.235254
0.771800 4.286392
0.772000 4.336726
0.772200 4.386176
0.772400 4.434659
0.772600 4.482094
0.772800 4.528400
0.773000 4.573498
0.773200 4.617308
0.773400 4.659753
0.773600 4.700755
0.773800 4.740240
0.774000 4.778134
0.774200 4.814367
0.774400 4.848868
0.774600 4.881572
0.774800 4.912412
0.775000 4.941330
0.775200 4.968264
0.775400 4.993160
0.775600 5.015965
0.775800 5.036629
0.776000 5.055108
0.776200 5.071360
0.776400 5.085345
0.776600 5.097030
0.776800 5.106385
0.777000 5.113382
0.777200 5.118001
0.777400 5.120222
0.777600 5.120032
0.777800 5.117422
0.778000 5.112387
0.778200 5.104926
0.778400 5.095042
0.778600 5.082744
0.778800 5.068044
0.779000 5.050959
0.779200 5.031509
0.779400 5.009720
0.779600 4.985621
0.779800 4.959244
0.780000 4.930627
0.780200 4.899811
0.780400 4.866840
0.780600 4.831762
0.780800 4.794630
0.781000 4.755497
0.781200 4.714422
0.781400 4.671465
0.781600 4.626691
0.781800 4.580166
0.782000 4.531958
0.782200 4.482138
0.782400 4.430779
0.782600 4.377956
0.782800 4.323746
0.783000 4.268226
0.783200 4.211476
0.783400 4.153575
0.783600 4.094604
0.783800 4.034646
0.784000 3.973781
0.784200 3.912093
0.784400 3.849663
0.784600 3.786573
0.784800 3.722905
0.785000 3.658740
0.785200 3.594158
0.785400 3.529239
0.785600 3.464061
0.785800 3.398702
0.786000 3.333236
0.786200 3.267737
0.786400 3.202280
0.786600 3.136933
0.786800 3.071766
0.787000 3.006845
0.787200 2.942235
0.787400 2.877998
0.787600 2.814194
0.787800 2.750881
0.788000 2.688114
0.788200 2.625944
0.788400 2.564423
0.788600 2.503597
0.788800 2.443510
0.789000 2.384206
0.789200 2.325723
0.789400 2.268098
0.789600 2.211365
0.789800 2.155554
0.790000 2.100695
0.790200 2.046814
0.790400 1.993933
0.790600 1.942073
0.790800 1.891253
0.791000 1.841488
0.791200 1.792791
0.791400 1.745175
0.791600 1.698646
0.791800 1.653212
0.792000 1.608877
0.792200 1.565643
0.792400 1.523511
0.792600 1.482478
0.792800 1.442541
0.793000 1.403696
0.793200 1.365934
0.793400 1.329248
0.793600 1.293627
0.793800 1.259061
0.794000 1.225536
0.794200 1.193039
0.794400 1.161555
0.794600 1.131068
0.794800 1.101561
0.795000 1.073016
0.795200 1.045415
0.795400 1.018738
0.795600 0.992965
0.795800 0.968077
0.796000 0.944052
0.796200 0.920869
0.796400 0.898507
0.796600 0.876943
0.796800 0.856156
0.797000 0.836124
0.797200 0.816824
0.797400 0.798233
0.797600 0.780331
0.797800 0.763095
0.798000 0.746503
0.798200 0.730533
0.798400 0.715163
0.798600 0.700373
0.798800 0.686141
0.799000 0.672447
0.799200 0.659270
0.799400 0.646591
0.799600 0.634389
0.799800 0.622646
0.800000 0.611343
0.800200 0.600462
0.800400 0.589985
0.800600 0.579894
0.800800 0.570174
0.801000 0.560806
0.801200 0.551777
0.801400 0.543070
0.801600 0.534671
0.801800 0.526565
0.802000 0.518738
0.802200 0.511178
0.802400 0.503871
0.802600 0.496805
0.802800 0.489969
0.803000 0.483350
0.803200 0.476939
0.803400 0.470724
0.803600 0.464696
0.803800 0.458845
0.804000 0.453163
0.804200 0.447639
0.804400 0.442267
0.804600 0.437038
0.804800 0.431945
0.805000 0.426980
0.805200 0.422138
0.805400 0.417411
0.805600 0.412793
0.805800 0.408280
0.806000 0.403864
0.806200 0.399542
0.806400 0.395308
0.806600 0.391158
0.806800 0.387087
0.807000 0.383092
0.807200 0.379168
0.807400 0.375312
0.807600 0.371520
0.807800 0.367790
0.808000 0.364119
0.808200 0.360503
0.808400 0.356940
0.808600 0.353427
0.808800 0.349963
0.809000 0.346545
0.809200 0.343171
0.809400 0.339839
0.809600 0.336548
0.809800 0.333295
0.810000 0.330080
0.810200 0.326901
0.810400 0.323756
0.810600 0.320645
0.810800 0.317566
0.811000 0.314518
0.811200 0.311500
0.811400 0.308511
0.811600 0.305551
0.811800 0.302619
0.812000 0.299713
0.812200 0.296833
0.812400 0.293980
0.812600 0.291151
0.812800 0.288346
0.813000 0.285566
0.813200 0.282809
0.813400 0.280075
0.813600 0.277363
0.813800 0.274674
0.814000 0.272007
0.814200 0.269361
0.814400 0.266736
0.814600 0.264133
0.814800 0.261550
0.815000 0.258988
0.815200 0.256446
0.815400 0.253924
0.815600 0.251422
0.815800 0.248939
0.816000 0.246476
0.816200 0.244032
0.816400 0.241608
0.816600 0.239202
0.816800 0.236815
0.817000 0.234447
0.817200 0.232097
0.817400 0.229766
0.817600 0.227453
0.817800 0.225159
0.818000 0.222882
0.818200 0.220623
0.818400 0.218383
0.818600 0.216160
0.818800 0.213954
0.819000 0.211767
0.819200 0.209597
0.819400 0.207444
0.819600 0.205308
0.819800 0.203190
0.820000 0.201089
0.820200 0.199005
0.820400 0.196938
0.820600 0.194887
0.820800 0.192854
0.821000 0.190837
0.821200 0.188837
0.821400 0.186854
0.821600 0.184886
0.821800 0.182936
0.822000 0.181001
0.822200 0.179083
0.822400 0.177181
0.822600 0.175295
0.822800 0.173425
0.823000 0.171571
0.823200 0.169733
0.823400 0.167911
0.823600 0.166104
0.823800 0.164313
0.824000 0.162538
0.824200 0.160778
0.824400 0.159033
0.824600 0.157304
0.824800 0.155589
0.825000 0.153890
0.825200 0.152207
0.825400 0.150538
0.825600 0.148884
0.825800 0.147245
0.826000 0.145620
0.826200 0.144011
0.826400 0.142416
0.826600 0.140835
0.826800 0.139269
0.827000 0.137718
0.827200 0.136181
0.827400 0.134658
0.827600 0.133149
0.827800 0.131654
0.828000 0.130174
0.828200 0.128707
0.828400 0.127255
0.828600 0.125816
0.828800 0.124391
0.829000 0.122980
0.829200 0.121582
0.829400 0.120198
0.829600 0.118828
0.829800 0.117471
0.830000 0.116127
0.830200 0.114797
0.830400 0.113480
0.830600 0.112176
0.830800 0.110886
0.831000 0.109608
0.831200 0.108344
0.831400 0.107093
0.831600 0.105854
0.831800 0.104628
0.832000 0.103416
0.832200 0.102216
0.832400 0.101028
0.832600 0.099854
0.832800 0.098692
0.833000 0.097543
0.833200 0.096406
0.833400 0.095282
0.833600 0.094170
0.833800 0.093071
0.834000 0.091984
0.834200 0.090909
0.834400 0.089847
0.834600 0.088798
0.834800 0.087760
0.835000 0.086735
0.835200 0.085722
0.835400 0.084721
0.835600 0.083732
0.835800 0.082756
0.836000 0.081792
0.836200 0.080840
0.836400 0.079900
0.836600 0.078973
0.836800 0.078057
0.837000 0.077154
0.837200 0.076263
0.837400 0.075384
0.837600 0.074517
0.837800 0.073662
0.838000 0.072820
0.838200 0.071990
0.838400 0.071172
0.838600 0.070367
0.838800 0.069574
0.839000 0.068793
0.839200 0.068025
0.839400 0.067269
0.839600 0.066526
0.839800 0.065795
0.840000 0.065077
0.840200 0.064371
0.840400 0.063678
0.840600 0.062999
0.840800 0.062332
0.841000 0.061678
0.841200 0.061037
0.841400 0.060409
0.841600 0.059794
0.841800 0.059193
0.842000 0.058605
0.842200 0.058031
0.842400 0.057471
0.842600 0.056924
0.842800 0.056391
0.843000 0.055873
0.843200 0.055368
0.843400 0.054878
0.843600 0.054403
0.843800 0.053942
0.844000 0.053496
0.844200 0.053065
0.844400 0.052649
0.844600 0.052248
0.844800 0.051863
0.845000 0.051494
0.845200 0.051141
0.845400 0.050804
0.845600 0.050483
0.845800 0.050179
0.846000 0.049892
0.846200 0.049622
0.846400 0.049369
0.846600 0.049134
0.846800 0.048916
0.847000 0.048717
0.847200 0.048536
0.847400 0.048374
0.847600 0.048231
0.847800 0.048107
0.848000 0.048003
0.848200 0.047918
0.848400 0.047854
0.848600 0.047810
0.848800 0.047787
0.849000 0.047786
0.849200 0.047806
0.849400 0.047848
0.849600 0.047912
0.849800 0.047999
0.850000 0.048109
0.850200 0.048243
0.850400 0.048400
0.850600 0.048582
0.850800 0.048788
0.851000 0.049020
0.851200 0.049277
0.851400 0.049560
0.851600 0.049870
0.851800 0.050206
0.852000 0.050570
0.852200 0.050962
0.852400 0.051382
0.852600 0.051831
0.852800 0.052309
0.853000 0.052817
0.853200 0.053356
0.853400 0.053925
0.853600 0.054525
0.853800 0.055158
0.854000 0.055822
0.854200 0.056520
0.854400 0.057251
0.854600 0.058016
0.854800 0.058816
0.855000 0.059651
0.855200 0.060521
0.855400 0.061428
0.855600 0.062371
0.855800 0.063352
0.856000 0.064371
0.856200 0.065429
0.856400 0.066525
0.856600 0.067661
0.856800 0.068838
0.857000 0.070055
0.857200 0.071314
0.857400 0.072615
0.857600 0.073959
0.857800 0.075345
0.858000 0.076776
0.858200 0.078251
0.858400 0.079771
0.858600 0.081337
0.858800 0.082949
0.859000 0.084607
0.859200 0.086313
0.859400 0.088067
0.859600 0.089869
0.859800 0.091720
0.860000 0.093621
0.860200 0.095572
0.860400 0.097574
0.860600 0.099627
0.860800 0.101732
0.861000 0.103889
0.861200 0.106099
0.861400 0.108362
0.861600 0.110679
0.861800 0.113050
0.862000 0.115476
0.862200 0.117958
0.862400 0.120495
0.862600 0.123088
0.862800 0.125737
0.863000 0.128444
0.863200 0.131208
0.863400 0.134029
0.863600 0.136909
0.863800 0.139847
0.864000 0.142844
0.864200 0.145899
0.864400 0.149014
0.864600 0.152189
0.864800 0.155424
0.865000 0.158718
0.865200 0.162073
0.865400 0.165488
0.865600 0.168964
0.865800 0.172500
0.866000 0.176097
0.866200 0.179755
0.866400 0.183474
0.866600 0.187254
0.866800 0.191095
0.867000 0.194996
0.867200 0.198959
0.867400 0.202982
0.867600 0.207066
0.867800 0.211210
0.868000 0.215415
0.868200 0.219679
0.868400 0.224004
0.868600 0.228388
0.868800 0.232831
0.869000 0.237333
0.869200 0.241893
0.869400 0.246512
0.869600 0.251188
0.869800 0.255921
0.870000 0.260711
0.870200 0.265557
0.870400 0.270458
0.870600 0.275413
0.870800 0.280423
0.871000 0.285486
0.871200 0.290602
0.871400 0.295770
0.871600 0.300988
0.871800 0.306257
0.872000 0.311574
0.872200 0.316940
0.872400 0.322353
0.872600 0.327812
0.872800 0.333316
0.873000 0.338865
0.873200 0.344456
0.873400 0.350088
0.873600 0.355761
0.873800 0.361474
0.874000 0.367224
0.874200 0.373010
0.874400 0.378831
0.874600 0.384686
0.874800 0.390574
0.875000 0.396491
0.875200 0.402438
0.875400 0.408413
0.875600 0.414413
0.875800 0.420438
0.876000 0.426485
0.876200 0.432553
0.876400 0.438640
0.876600 0.444745
0.876800 0.450865
0.877000 0.456998
0.877200 0.463143
0.877400 0.469298
0.877600 0.475461
0.877800 0.481630
0.878000 0.487802
0.878200 0.493976
0.878400 0.500150
0.878600 0.506322
0.878800 0.512489
0.879000 0.518650
0.879200 0.524801
0.879400 0.530942
0.879600 0.537070
0.879800 0.543182
0.880000 0.549277
0.880200 0.555352
0.880400 0.561405
0.880600 0.567433
0.880800 0.573435
0.881000 0.579408
0.881200 0.585349
0.881400 0.591257
0.881600 0.597129
0.881800 0.602962
0.882000 0.608755
0.882200 0.614505
0.882400 0.620210
0.882600 0.625867
0.882800 0.631474
0.883000 0.637029
0.883200 0.642529
0.883400 0.647972
0.883600 0.653356
0.883800 0.658678
0.884000 0.663936
0.884200 0.669129
0.884400 0.674253
0.884600 0.679306
0.884800 0.684286
0.885000 0.689192
0.885200 0.694020
0.885400 0.698768
0.885600 0.703436
0.885800 0.708019
0.886000 0.712517
0.886200 0.716927
0.886400 0.721247
0.886600 0.725475
0.886800 0.729609
0.887000 0.733648
0.887200 0.737589
0.887400 0.741431
0.887600 0.745172
0.887800 0.748809
0.888000 0.752342
0.888200 0.755769
0.888400 0.759087
0.888600 0.762296
0.888800 0.765393
0.889000 0.768378
0.889200 0.771249
0.889400 0.774005
0.889600 0.776643
0.889800 0.779164
0.890000 0.781565
0.890200 0.783845
0.890400 0.786004
0.890600 0.788040
0.890800 0.789953
0.891000 0.791741
0.891200 0.793403
0.891400 0.794939
0.891600 0.796348
0.891800 0.797629
0.892000 0.798781
0.892200 0.799805
0.892400 0.800698
0.892600 0.801462
0.892800 0.802096
0.893000 0.802598
0.893200 0.802970
0.893400 0.803210
0.893600 0.803319
0.893800 0.803297
0.894000 0.803143
0.894200 0.802858
0.894400 0.802442
0.894600 0.801895
0.894800 0.801217
0.895000 0.800408
0.895200 0.799469
0.895400 0.798401
0.895600 0.797204
0.895800 0.795878
0.896000 0.794425
0.896200 0.792844
0.896400 0.791136
0.896600 0.789303
0.896800 0.787346
0.897000 0.785265
0.897200 0.783060
0.897400 0.780735
0.897600 0.778288
0.897800 0.775722
0.898000 0.773038
0.898200 0.770237
0.898400 0.767321
0.898600 0.764290
0.898800 0.761146
0.899000 0.757891
0.899200 0.754527
0.899400 0.751054
0.899600 0.747475
0.899800 0.743791
0.900000 0.740004
0.900200 0.736115
0.900400 0.732127
0.900600 0.728041
0.900800 0.723859
0.901000 0.719583
0.901200 0.715215
0.901400 0.710758
0.901600 0.706212
0.901800 0.701580
0.902000 0.696864
0.902200 0.692067
0.902400 0.687190
0.902600 0.682235
0.902800 0.677205
0.903000 0.672102
0.903200 0.666928
0.903400 0.661686
0.903600 0.656377
0.903800 0.651003
0.904000 0.645568
0.904200 0.640074
0.904400 0.634522
0.904600 0.628914
0.904800 0.623255
0.905000 0.617545
0.905200 0.611787
0.905400 0.605983
0.905600 0.600136
0.905800 0.594247
0.906000 0.588320
0.906200 0.582357
0.906400 0.576359
0.906600 0.570330
0.906800 0.564271
0.907000 0.558185
0.907200 0.552075
0.907400 0.545941
0.907600 0.539787
0.907800 0.533615
0.908000 0.527427
0.908200 0.521225
0.908400 0.515012
0.908600 0.508789
0.908800 0.502559
0.909000 0.496323
0.909200 0.490085
0.909400 0.483846
0.909600 0.477608
0.909800 0.471373
0.910000 0.465143
0.910200 0.458920
0.910400 0.452706
0.910600 0.446503
0.910800 0.440312
0.911000 0.434137
0.911200 0.427977
0.911400 0.421836
0.911600 0.415715
0.911800 0.409615
0.912000 0.403539
0.912200 0.397487
0.912400 0.391462
0.912600 0.385465
0.912800 0.379498
0.913000 0.373562
0.913200 0.367658
0.913400 0.361789
0.913600 0.355954
0.913800 0.350156
0.914000 0.344397
0.914200 0.338676
0.914400 0.332996
0.914600 0.327357
0.914800 0.321761
0.915000 0.316208
0.915200 0.310701
0.915400 0.305239
0.915600 0.299825
0.915800 0.294457
0.916000 0.289139
0.916200 0.283870
0.916400 0.278651
0.916600 0.273484
0.916800 0.268368
0.917000 0.263305
0.917200 0.258294
0.917400 0.253338
0.917600 0.248436
0.917800 0.243589
0.918000 0.238797
0.918200 0.234061
0.918400 0.229381
0.918600 0.224758
0.918800 0.220192
0.919000 0.215684
0.919200 0.211233
0.919400 0.206840
0.919600 0.202505
0.919800 0.198228
0.920000 0.194010
0.920200 0.189851
0.920400 0.185750
0.920600 0.181708
0.920800 0.177724
0.921000 0.173800
0.921200 0.169934
0.921400 0.166127
0.921600 0.162379
0.921800 0.158689
0.922000 0.155058
0.922200 0.151485
0.922400 0.147970
0.922600 0.144512
0.922800 0.141113
0.923000 0.137771
0.923200 0.134485
0.923400 0.131257
0.923600 0.128085
0.923800 0.124969
0.924000 0.121910
0.924200 0.118905
0.924400 0.115955
0.924600 0.113061
0.924800 0.110220
0.925000 0.107433
0.925200 0.104699
0.925400 0.102018
0.925600 0.099390
0.925800 0.096813
0.926000 0.094288
0.926200 0.091813
0.926400 0.089389
0.926600 0.087014
0.926800 0.084689
0.927000 0.082412
0.927200 0.080184
0.927400 0.078003
0.927600 0.075868
0.927800 0.073780
0.928000 0.071738
0.928200 0.069741
0.928400 0.067788
0.928600 0.065879
0.928800 0.064013
0.929000 0.062190
0.929200 0.060409
0.929400 0.058670
0.929600 0.056971
0.929800 0.055312
0.930000 0.053693
0.930200 0.052113
0.930400 0.050570
0.930600 0.049066
0.930800 0.047598
0.931000 0.046167
0.931200 0.044771
0.931400 0.043411
0.931600 0.042085
0.931800 0.040792
0.932000 0.039533
0.932200 0.038307
0.932400 0.037112
0.932600 0.035949
0.932800 0.034817
0.933000 0.033714
0.933200 0.032642
0.933400 0.031598
0.933600 0.030582
0.933800 0.029595
0.934000 0.028634
0.934200 0.027701
0.934400 0.026793
0.934600 0.025911
0.934800 0.025053
0.935000 0.024220
0.935200 0.023411
0.935400 0.022626
0.935600 0.021863
0.935800 0.021122
0.936000 0.020403
0.936200 0.019705
0.936400 0.019028
0.936600 0.018372
0.936800 0.017735
0.937000 0.017117
0.937200 0.016518
0.937400 0.015938
0.937600 0.015375
0.937800 0.014830
0.938000 0.014302
0.938200 0.013790
0.938400 0.013295
0.938600 0.012815
0.938800 0.012350
0.939000 0.011901
0.939200 0.011466
0.939400 0.011045
0.939600 0.010637
0.939800 0.010243
0.940000 0.009863
0.940200 0.009494
0.940400 0.009138
0.940600 0.008794
0.940800 0.008461
0.941000 0.008140
0.941200 0.007830
0.941400 0.007530
0.941600 0.007240
0.941800 0.006961
0.942000 0.006691
0.942200 0.006431
0.942400 0.006180
0.942600 0.005937
0.942800 0.005703
0.943000 0.005478
0.943200 0.005260
0.943400 0.005051
0.943600 0.004849
0.943800 0.004654
0.944000 0.004467
0.944200 0.004286
0.944400 0.004112
0.944600 0.003944
0.944800 0.003783
0.945000 0.003627
0.945200 0.003478
0.945400 0.003334
0.945600 0.003195
0.945800 0.003062
0.946000 0.002934
0.946200 0.002811
0.946400 0.002692
0.946600 0.002578
0.946800 0.002469
0.947000 0.002364
0.947200 0.002263
0.947400 0.002166
0.947600 0.002072
0.947800 0.001983
0.948000 0.001897
0.948200 0.001814
0.948400 0.001735
0.948600 0.001659
0.948800 0.001586
0.949000 0.001516
0.949200 0.001449
0.949400 0.001385
0.949600 0.001323
0.949800 0.001264
0.950000 0.001208
0.950200 0.001153
0.950400 0.001101
0.950600 0.001052
0.950800 0.001004
0.951000 0.000958
0.951200 0.000915
0.951400 0.000873
0.951600 0.000833
0.951800 0.000794
0.952000 0.000758
0.952200 0.000723
0.952400 0.000689
0.952600 0.000657
0.952800 0.000627
0.953000 0.000597
0.953200 0.000569
0.953400 0.000543
0.953600 0.000517
0.953800 0.000493
0.954000 0.000470
0.954200 0.000447
0.954400 0.000426
0.954600 0.000406
0.954800 0.000387
0.955000 0.000368
0.955200 0.000351
0.955400 0.000334
0.955600 0.000318
0.955800 0.000303
0.956000 0.000288
0.956200 0.000274
0.956400 0.000261
0.956600 0.000249
0.956800 0.000237
0.957000 0.000225
0.957200 0.000215
0.957400 0.000204
0.957600 0.000194
0.957800 0.000185
0.958000 0.000176
0.958200 0.000168
0.958400 0.000160
0.958600 0.000152
0.958800 0.000145
0.959000 0.000138
0.959200 0.000132
0.959400 0.000125
0.959600 0.000120
0.959800 0.000114
0.960000 0.000109
0.960200 0.000104
0.960400 0.000099
0.960600 0.000094
0.960800 0.000090
0.961000 0.000086
0.961200 0.000082
0.961400 0.000079
0.961600 0.000075
0.961800 0.000072
0.962000 0.000069
0.962200 0.000066
0.962400 0.000063
0.962600 0.000061
0.962800 0.000058
0.963000 0.000056
0.963200 0.000054
0.963400 0.000052
0.963600 0.000050
0.963800 0.000048
0.964000 0.000046
0.964200 0.000045
0.964400 0.000043
0.964600 0.000042
0.964800 0.000041
0.965000 0.000039
0.965200 0.000038
0.965400 0.000037
0.965600 0.000036
0.965800 0.000035
0.966000 0.000034
0.966200 0.000034
0.966400 0.000033
0.966600 0.000032
0.966800 0.000031
0.967000 0.000031
0.967200 0.000030
0.967400 0.000030
0.967600 0.000029
0.967800 0.000029
0.968000 0.000029
0.968200 0.000028
0.968400 0.000028
0.968600 0.000028
0.968800 0.000027
0.969000 0.000027
0.969200 0.000027
0.969400 0.000027
0.969600 0.000027
0.969800 0.000027
0.970000 0.000027
0.970200 0.000026
0.970400 0.000026
0.970600 0.000026
0.970800 0.000026
0.971000 0.000026
0.971200 0.000027
0.971400 0.000027
0.971600 0.000027
0.971800 0.000027
0.972000 0.000027
0.972200 0.000027
0.972400 0.000027
0.972600 0.000027
0.972800 0.000027
0.973000 0.000028
0.973200 0.000028
0.973400 0.000028
0.973600 0.000028
0.973800 0.000028
0.974000 0.000029
0.974200 0.000029
0.974400 0.000029
0.974600 0.000029
0.974800 0.000030
0.975000 0.000030
0.975200 0.000030
0.975400 0.000031
0.975600 0.000031
0.975800 0.000031
0.976000 0.000031
0.976200 0.000032
0.976400 0.000032
0.976600 0.000032
0.976800 0.000033
0.977000 0.000033
0.977200 0.000034
0.977400 0.000034
0.977600 0.000034
0.977800 0.000035
0.978000 0.000035
0.978200 0.000035
0.978400 0.000036
0.978600 0.000036
0.978800 0.000037
0.979000 0.000037
0.979200 0.000037
0.979400 0.000038
0.979600 0.000038
0.979800 0.000039
0.980000 0.000039
0.980200 0.000040
0.980400 0.000040
0.980600 0.000041
0.980800 0.000041
0.981000 0.000042
0.981200 0.000042
0.981400 0.000043
0.981600 0.000043
0.981800 0.000044
0.982000 0.000044
0.982200 0.000045
0.982400 0.000045
0.982600 0.000046
0.982800 0.000046
0.983000 0.000047
0.983200 0.000047
0.983400 0.000048
0.983600 0.000048
0.983800 0.000049
0.984000 0.000050
0.984200 0.000050
0.984400 0.000051
0.984600 0.000051
0.984800 0.000052
0.985000 0.000053
0.985200 0.000053
0.985400 0.000054
0.985600 0.000055
0.985800 0.000055
0.986000 0.000056
0.986200 0.000057
0.986400 0.000057
0.986600 0.000058
0.986800 0.000059
0.987000 0.000059
0.987200 0.000060
0.987400 0.000061
0.987600 0.000061
0.987800 0.000062
0.988000 0.000063
0.988200 0.000064
0.988400 0.000064
0.988600 0.000065
0.988800 0.000066
0.989000 0.000067
0.989200 0.000067
0.989400 0.000068
0.989600 0.000069
0.989800 0.000070
0.990000 0.000071
0.990200 0.000071
0.990400 0.000072
0.990600 0.000073
0.990800 0.000074
0.991000 0.000075
0.991200 0.000076
0.991400 0.000077
0.991600 0.000077
0.991800 0.000078
0.992000 0.000079
0.992200 0.000080
0.992400 0.000081
0.992600 0.000082
0.992800 0.000083
0.993000 0.000084
0.993200 0.000085
0.993400 0.000086
0.993600 0.000087
0.993800 0.000088
0.994000 0.000089
0.994200 0.000090
0.994400 0.000091
0.994600 0.000092
0.994800 0.000093
0.995000 0.000094
0.995200 0.000095
0.995400 0.000096
0.995600 0.000098
0.995800 0.000099
0.996000 0.000100
0.996200 0.000101
0.996400 0.000102
0.996600 0.000103
0.996800 0.000105
0.997000 0.000106
0.997200 0.000107
0.997400 0.000108
0.997600 0.000109
0.997800 0.000111
0.998000 0.000112
0.998200 0.000113
0.998400 0.000115
0.998600 0.000116
0.998800 0.000117
0.999000 0.000119
0.999200 0.000120
0.999400 0.000121
0.999600 0.000123
0.999800 0.000124
