0.000000 1.090252
0.000200 1.095109
0.000400 1.099966
0.000600 1.104826
0.000800 1.109686
0.001000 1.114547
0.001200 1.119409
0.001400 1.124272
0.001600 1.129135
0.001800 1.133998
0.002000 1.138861
0.002200 1.143724
0.002400 1.148587
0.002600 1.153449
0.002800 1.158311
0.003000 1.163171
0.003200 1.168030
0.003400 1.172889
0.003600 1.177745
0.003800 1.182600
0.004000 1.187453
0.004200 1.192304
0.004400 1.197152
0.004600 1.201999
0.004800 1.206842
0.005000 1.211683
0.005200 1.216520
0.005400 1.221354
0.005600 1.226185
0.005800 1.231012
0.006000 1.235835
0.006200 1.240654
0.006400 1.245469
0.006600 1.250280
0.006800 1.255085
0.007000 1.259886
0.007200 1.264682
0.007400 1.269472
0.007600 1.274257
0.007800 1.279037
0.008000 1.283810
0.008200 1.288578
0.008400 1.293339
0.008600 1.298093
0.008800 1.302841
0.009000 1.307582
0.009200 1.312316
0.009400 1.317042
0.009600 1.321761
0.009800 1.326473
0.010000 1.331176
0.010200 1.335871
0.010400 1.340558
0.010600 1.345237
0.010800 1.349906
0.011000 1.354567
0.011200 1.359219
0.011400 1.363861
0.011600 1.368493
0.011800 1.373116
0.012000 1.377729
0.012200 1.382332
0.012400 1.386924
0.012600 1.391506
0.012800 1.396077
0.013000 1.400637
0.013200 1.405186
0.013400 1.409723
0.013600 1.414249
0.013800 1.418763
0.014000 1.423265
0.014200 1.427755
0.014400 1.432232
0.014600 1.436697
0.014800 1.441149
0.015000 1.445588
0.015200 1.450013
0.015400 1.454426
0.015600 1.458824
0.015800 1.463209
0.016000 1.467580
0.016200 1.471937
0.016400 1.476279
0.016600 1.480606
0.016800 1.484919
0.017000 1.489217
0.017200 1.493500
0.017400 1.497767
0.017600 1.502019
0.017800 1.506254
0.018000 1.510474
0.018200 1.514678
0.018400 1.518865
0.018600 1.523036
0.018800 1.527190
0.019000 1.531327
0.019200 1.535447
0.019400 1.539550
0.019600 1.543635
0.019800 1.547702
0.020000 1.551752
0.020200 1.555784
0.020400 1.559797
0.020600 1.563792
0.020800 1.567768
0.021000 1.571725
0.021200 1.575664
0.021400 1.579583
0.021600 1.583483
0.021800 1.587364
0.022000 1.591224
0.022200 1.595065
0.022400 1.598886
0.022600 1.602687
0.022800 1.606467
0.023000 1.610227
0.023200 1.613966
0.023400 1.617684
0.023600 1.621381
0.023800 1.625057
0.024000 1.628711
0.024200 1.632344
0.024400 1.635955
0.024600 1.639544
0.024800 1.643111
0.025000 1.646656
0.025200 1.650178
0.025400 1.653678
0.025600 1.657156
0.025800 1.660610
0.026000 1.664041
0.026200 1.667449
0.026400 1.670834
0.026600 1.674196
0.026800 1.677534
0.027000 1.680848
0.027200 1.684138
0.027400 1.687404
0.027600 1.690646
0.027800 1.693863
0.028000 1.697057
0.028200 1.700225
0.028400 1.703369
0.028600 1.706488
0.028800 1.709581
0.029000 1.712650
0.029200 1.715693
0.029400 1.718711
0.029600 1.721704
0.029800 1.724671
0.030000 1.727612
0.030200 1.730527
0.030400 1.733416
0.030600 1.736278
0.030800 1.739115
0.031000 1.741925
0.031200 1.744709
0.031400 1.747466
0.031600 1.750196
0.031800 1.752899
0.032000 1.755576
0.032200 1.758225
0.032400 1.760847
0.032600 1.763442
0.032800 1.766010
0.033000 1.768550
0.033200 1.771062
0.033400 1.773547
0.033600 1.776004
0.033800 1.778433
0.034000 1.780834
0.034200 1.783208
0.034400 1.785553
0.034600 1.787870
0.034800 1.790158
0.035000 1.792418
0.035200 1.794650
0.035400 1.796853
0.035600 1.799028
0.035800 1.801174
0.036000 1.803291
0.036200 1.805379
0.036400 1.807439
0.036600 1.809469
0.036800 1.811470
0.037000 1.813443
0.037200 1.815386
0.037400 1.817300
0.037600 1.819185
0.037800 1.821040
0.038000 1.822866
0.038200 1.824662
0.038400 1.826430
0.038600 1.828167
0.038800 1.829875
0.039000 1.831553
0.039200 1.833202
0.039400 1.834821
0.039600 1.836410
0.039800 1.837970
0.040000 1.839500
0.040200 1.840999
0.040400 1.842469
0.040600 1.843910
0.040800 1.845320
0.041000 1.846700
0.041200 1.848050
0.041400 1.849371
0.041600 1.850661
0.041800 1.851921
0.042000 1.853152
0.042200 1.854352
0.042400 1.855522
0.042600 1.856662
0.042800 1.857772
0.043000 1.858852
0.043200 1.859902
0.043400 1.860922
0.043600 1.861912
0.043800 1.862872
0.044000 1.863802
0.044200 1.864702
0.044400 1.865571
0.044600 1.866411
0.044800 1.867221
0.045000 1.868000
0.045200 1.868750
0.045400 1.869470
0.045600 1.870160
0.045800 1.870820
0.046000 1.871450
0.046200 1.872050
0.046400 1.872621
0.046600 1.873162
0.046800 1.873673
0.047000 1.874154
0.047200 1.874605
0.047400 1.875027
0.047600 1.875420
0.047800 1.875783
0.048000 1.876116
0.048200 1.876420
0.048400 1.876695
0.048600 1.876940
0.048800 1.877156
0.049000 1.877343
0.049200 1.877500
0.049400 1.877629
0.049600 1.877728
0.049800 1.877799
0.050000 1.877840
0.050200 1.877853
0.050400 1.877837
0.050600 1.877792
0.050800 1.877718
0.051000 1.877617
0.051200 1.877486
0.051400 1.877327
0.051600 1.877140
0.051800 1.876925
0.052000 1.876681
0.052200 1.876409
0.052400 1.876110
0.052600 1.875782
0.052800 1.875427
0.053000 1.875044
0.053200 1.874634
0.053400 1.874195
0.053600 1.873730
0.053800 1.873237
0.054000 1.872717
0.054200 1.872170
0.054400 1.871596
0.054600 1.870995
0.054800 1.870367
0.055000 1.869712
0.055200 1.869031
0.055400 1.868324
0.055600 1.867590
0.055800 1.866830
0.056000 1.866044
0.056200 1.865232
0.056400 1.864394
0.056600 1.863530
0.056800 1.862641
0.057000 1.861726
0.057200 1.860786
0.057400 1.859820
0.057600 1.858830
0.057800 1.857814
0.058000 1.856774
0.058200 1.855709
0.058400 1.854619
0.058600 1.853505
0.058800 1.852367
0.059000 1.851204
0.059200 1.850018
0.059400 1.848808
0.059600 1.847573
0.059800 1.846316
0.060000 1.845035
0.060200 1.843730
0.060400 1.842403
0.060600 1.841053
0.060800 1.839679
0.061000 1.838283
0.061200 1.836865
0.061400 1.835424
0.061600 1.833961
0.061800 1.832476
0.062000 1.830969
0.062200 1.829441
0.062400 1.827890
0.062600 1.826319
0.062800 1.824726
0.063000 1.823112
0.063200 1.821477
0.063400 1.819821
0.063600 1.818145
0.063800 1.816449
0.064000 1.814732
0.064200 1.812995
0.064400 1.811238
0.064600 1.809461
0.064800 1.807665
0.065000 1.805850
0.065200 1.804015
0.065400 1.802162
0.065600 1.800289
0.065800 1.798398
0.066000 1.796488
0.066200 1.794560
0.066400 1.792614
0.066600 1.790650
0.066800 1.788668
0.067000 1.786668
0.067200 1.784651
0.067400 1.782617
0.067600 1.780566
0.067800 1.778498
0.068000 1.776413
0.068200 1.774312
0.068400 1.772195
0.068600 1.770061
0.068800 1.767911
0.069000 1.765746
0.069200 1.763565
0.069400 1.761369
0.069600 1.759158
0.069800 1.756931
0.070000 1.754690
0.070200 1.752434
0.070400 1.750164
0.070600 1.747880
0.070800 1.745581
0.071000 1.743269
0.071200 1.740943
0.071400 1.738604
0.071600 1.736251
0.071800 1.733885
0.072000 1.731507
0.072200 1.729115
0.072400 1.726712
0.072600 1.724295
0.072800 1.721867
0.073000 1.719427
0.073200 1.716975
0.073400 1.714512
0.073600 1.712038
0.073800 1.709552
0.074000 1.707055
0.074200 1.704548
0.074400 1.702030
0.074600 1.699501
0.074800 1.696963
0.075000 1.694415
0.075200 1.691856
0.075400 1.689289
0.075600 1.686712
0.075800 1.684125
0.076000 1.681530
0.076200 1.678926
0.076400 1.676313
0.076600 1.673692
0.076800 1.671063
0.077000 1.668426
0.077200 1.665781
0.077400 1.663128
0.077600 1.660468
0.077800 1.657800
0.078000 1.655126
0.078200 1.652445
0.078400 1.649757
0.078600 1.647062
0.078800 1.644361
0.079000 1.641655
0.079200 1.638942
0.079400 1.636223
0.079600 1.633499
0.079800 1.630770
0.080000 1.628036
0.080200 1.625296
0.080400 1.622552
0.080600 1.619804
0.080800 1.617050
0.081000 1.614293
0.081200 1.611532
0.081400 1.608767
0.081600 1.605998
0.081800 1.603225
0.082000 1.600450
0.082200 1.597671
0.082400 1.594890
0.082600 1.592105
0.082800 1.589318
0.083000 1.586529
0.083200 1.583738
0.083400 1.580944
0.083600 1.578149
0.083800 1.575352
0.084000 1.572554
0.084200 1.569754
0.084400 1.566953
0.084600 1.564151
0.084800 1.561349
0.085000 1.558545
0.085200 1.555742
0.085400 1.552938
0.085600 1.550134
0.085800 1.547330
0.086000 1.544526
0.086200 1.541723
0.086400 1.538920
0.086600 1.536119
0.086800 1.533318
0.087000 1.530518
0.087200 1.527719
0.087400 1.524922
0.087600 1.522126
0.087800 1.519332
0.088000 1.516540
0.088200 1.513750
0.088400 1.510962
0.088600 1.508177
0.088800 1.505394
0.089000 1.502614
0.089200 1.499836
0.089400 1.497062
0.089600 1.494290
0.089800 1.491522
0.090000 1.488758
0.090200 1.485997
0.090400 1.483239
0.090600 1.480486
0.090800 1.477737
0.091000 1.474991
0.091200 1.472251
0.091400 1.469514
0.091600 1.466782
0.091800 1.464055
0.092000 1.461333
0.092200 1.458616
0.092400 1.455904
0.092600 1.453197
0.092800 1.450496
0.093000 1.447800
0.093200 1.445110
0.093400 1.442425
0.093600 1.439747
0.093800 1.437075
0.094000 1.434409
0.094200 1.431749
0.094400 1.429096
0.094600 1.426449
0.094800 1.423809
0.095000 1.421176
0.095200 1.418550
0.095400 1.415930
0.095600 1.413318
0.095800 1.410714
0.096000 1.408116
0.096200 1.405527
0.096400 1.402944
0.096600 1.400370
0.096800 1.397804
0.097000 1.395245
0.097200 1.392695
0.097400 1.390152
0.097600 1.387618
0.097800 1.385093
0.098000 1.382575
0.098200 1.380067
0.098400 1.377567
0.098600 1.375076
0.098800 1.372594
0.099000 1.370121
0.099200 1.367657
0.099400 1.365202
0.099600 1.362756
0.099800 1.360320
0.100000 1.357893
0.100200 1.355476
0.100400 1.353068
0.100600 1.350670
0.100800 1.348282
0.101000 1.345904
0.101200 1.343535
0.101400 1.341177
0.101600 1.338829
0.101800 1.336491
0.102000 1.334163
0.102200 1.331846
0.102400 1.329539
0.102600 1.327243
0.102800 1.324957
0.103000 1.322682
0.103200 1.320417
0.103400 1.318163
0.103600 1.315920
0.103800 1.313688
0.104000 1.311468
0.104200 1.309258
0.104400 1.307059
0.104600 1.304871
0.104800 1.302695
0.105000 1.300529
0.105200 1.298375
0.105400 1.296233
0.105600 1.294102
0.105800 1.291982
0.106000 1.289874
0.106200 1.287778
0.106400 1.285693
0.106600 1.283620
0.106800 1.281559
0.107000 1.279509
0.107200 1.277471
0.107400 1.275446
0.107600 1.273432
0.107800 1.271430
0.108000 1.269440
0.108200 1.267462
0.108400 1.265496
0.108600 1.263542
0.108800 1.261600
0.109000 1.259671
0.109200 1.257753
0.109400 1.255848
0.109600 1.253955
0.109800 1.252075
0.110000 1.250206
0.110200 1.248350
0.110400 1.246507
0.110600 1.244676
0.110800 1.242857
0.111000 1.241050
0.111200 1.239256
0.111400 1.237475
0.111600 1.235706
0.111800 1.233950
0.112000 1.232206
0.112200 1.230474
0.112400 1.228755
0.112600 1.227049
0.112800 1.225355
0.113000 1.223674
0.113200 1.222005
0.113400 1.220349
0.113600 1.218706
0.113800 1.217075
0.114000 1.215457
0.114200 1.213851
0.114400 1.212258
0.114600 1.210678
0.114800 1.209110
0.115000 1.207555
0.115200 1.206012
0.115400 1.204482
0.115600 1.202965
0.115800 1.201460
0.116000 1.199968
0.116200 1.198488
0.116400 1.197021
0.116600 1.195567
0.116800 1.194125
0.117000 1.192696
0.117200 1.191279
0.117400 1.189875
0.117600 1.188483
0.117800 1.187104
0.118000 1.185737
0.118200 1.184383
0.118400 1.183041
0.118600 1.181711
0.118800 1.180394
0.119000 1.179090
0.119200 1.177797
0.119400 1.176517
0.119600 1.175250
0.119800 1.173995
0.120000 1.172752
0.120200 1.171521
0.120400 1.170302
0.120600 1.169096
0.120800 1.167902
0.121000 1.166720
0.121200 1.165550
0.121400 1.164392
0.121600 1.163246
0.121800 1.162112
0.122000 1.160991
0.122200 1.159881
0.122400 1.158783
0.122600 1.157697
0.122800 1.156623
0.123000 1.155561
0.123200 1.154510
0.123400 1.153471
0.123600 1.152444
0.123800 1.151429
0.124000 1.150425
0.124200 1.149433
0.124400 1.148452
0.124600 1.147483
0.124800 1.146525
0.125000 1.145579
0.125200 1.144644
0.125400 1.143721
0.125600 1.142808
0.125800 1.141907
0.126000 1.141018
0.126200 1.140139
0.126400 1.139271
0.126600 1.138415
0.126800 1.137569
0.127000 1.136735
0.127200 1.135911
0.127400 1.135098
0.127600 1.134296
0.127800 1.133505
0.128000 1.132725
0.128200 1.131955
0.128400 1.131196
0.128600 1.130447
0.128800 1.129709
0.129000 1.128981
0.129200 1.128264
0.129400 1.127557
0.129600 1.126860
0.129800 1.126173
0.130000 1.125497
0.130200 1.124831
0.130400 1.124175
0.130600 1.123529
0.130800 1.122892
0.131000 1.122266
0.131200 1.121649
0.131400 1.121043
0.131600 1.120446
0.131800 1.119858
0.132000 1.119280
0.132200 1.118712
0.132400 1.118153
0.132600 1.117604
0.132800 1.117064
0.133000 1.116533
0.133200 1.116011
0.133400 1.115499
0.133600 1.114996
0.133800 1.114501
0.134000 1.114016
0.134200 1.113540
0.134400 1.113072
0.134600 1.112613
0.134800 1.112163
0.135000 1.111722
0.135200 1.111289
0.135400 1.110865
0.135600 1.110449
0.135800 1.110041
0.136000 1.109642
0.136200 1.109251
0.136400 1.108869
0.136600 1.108494
0.136800 1.108128
0.137000 1.107769
0.137200 1.107419
0.137400 1.107076
0.137600 1.106741
0.137800 1.106414
0.138000 1.106094
0.138200 1.105782
0.138400 1.105478
0.138600 1.105181
0.138800 1.104891
0.139000 1.104609
0.139200 1.104334
0.139400 1.104066
0.139600 1.103806
0.139800 1.103552
0.140000 1.103305
0.140200 1.103066
0.140400 1.102833
0.140600 1.102607
0.140800 1.102387
0.141000 1.102175
0.141200 1.101968
0.141400 1.101769
0.141600 1.101575
0.141800 1.101389
0.142000 1.101208
0.142200 1.101034
0.142400 1.100866
0.142600 1.100703
0.142800 1.100547
0.143000 1.100397
0.143200 1.100253
0.143400 1.100115
0.143600 1.099982
0.143800 1.099855
0.144000 1.099734
0.144200 1.099618
0.144400 1.099507
0.144600 1.099402
0.144800 1.099303
0.145000 1.099209
0.145200 1.099119
0.145400 1.099035
0.145600 1.098956
0.145800 1.098883
0.146000 1.098814
0.146200 1.098749
0.146400 1.098690
0.146600 1.098635
0.146800 1.098585
0.147000 1.098540
0.147200 1.098499
0.147400 1.098463
0.147600 1.098431
0.147800 1.098403
0.148000 1.098380
0.148200 1.098360
0.148400 1.098345
0.148600 1.098334
0.148800 1.098327
0.149000 1.098324
0.149200 1.098325
0.149400 1.098329
0.149600 1.098338
0.149800 1.098350
0.150000 1.098365
0.150200 1.098384
0.150400 1.098407
0.150600 1.098432
0.150800 1.098462
0.151000 1.098494
0.151200 1.098530
0.151400 1.098569
0.151600 1.098611
0.151800 1.098656
0.152000 1.098704
0.152200 1.098754
0.152400 1.098808
0.152600 1.098864
0.152800 1.098923
0.153000 1.098985
0.153200 1.099049
0.153400 1.099116
0.153600 1.099186
0.153800 1.099257
0.154000 1.099331
0.154200 1.099407
0.154400 1.099486
0.154600 1.099567
0.154800 1.099649
0.155000 1.099734
0.155200 1.099821
0.155400 1.099909
0.155600 1.100000
0.155800 1.100092
0.156000 1.100186
0.156200 1.100282
0.156400 1.100379
0.156600 1.100478
0.156800 1.100578
0.157000 1.100680
0.157200 1.100783
0.157400 1.100887
0.157600 1.100993
0.157800 1.101100
0.158000 1.101208
0.158200 1.101317
0.158400 1.101427
0.158600 1.101538
0.158800 1.101651
0.159000 1.101764
0.159200 1.101877
0.159400 1.101992
0.159600 1.102107
0.159800 1.102223
0.160000 1.102340
0.160200 1.102457
0.160400 1.102575
0.160600 1.102693
0.160800 1.102811
0.161000 1.102930
0.161200 1.103049
0.161400 1.103168
0.161600 1.103288
0.161800 1.103407
0.162000 1.103527
0.162200 1.103647
0.162400 1.103767
0.162600 1.103886
0.162800 1.104006
0.163000 1.104125
0.163200 1.104245
0.163400 1.104364
0.163600 1.104482
0.163800 1.104601
0.164000 1.104718
0.164200 1.104836
0.164400 1.104953
0.164600 1.105069
0.164800 1.105185
0.165000 1.105300
0.165200 1.105415
0.165400 1.105528
0.165600 1.105641
0.165800 1.105753
0.166000 1.105865
0.166200 1.105975
0.166400 1.106084
0.166600 1.106193
0.166800 1.106300
0.167000 1.106407
0.167200 1.106512
0.167400 1.106616
0.167600 1.106718
0.167800 1.106820
0.168000 1.106920
0.168200 1.107019
0.168400 1.107117
0.168600 1.107213
0.168800 1.107307
0.169000 1.107401
0.169200 1.107492
0.169400 1.107582
0.169600 1.107671
0.169800 1.107758
0.170000 1.107843
0.170200 1.107926
0.170400 1.108008
0.170600 1.108087
0.170800 1.108165
0.171000 1.108241
0.171200 1.108315
0.171400 1.108388
0.171600 1.108458
0.171800 1.108526
0.172000 1.108592
0.172200 1.108656
0.172400 1.108718
0.172600 1.108778
0.172800 1.108835
0.173000 1.108890
0.173200 1.108944
0.173400 1.108994
0.173600 1.109043
0.173800 1.109089
0.174000 1.109132
0.174200 1.109173
0.174400 1.109212
0.174600 1.109248
0.174800 1.109282
0.175000 1.109313
0.175200 1.109342
0.175400 1.109368
0.175600 1.109391
0.175800 1.109412
0.176000 1.109429
0.176200 1.109445
0.176400 1.109457
0.176600 1.109467
0.176800 1.109473
0.177000 1.109477
0.177200 1.109478
0.177400 1.109477
0.177600 1.109472
0.177800 1.109464
0.178000 1.109453
0.178200 1.109440
0.178400 1.109423
0.178600 1.109403
0.178800 1.109380
0.179000 1.109354
0.179200 1.109325
0.179400 1.109292
0.179600 1.109257
0.179800 1.109218
0.180000 1.109176
0.180200 1.109131
0.180400 1.109082
0.180600 1.109031
0.180800 1.108975
0.181000 1.108917
0.181200 1.108855
0.181400 1.108790
0.181600 1.108721
0.181800 1.108649
0.182000 1.108573
0.182200 1.108494
0.182400 1.108411
0.182600 1.108325
0.182800 1.108236
0.183000 1.108142
0.183200 1.108046
0.183400 1.107945
0.183600 1.107841
0.183800 1.107733
0.184000 1.107622
0.184200 1.107507
0.184400 1.107388
0.184600 1.107266
0.184800 1.107140
0.185000 1.107010
0.185200 1.106876
0.185400 1.106739
0.185600 1.106597
0.185800 1.106452
0.186000 1.106303
0.186200 1.106151
0.186400 1.105994
0.186600 1.105834
0.186800 1.105669
0.187000 1.105501
0.187200 1.105329
0.187400 1.105153
0.187600 1.104972
0.187800 1.104788
0.188000 1.104600
0.188200 1.104408
0.188400 1.104212
0.188600 1.104012
0.188800 1.103808
0.189000 1.103600
0.189200 1.103388
0.189400 1.103172
0.189600 1.102951
0.189800 1.102727
0.190000 1.102498
0.190200 1.102266
0.190400 1.102029
0.190600 1.101788
0.190800 1.101543
0.191000 1.101293
0.191200 1.101040
0.191400 1.100782
0.191600 1.100521
0.191800 1.100255
0.192000 1.099985
0.192200 1.099710
0.192400 1.099431
0.192600 1.099149
0.192800 1.098861
0.193000 1.098570
0.193200 1.098274
0.193400 1.097975
0.193600 1.097670
0.193800 1.097362
0.194000 1.097049
0.194200 1.096732
0.194400 1.096411
0.194600 1.096085
0.194800 1.095755
0.195000 1.095421
0.195200 1.095082
0.195400 1.094739
0.195600 1.094392
0.195800 1.094040
0.196000 1.093684
0.196200 1.093324
0.196400 1.092959
0.196600 1.092590
0.196800 1.092216
0.197000 1.091839
0.197200 1.091456
0.197400 1.091070
0.197600 1.090679
0.197800 1.090283
0.198000 1.089883
0.198200 1.089479
0.198400 1.089070
0.198600 1.088657
0.198800 1.088240
0.199000 1.087818
0.199200 1.087392
0.199400 1.086961
0.199600 1.086526
0.199800 1.086086
0.200000 1.085642
0.200200 1.085194
0.200400 1.084741
0.200600 1.084283
0.200800 1.083822
0.201000 1.083355
0.201200 1.082885
0.201400 1.082410
0.201600 1.081930
0.201800 1.081446
0.202000 1.080958
0.202200 1.080465
0.202400 1.079968
0.202600 1.079466
0.202800 1.078960
0.203000 1.078449
0.203200 1.077934
0.203400 1.077415
0.203600 1.076891
0.203800 1.076362
0.204000 1.075830
0.204200 1.075292
0.204400 1.074751
0.204600 1.074205
0.204800 1.073654
0.205000 1.073099
0.205200 1.072540
0.205400 1.071976
0.205600 1.071408
0.205800 1.070835
0.206000 1.070258
0.206200 1.069676
0.206400 1.069091
0.206600 1.068500
0.206800 1.067906
0.207000 1.067306
0.207200 1.066703
0.207400 1.066095
0.207600 1.065483
0.207800 1.064866
0.208000 1.064245
0.208200 1.063619
0.208400 1.062989
0.208600 1.062355
0.208800 1.061716
0.209000 1.061073
0.209200 1.060426
0.209400 1.059774
0.209600 1.059118
0.209800 1.058458
0.210000 1.057793
0.210200 1.057124
0.210400 1.056451
0.210600 1.055773
0.210800 1.055091
0.211000 1.054404
0.211200 1.053713
0.211400 1.053018
0.211600 1.052319
0.211800 1.051615
0.212000 1.050908
0.212200 1.050195
0.212400 1.049479
0.212600 1.048758
0.212800 1.048033
0.213000 1.047304
0.213200 1.046570
0.213400 1.045832
0.213600 1.045090
0.213800 1.044344
0.214000 1.043594
0.214200 1.042839
0.214400 1.042080
0.214600 1.041317
0.214800 1.040549
0.215000 1.039778
0.215200 1.039002
0.215400 1.038222
0.215600 1.037438
0.215800 1.036650
0.216000 1.035858
0.216200 1.035061
0.216400 1.034261
0.216600 1.033456
0.216800 1.032647
0.217000 1.031834
0.217200 1.031017
0.217400 1.030196
0.217600 1.029371
0.217800 1.028541
0.218000 1.027708
0.218200 1.026870
0.218400 1.026029
0.218600 1.025183
0.218800 1.024334
0.219000 1.023480
0.219200 1.022623
0.219400 1.021761
0.219600 1.020895
0.219800 1.020026
0.220000 1.019152
0.220200 1.018275
0.220400 1.017393
0.220600 1.016508
0.220800 1.015619
0.221000 1.014725
0.221200 1.013828
0.221400 1.012927
0.221600 1.012022
0.221800 1.011113
0.222000 1.010201
0.222200 1.009284
0.222400 1.008364
0.222600 1.007439
0.222800 1.006511
0.223000 1.005579
0.223200 1.004643
0.223400 1.003704
0.223600 1.002761
0.223800 1.001814
0.224000 1.000863
0.224200 0.999908
0.224400 0.998950
0.224600 0.997988
0.224800 0.997022
0.225000 0.996052
0.225200 0.995079
0.225400 0.994102
0.225600 0.993122
0.225800 0.992137
0.226000 0.991150
0.226200 0.990158
0.226400 0.989163
0.226600 0.988164
0.226800 0.987162
0.227000 0.986156
0.227200 0.985146
0.227400 0.984133
0.227600 0.983117
0.227800 0.982096
0.228000 0.981073
0.228200 0.980045
0.228400 0.979015
0.228600 0.977980
0.228800 0.976943
0.229000 0.975902
0.229200 0.974857
0.229400 0.973809
0.229600 0.972757
0.229800 0.971702
0.230000 0.970644
0.230200 0.969582
0.230400 0.968517
0.230600 0.967449
0.230800 0.966377
0.231000 0.965302
0.231200 0.964223
0.231400 0.963142
0.231600 0.962057
0.231800 0.960968
0.232000 0.959877
0.232200 0.958782
0.232400 0.957684
0.232600 0.956582
0.232800 0.955478
0.233000 0.954370
0.233200 0.953259
0.233400 0.952145
0.233600 0.951027
0.233800 0.949907
0.234000 0.948783
0.234200 0.947656
0.234400 0.946527
0.234600 0.945394
0.234800 0.944258
0.235000 0.943118
0.235200 0.941976
0.235400 0.940831
0.235600 0.939683
0.235800 0.938532
0.236000 0.937377
0.236200 0.936220
0.236400 0.935060
0.236600 0.933897
0.236800 0.932731
0.237000 0.931562
0.237200 0.930390
0.237400 0.929215
0.237600 0.928037
0.237800 0.926857
0.238000 0.925673
0.238200 0.924487
0.238400 0.923298
0.238600 0.922106
0.238800 0.920911
0.239000 0.919714
0.239200 0.918513
0.239400 0.917310
0.239600 0.916105
0.239800 0.914896
0.240000 0.913685
0.240200 0.912471
0.240400 0.911254
0.240600 0.910035
0.240800 0.908813
0.241000 0.907589
0.241200 0.906361
0.241400 0.905132
0.241600 0.903899
0.241800 0.902664
0.242000 0.901427
0.242200 0.900187
0.242400 0.898944
0.242600 0.897699
0.242800 0.896452
0.243000 0.895202
0.243200 0.893949
0.243400 0.892694
0.243600 0.891437
0.243800 0.890177
0.244000 0.888914
0.244200 0.887650
0.244400 0.886383
0.244600 0.885113
0.244800 0.883841
0.245000 0.882567
0.245200 0.881291
0.245400 0.880012
0.245600 0.878731
0.245800 0.877448
0.246000 0.876162
0.246200 0.874874
0.246400 0.873584
0.246600 0.872292
0.246800 0.870998
0.247000 0.869701
0.247200 0.868402
0.247400 0.867101
0.247600 0.865798
0.247800 0.864493
0.248000 0.863186
0.248200 0.861876
0.248400 0.860565
0.248600 0.859251
0.248800 0.857936
0.249000 0.856618
0.249200 0.855298
0.249400 0.853977
0.249600 0.852653
0.249800 0.851327
0.250000 0.850000
0.250200 0.848670
0.250400 0.847339
0.250600 0.846006
0.250800 0.844671
0.251000 0.843334
0.251200 0.841995
0.251400 0.840654
0.251600 0.839311
0.251800 0.837967
0.252000 0.836621
0.252200 0.835273
0.252400 0.833923
0.252600 0.832572
0.252800 0.831218
0.253000 0.829863
0.253200 0.828507
0.253400 0.827148
0.253600 0.825788
0.253800 0.824427
0.254000 0.823063
0.254200 0.821699
0.254400 0.820332
0.254600 0.818964
0.254800 0.817594
0.255000 0.816223
0.255200 0.814850
0.255400 0.813476
0.255600 0.812100
0.255800 0.810723
0.256000 0.809344
0.256200 0.807963
0.256400 0.806582
0.256600 0.805198
0.256800 0.803814
0.257000 0.802428
0.257200 0.801040
0.257400 0.799652
0.257600 0.798261
0.257800 0.796870
0.258000 0.795477
0.258200 0.794083
0.258400 0.792687
0.258600 0.791291
0.258800 0.789893
0.259000 0.788493
0.259200 0.787093
0.259400 0.785691
0.259600 0.784288
0.259800 0.782884
0.260000 0.781479
0.260200 0.780072
0.260400 0.778665
0.260600 0.777256
0.260800 0.775846
0.261000 0.774435
0.261200 0.773023
0.261400 0.771610
0.261600 0.770196
0.261800 0.768781
0.262000 0.767365
0.262200 0.765948
0.262400 0.764530
0.262600 0.763110
0.262800 0.761690
0.263000 0.760269
0.263200 0.758847
0.263400 0.757424
0.263600 0.756001
0.263800 0.754576
0.264000 0.753150
0.264200 0.751724
0.264400 0.750297
0.264600 0.748869
0.264800 0.747440
0.265000 0.746010
0.265200 0.744580
0.265400 0.743148
0.265600 0.741716
0.265800 0.740284
0.266000 0.738850
0.266200 0.737416
0.266400 0.735981
0.266600 0.734546
0.266800 0.733110
0.267000 0.731673
0.267200 0.730236
0.267400 0.728798
0.267600 0.727359
0.267800 0.725920
0.268000 0.724480
0.268200 0.723040
0.268400 0.721599
0.268600 0.720158
0.268800 0.718716
0.269000 0.717273
0.269200 0.715830
0.269400 0.714387
0.269600 0.712943
0.269800 0.711499
0.270000 0.710055
0.270200 0.708609
0.270400 0.707164
0.270600 0.705718
0.270800 0.704272
0.271000 0.702826
0.271200 0.701379
0.271400 0.699932
0.271600 0.698484
0.271800 0.697036
0.272000 0.695588
0.272200 0.694140
0.272400 0.692691
0.272600 0.691243
0.272800 0.689794
0.273000 0.688344
0.273200 0.686895
0.273400 0.685446
0.273600 0.683996
0.273800 0.682546
0.274000 0.681096
0.274200 0.679646
0.274400 0.678196
0.274600 0.676745
0.274800 0.675295
0.275000 0.673844
0.275200 0.672394
0.275400 0.670943
0.275600 0.669493
0.275800 0.668042
0.276000 0.666592
0.276200 0.665141
0.276400 0.663691
0.276600 0.662240
0.276800 0.660790
0.277000 0.659339
0.277200 0.657889
0.277400 0.656439
0.277600 0.654989
0.277800 0.653539
0.278000 0.652089
0.278200 0.650640
0.278400 0.649190
0.278600 0.647741
0.278800 0.646292
0.279000 0.644843
0.279200 0.643395
0.279400 0.641946
0.279600 0.640498
0.279800 0.639050
0.280000 0.637603
0.280200 0.636155
0.280400 0.634708
0.280600 0.633262
0.280800 0.631815
0.281000 0.630369
0.281200 0.628924
0.281400 0.627479
0.281600 0.626034
0.281800 0.624589
0.282000 0.623145
0.282200 0.621701
0.282400 0.620258
0.282600 0.618815
0.282800 0.617373
0.283000 0.615931
0.283200 0.614490
0.283400 0.613049
0.283600 0.611609
0.283800 0.610169
0.284000 0.608730
0.284200 0.607291
0.284400 0.605853
0.284600 0.604415
0.284800 0.602978
0.285000 0.601542
0.285200 0.600106
0.285400 0.598671
0.285600 0.597236
0.285800 0.595802
0.286000 0.594369
0.286200 0.592936
0.286400 0.591505
0.286600 0.590073
0.286800 0.588643
0.287000 0.587213
0.287200 0.585784
0.287400 0.584356
0.287600 0.582928
0.287800 0.581501
0.288000 0.580076
0.288200 0.578650
0.288400 0.577226
0.288600 0.575802
0.288800 0.574380
0.289000 0.572958
0.289200 0.571537
0.289400 0.570116
0.289600 0.568697
0.289800 0.567279
0.290000 0.565861
0.290200 0.564444
0.290400 0.563029
0.290600 0.561614
0.290800 0.560200
0.291000 0.558787
0.291200 0.557375
0.291400 0.555964
0.291600 0.554554
0.291800 0.553145
0.292000 0.551737
0.292200 0.550330
0.292400 0.548924
0.292600 0.547520
0.292800 0.546116
0.293000 0.544713
0.293200 0.543311
0.293400 0.541911
0.293600 0.540511
0.293800 0.539113
0.294000 0.537715
0.294200 0.536319
0.294400 0.534924
0.294600 0.533530
0.294800 0.532138
0.295000 0.530746
0.295200 0.529356
0.295400 0.527966
0.295600 0.526578
0.295800 0.525192
0.296000 0.523806
0.296200 0.522422
0.296400 0.521039
0.296600 0.519657
0.296800 0.518276
0.297000 0.516897
0.297200 0.515519
0.297400 0.514142
0.297600 0.512767
0.297800 0.511393
0.298000 0.510020
0.298200 0.508648
0.298400 0.507278
0.298600 0.505909
0.298800 0.504542
0.299000 0.503176
0.299200 0.501811
0.299400 0.500448
0.299600 0.499086
0.299800 0.497726
0.300000 0.496366
0.300200 0.495009
0.300400 0.493653
0.300600 0.492298
0.300800 0.490945
0.301000 0.489593
0.301200 0.488242
0.301400 0.486893
0.301600 0.485546
0.301800 0.484200
0.302000 0.482856
0.302200 0.481513
0.302400 0.480171
0.302600 0.478832
0.302800 0.477493
0.303000 0.476157
0.303200 0.474821
0.303400 0.473488
0.303600 0.472156
0.303800 0.470825
0.304000 0.469496
0.304200 0.468169
0.304400 0.466843
0.304600 0.465519
0.304800 0.464197
0.305000 0.462876
0.305200 0.461557
0.305400 0.460240
0.305600 0.458924
0.305800 0.457610
0.306000 0.456297
0.306200 0.454987
0.306400 0.453677
0.306600 0.452370
0.306800 0.451064
0.307000 0.449760
0.307200 0.448458
0.307400 0.447158
0.307600 0.445859
0.307800 0.444562
0.308000 0.443267
0.308200 0.441973
0.308400 0.440681
0.308600 0.439392
0.308800 0.438103
0.309000 0.436817
0.309200 0.435532
0.309400 0.434250
0.309600 0.432969
0.309800 0.431690
0.310000 0.430412
0.310200 0.429137
0.310400 0.427863
0.310600 0.426592
0.310800 0.425322
0.311000 0.424054
0.311200 0.422787
0.311400 0.421523
0.311600 0.420261
0.311800 0.419000
0.312000 0.417742
0.312200 0.416485
0.312400 0.415230
0.312600 0.413977
0.312800 0.412726
0.313000 0.411477
0.313200 0.410230
0.313400 0.408985
0.313600 0.407742
0.313800 0.406501
0.314000 0.405261
0.314200 0.404024
0.314400 0.402789
0.314600 0.401555
0.314800 0.400324
0.315000 0.399095
0.315200 0.397867
0.315400 0.396642
0.315600 0.395419
0.315800 0.394197
0.316000 0.392978
0.316200 0.391761
0.316400 0.390545
0.316600 0.389332
0.316800 0.388121
0.317000 0.386912
0.317200 0.385705
0.317400 0.384500
0.317600 0.383297
0.317800 0.382096
0.318000 0.380898
0.318200 0.379701
0.318400 0.378507
0.318600 0.377314
0.318800 0.376124
0.319000 0.374935
0.319200 0.373749
0.319400 0.372565
0.319600 0.371383
0.319800 0.370204
0.320000 0.369026
0.320200 0.367851
0.320400 0.366677
0.320600 0.365506
0.320800 0.364337
0.321000 0.363170
0.321200 0.362006
0.321400 0.360843
0.321600 0.359683
0.321800 0.358524
0.322000 0.357368
0.322200 0.356215
0.322400 0.355063
0.322600 0.353914
0.322800 0.352766
0.323000 0.351621
0.323200 0.350478
0.323400 0.349338
0.323600 0.348199
0.323800 0.347063
0.324000 0.345929
0.324200 0.344798
0.324400 0.343668
0.324600 0.342541
0.324800 0.341416
0.325000 0.340293
0.325200 0.339173
0.325400 0.338055
0.325600 0.336939
0.325800 0.335825
0.326000 0.334713
0.326200 0.333604
0.326400 0.332497
0.326600 0.331393
0.326800 0.330290
0.327000 0.329190
0.327200 0.328093
0.327400 0.326997
0.327600 0.325904
0.327800 0.324813
0.328000 0.323725
0.328200 0.322638
0.328400 0.321554
0.328600 0.320473
0.328800 0.319393
0.329000 0.318316
0.329200 0.317242
0.329400 0.316169
0.329600 0.315099
0.329800 0.314032
0.330000 0.312966
0.330200 0.311903
0.330400 0.310843
0.330600 0.309785
0.330800 0.308729
0.331000 0.307675
0.331200 0.306624
0.331400 0.305575
0.331600 0.304528
0.331800 0.303484
0.332000 0.302442
0.332200 0.301403
0.332400 0.300366
0.332600 0.299331
0.332800 0.298299
0.333000 0.297269
0.333200 0.296241
0.333400 0.295216
0.333600 0.294193
0.333800 0.293173
0.334000 0.292155
0.334200 0.291139
0.334400 0.290126
0.334600 0.289115
0.334800 0.288107
0.335000 0.287101
0.335200 0.286097
0.335400 0.285096
0.335600 0.284097
0.335800 0.283101
0.336000 0.282107
0.336200 0.281115
0.336400 0.280126
0.336600 0.279140
0.336800 0.278155
0.337000 0.277173
0.337200 0.276194
0.337400 0.275217
0.337600 0.274242
0.337800 0.273270
0.338000 0.272301
0.338200 0.271333
0.338400 0.270368
0.338600 0.269406
0.338800 0.268446
0.339000 0.267489
0.339200 0.266533
0.339400 0.265581
0.339600 0.264631
0.339800 0.263683
0.340000 0.262738
0.340200 0.261795
0.340400 0.260854
0.340600 0.259916
0.340800 0.258981
0.341000 0.258048
0.341200 0.257117
0.341400 0.256189
0.341600 0.255264
0.341800 0.254340
0.342000 0.253420
0.342200 0.252501
0.342400 0.251586
0.342600 0.250672
0.342800 0.249761
0.343000 0.248853
0.343200 0.247947
0.343400 0.247044
0.343600 0.246143
0.343800 0.245244
0.344000 0.244348
0.344200 0.243454
0.344400 0.242563
0.344600 0.241675
0.344800 0.240788
0.345000 0.239905
0.345200 0.239024
0.345400 0.238145
0.345600 0.237269
0.345800 0.236395
0.346000 0.235524
0.346200 0.234655
0.346400 0.233788
0.346600 0.232925
0.346800 0.232063
0.347000 0.231204
0.347200 0.230348
0.347400 0.229494
0.347600 0.228643
0.347800 0.227794
0.348000 0.226947
0.348200 0.226103
0.348400 0.225262
0.348600 0.224423
0.348800 0.223586
0.349000 0.222752
0.349200 0.221920
0.349400 0.221091
0.349600 0.220265
0.349800 0.219441
0.350000 0.218619
0.350200 0.217800
0.350400 0.216983
0.350600 0.216169
0.350800 0.215358
0.351000 0.214548
0.351200 0.213742
0.351400 0.212938
0.351600 0.212136
0.351800 0.211337
0.352000 0.210540
0.352200 0.209746
0.352400 0.208954
0.352600 0.208165
0.352800 0.207378
0.353000 0.206594
0.353200 0.205812
0.353400 0.205033
0.353600 0.204256
0.353800 0.203481
0.354000 0.202710
0.354200 0.201940
0.354400 0.201173
0.354600 0.200409
0.354800 0.199647
0.355000 0.198888
0.355200 0.198131
0.355400 0.197376
0.355600 0.196624
0.355800 0.195875
0.356000 0.195128
0.356200 0.194383
0.356400 0.193641
0.356600 0.192902
0.356800 0.192165
0.357000 0.191430
0.357200 0.190698
0.357400 0.189968
0.357600 0.189241
0.357800 0.188517
0.358000 0.187795
0.358200 0.187075
0.358400 0.186358
0.358600 0.185643
0.358800 0.184931
0.359000 0.184221
0.359200 0.183514
0.359400 0.182809
0.359600 0.182106
0.359800 0.181407
0.360000 0.180709
0.360200 0.180014
0.360400 0.179322
0.360600 0.178632
0.360800 0.177944
0.361000 0.177259
0.361200 0.176577
0.361400 0.175897
0.361600 0.175219
0.361800 0.174544
0.362000 0.173871
0.362200 0.173201
0.362400 0.172533
0.362600 0.171868
0.362800 0.171205
0.363000 0.170545
0.363200 0.169887
0.363400 0.169232
0.363600 0.168579
0.363800 0.167928
0.364000 0.167280
0.364200 0.166635
0.364400 0.165992
0.364600 0.165351
0.364800 0.164713
0.365000 0.164077
0.365200 0.163444
0.365400 0.162813
0.365600 0.162185
0.365800 0.161559
0.366000 0.160936
0.366200 0.160315
0.366400 0.159696
0.366600 0.159080
0.366800 0.158466
0.367000 0.157855
0.367200 0.157247
0.367400 0.156640
0.367600 0.156036
0.367800 0.155435
0.368000 0.154836
0.368200 0.154240
0.368400 0.153646
0.368600 0.153054
0.368800 0.152465
0.369000 0.151878
0.369200 0.151294
0.369400 0.150712
0.369600 0.150133
0.369800 0.149556
0.370000 0.148982
0.370200 0.148410
0.370400 0.147840
0.370600 0.147273
0.370800 0.146708
0.371000 0.146146
0.371200 0.145586
0.371400 0.145029
0.371600 0.144474
0.371800 0.143921
0.372000 0.143371
0.372200 0.142823
0.372400 0.142278
0.372600 0.141735
0.372800 0.141195
0.373000 0.140657
0.373200 0.140122
0.373400 0.139589
0.373600 0.139058
0.373800 0.138530
0.374000 0.138004
0.374200 0.137481
0.374400 0.136960
0.374600 0.136441
0.374800 0.135925
0.375000 0.135412
0.375200 0.134901
0.375400 0.134392
0.375600 0.133886
0.375800 0.133382
0.376000 0.132880
0.376200 0.132381
0.376400 0.131884
0.376600 0.131390
0.376800 0.130899
0.377000 0.130409
0.377200 0.129922
0.377400 0.129438
0.377600 0.128956
0.377800 0.128476
0.378000 0.127999
0.378200 0.127524
0.378400 0.127052
0.378600 0.126582
0.378800 0.126114
0.379000 0.125649
0.379200 0.125187
0.379400 0.124726
0.379600 0.124269
0.379800 0.123813
0.380000 0.123360
0.380200 0.122910
0.380400 0.122462
0.380600 0.122016
0.380800 0.121573
0.381000 0.121132
0.381200 0.120694
0.381400 0.120258
0.381600 0.119824
0.381800 0.119393
0.382000 0.118965
0.382200 0.118538
0.382400 0.118115
0.382600 0.117693
0.382800 0.117274
0.383000 0.116858
0.383200 0.116444
0.383400 0.116032
0.383600 0.115623
0.383800 0.115216
0.384000 0.114812
0.384200 0.114410
0.384400 0.114011
0.384600 0.113614
0.384800 0.113219
0.385000 0.112827
0.385200 0.112438
0.385400 0.112050
0.385600 0.111666
0.385800 0.111283
0.386000 0.110904
0.386200 0.110526
0.386400 0.110151
0.386600 0.109779
0.386800 0.109409
0.387000 0.109041
0.387200 0.108676
0.387400 0.108314
0.387600 0.107954
0.387800 0.107596
0.388000 0.107241
0.388200 0.106888
0.388400 0.106538
0.388600 0.106190
0.388800 0.105845
0.389000 0.105502
0.389200 0.105162
0.389400 0.104824
0.389600 0.104488
0.389800 0.104155
0.390000 0.103825
0.390200 0.103497
0.390400 0.103172
0.390600 0.102849
0.390800 0.102529
0.391000 0.102211
0.391200 0.101895
0.391400 0.101583
0.391600 0.101272
0.391800 0.100964
0.392000 0.100659
0.392200 0.100356
0.392400 0.100056
0.392600 0.099759
0.392800 0.099463
0.393000 0.099171
0.393200 0.098881
0.393400 0.098593
0.393600 0.098308
0.393800 0.098026
0.394000 0.097746
0.394200 0.097469
0.394400 0.097194
0.394600 0.096922
0.394800 0.096652
0.395000 0.096386
0.395200 0.096121
0.395400 0.095859
0.395600 0.095600
0.395800 0.095344
0.396000 0.095090
0.396200 0.094838
0.396400 0.094590
0.396600 0.094344
0.396800 0.094100
0.397000 0.093859
0.397200 0.093621
0.397400 0.093386
0.397600 0.093153
0.397800 0.092922
0.398000 0.092695
0.398200 0.092470
0.398400 0.092248
0.398600 0.092028
0.398800 0.091812
0.399000 0.091597
0.399200 0.091386
0.399400 0.091177
0.399600 0.090971
0.399800 0.090768
0.400000 0.090567
0.400200 0.090370
0.400400 0.090175
0.400600 0.089982
0.400800 0.089793
0.401000 0.089606
0.401200 0.089422
0.401400 0.089241
0.401600 0.089063
0.401800 0.088887
0.402000 0.088714
0.402200 0.088544
0.402400 0.088377
0.402600 0.088213
0.402800 0.088052
0.403000 0.087893
0.403200 0.087737
0.403400 0.087585
0.403600 0.087435
0.403800 0.087288
0.404000 0.087143
0.404200 0.087002
0.404400 0.086864
0.404600 0.086729
0.404800 0.086596
0.405000 0.086467
0.405200 0.086340
0.405400 0.086217
0.405600 0.086097
0.405800 0.085979
0.406000 0.085865
0.406200 0.085753
0.406400 0.085645
0.406600 0.085539
0.406800 0.085437
0.407000 0.085338
0.407200 0.085242
0.407400 0.085149
0.407600 0.085059
0.407800 0.084972
0.408000 0.084889
0.408200 0.084808
0.408400 0.084731
0.408600 0.084657
0.408800 0.084586
0.409000 0.084518
0.409200 0.084454
0.409400 0.084392
0.409600 0.084334
0.409800 0.084280
0.410000 0.084228
0.410200 0.084180
0.410400 0.084135
0.410600 0.084094
0.410800 0.084056
0.411000 0.084021
0.411200 0.083990
0.411400 0.083962
0.411600 0.083937
0.411800 0.083916
0.412000 0.083898
0.412200 0.083884
0.412400 0.083873
0.412600 0.083866
0.412800 0.083862
0.413000 0.083862
0.413200 0.083865
0.413400 0.083872
0.413600 0.083883
0.413800 0.083897
0.414000 0.083914
0.414200 0.083936
0.414400 0.083961
0.414600 0.083990
0.414800 0.084022
0.415000 0.084058
0.415200 0.084098
0.415400 0.084142
0.415600 0.084190
0.415800 0.084241
0.416000 0.084296
0.416200 0.084355
0.416400 0.084418
0.416600 0.084485
0.416800 0.084556
0.417000 0.084631
0.417200 0.084709
0.417400 0.084792
0.417600 0.084879
0.417800 0.084970
0.418000 0.085065
0.418200 0.085164
0.418400 0.085267
0.418600 0.085374
0.418800 0.085486
0.419000 0.085601
0.419200 0.085721
0.419400 0.085845
0.419600 0.085974
0.419800 0.086107
0.420000 0.086244
0.420200 0.086385
0.420400 0.086531
0.420600 0.086682
0.420800 0.086837
0.421000 0.086996
0.421200 0.087160
0.421400 0.087328
0.421600 0.087501
0.421800 0.087679
0.422000 0.087862
0.422200 0.088049
0.422400 0.088240
0.422600 0.088437
0.422800 0.088638
0.423000 0.088845
0.423200 0.089056
0.423400 0.089272
0.423600 0.089493
0.423800 0.089719
0.424000 0.089950
0.424200 0.090186
0.424400 0.090427
0.424600 0.090674
0.424800 0.090925
0.425000 0.091182
0.425200 0.091445
0.425400 0.091712
0.425600 0.091985
0.425800 0.092264
0.426000 0.092547
0.426200 0.092837
0.426400 0.093132
0.426600 0.093433
0.426800 0.093739
0.427000 0.094051
0.427200 0.094369
0.427400 0.094693
0.427600 0.095023
0.427800 0.095359
0.428000 0.095701
0.428200 0.096049
0.428400 0.096403
0.428600 0.096764
0.428800 0.097131
0.429000 0.097504
0.429200 0.097884
0.429400 0.098271
0.429600 0.098664
0.429800 0.099064
0.430000 0.099471
0.430200 0.099884
0.430400 0.100305
0.430600 0.100733
0.430800 0.101168
0.431000 0.101610
0.431200 0.102060
0.431400 0.102517
0.431600 0.102982
0.431800 0.103455
0.432000 0.103935
0.432200 0.104424
0.432400 0.104920
0.432600 0.105425
0.432800 0.105938
0.433000 0.106460
0.433200 0.106991
0.433400 0.107530
0.433600 0.108078
0.433800 0.108636
0.434000 0.109203
0.434200 0.109779
0.434400 0.110365
0.434600 0.110960
0.434800 0.111566
0.435000 0.112182
0.435200 0.112809
0.435400 0.113446
0.435600 0.114094
0.435800 0.114753
0.436000 0.115423
0.436200 0.116105
0.436400 0.116799
0.436600 0.117505
0.436800 0.118223
0.437000 0.118954
0.437200 0.119698
0.437400 0.120455
0.437600 0.121226
0.437800 0.122010
0.438000 0.122809
0.438200 0.123622
0.438400 0.124450
0.438600 0.125294
0.438800 0.126153
0.439000 0.127028
0.439200 0.127919
0.439400 0.128828
0.439600 0.129753
0.439800 0.130696
0.440000 0.131658
0.440200 0.132638
0.440400 0.133637
0.440600 0.134656
0.440800 0.135695
0.441000 0.136754
0.441200 0.137835
0.441400 0.138938
0.441600 0.140063
0.441800 0.141211
0.442000 0.142383
0.442200 0.143579
0.442400 0.144799
0.442600 0.146046
0.442800 0.147318
0.443000 0.148618
0.443200 0.149945
0.443400 0.151301
0.443600 0.152686
0.443800 0.154101
0.444000 0.155547
0.444200 0.157025
0.444400 0.158535
0.444600 0.160079
0.444800 0.161657
0.445000 0.163270
0.445200 0.164919
0.445400 0.166606
0.445600 0.168330
0.445800 0.170094
0.446000 0.171898
0.446200 0.173743
0.446400 0.175631
0.446600 0.177562
0.446800 0.179537
0.447000 0.181559
0.447200 0.183627
0.447400 0.185743
0.447600 0.187908
0.447800 0.190124
0.448000 0.192392
0.448200 0.194713
0.448400 0.197088
0.448600 0.199519
0.448800 0.202008
0.449000 0.204554
0.449200 0.207160
0.449400 0.209828
0.449600 0.212558
0.449800 0.215352
0.450000 0.218212
0.450200 0.221139
0.450400 0.224134
0.450600 0.227200
0.450800 0.230337
0.451000 0.233547
0.451200 0.236832
0.451400 0.240193
0.451600 0.243632
0.451800 0.247151
0.452000 0.250750
0.452200 0.254433
0.452400 0.258199
0.452600 0.262051
0.452800 0.265991
0.453000 0.270021
0.453200 0.274141
0.453400 0.278353
0.453600 0.282660
0.453800 0.287062
0.454000 0.291562
0.454200 0.296160
0.454400 0.300859
0.454600 0.305661
0.454800 0.310566
0.455000 0.315577
0.455200 0.320694
0.455400 0.325920
0.455600 0.331256
0.455800 0.336704
0.456000 0.342264
0.456200 0.347940
0.456400 0.353730
0.456600 0.359639
0.456800 0.365666
0.457000 0.371813
0.457200 0.378081
0.457400 0.384472
0.457600 0.390986
0.457800 0.397626
0.458000 0.404392
0.458200 0.411284
0.458400 0.418305
0.458600 0.425455
0.458800 0.432735
0.459000 0.440146
0.459200 0.447689
0.459400 0.455364
0.459600 0.463172
0.459800 0.471114
0.460000 0.479190
0.460200 0.487400
0.460400 0.495746
0.460600 0.504226
0.460800 0.512842
0.461000 0.521594
0.461200 0.530481
0.461400 0.539504
0.461600 0.548662
0.461800 0.557955
0.462000 0.567383
0.462200 0.576945
0.462400 0.586641
0.462600 0.596470
0.462800 0.606431
0.463000 0.616524
0.463200 0.626748
0.463400 0.637101
0.463600 0.647582
0.463800 0.658190
0.464000 0.668924
0.464200 0.679782
0.464400 0.690762
0.464600 0.701863
0.464800 0.713082
0.465000 0.724419
0.465200 0.735870
0.465400 0.747433
0.465600 0.759107
0.465800 0.770888
0.466000 0.782774
0.466200 0.794762
0.466400 0.806849
0.466600 0.819034
0.466800 0.831311
0.467000 0.843679
0.467200 0.856133
0.467400 0.868671
0.467600 0.881288
0.467800 0.893982
0.468000 0.906748
0.468200 0.919583
0.468400 0.932482
0.468600 0.945441
0.468800 0.958456
0.469000 0.971524
0.469200 0.984638
0.469400 0.997796
0.469600 1.010991
0.469800 1.024220
0.470000 1.037478
0.470200 1.050759
0.470400 1.064059
0.470600 1.077373
0.470800 1.090696
0.471000 1.104022
0.471200 1.117345
0.471400 1.130662
0.471600 1.143966
0.471800 1.157252
0.472000 1.170514
0.472200 1.183746
0.472400 1.196944
0.472600 1.210102
0.472800 1.223213
0.473000 1.236273
0.473200 1.249275
0.473400 1.262213
0.473600 1.275083
0.473800 1.287878
0.474000 1.300592
0.474200 1.313219
0.474400 1.325755
0.474600 1.338193
0.474800 1.350528
0.475000 1.362753
0.475200 1.374864
0.475400 1.386854
0.475600 1.398718
0.475800 1.410451
0.476000 1.422047
0.476200 1.433501
0.476400 1.444807
0.476600 1.455960
0.476800 1.466956
0.477000 1.477788
0.477200 1.488453
0.477400 1.498944
0.477600 1.509258
0.477800 1.519390
0.478000 1.529335
0.478200 1.539089
0.478400 1.548647
0.478600 1.558005
0.478800 1.567160
0.479000 1.576107
0.479200 1.584842
0.479400 1.593363
0.479600 1.601665
0.479800 1.609744
0.480000 1.617599
0.480200 1.625226
0.480400 1.632622
0.480600 1.639785
0.480800 1.646711
0.481000 1.653400
0.481200 1.659848
0.481400 1.666053
0.481600 1.672015
0.481800 1.677730
0.482000 1.683199
0.482200 1.688419
0.482400 1.693390
0.482600 1.698111
0.482800 1.702581
0.483000 1.706800
0.483200 1.710767
0.483400 1.714483
0.483600 1.717948
0.483800 1.721161
0.484000 1.724124
0.484200 1.726838
0.484400 1.729302
0.484600 1.731519
0.484800 1.733489
0.485000 1.735214
0.485200 1.736696
0.485400 1.737936
0.485600 1.738937
0.485800 1.739701
0.486000 1.740230
0.486200 1.740526
0.486400 1.740593
0.486600 1.740433
0.486800 1.740050
0.487000 1.739446
0.487200 1.738626
0.487400 1.737591
0.487600 1.736347
0.487800 1.734897
0.488000 1.733245
0.488200 1.731394
0.488400 1.729350
0.488600 1.727117
0.488800 1.724698
0.489000 1.722099
0.489200 1.719324
0.489400 1.716379
0.489600 1.713267
0.489800 1.709994
0.490000 1.706565
0.490200 1.702985
0.490400 1.699259
0.490600 1.695393
0.490800 1.691392
0.491000 1.687261
0.491200 1.683006
0.491400 1.678632
0.491600 1.674145
0.491800 1.669551
0.492000 1.664855
0.492200 1.660062
0.492400 1.655178
0.492600 1.650210
0.492800 1.645162
0.493000 1.640040
0.493200 1.634851
0.493400 1.629599
0.493600 1.624290
0.493800 1.618930
0.494000 1.613524
0.494200 1.608079
0.494400 1.602599
0.494600 1.597090
0.494800 1.591558
0.495000 1.586007
0.495200 1.580443
0.495400 1.574872
0.495600 1.569299
0.495800 1.563728
0.496000 1.558165
0.496200 1.552614
0.496400 1.547082
0.496600 1.541571
0.496800 1.536088
0.497000 1.530637
0.497200 1.525222
0.497400 1.519848
0.497600 1.514519
0.497800 1.509239
0.498000 1.504013
0.498200 1.498845
0.498400 1.493738
0.498600 1.488696
0.498800 1.483723
0.499000 1.478823
0.499200 1.473998
0.499400 1.469253
0.499600 1.464591
0.499800 1.460014
0.500000 1.455526
0.500200 1.451130
0.500400 1.446828
0.500600 1.442622
0.500800 1.438516
0.501000 1.434512
0.501200 1.430612
0.501400 1.426819
0.501600 1.423133
0.501800 1.419558
0.502000 1.416094
0.502200 1.412744
0.502400 1.409509
0.502600 1.406390
0.502800 1.403390
0.503000 1.400508
0.503200 1.397746
0.503400 1.395106
0.503600 1.392587
0.503800 1.390191
0.504000 1.387918
0.504200 1.385768
0.504400 1.383743
0.504600 1.381843
0.504800 1.380067
0.505000 1.378416
0.505200 1.376890
0.505400 1.375489
0.505600 1.374213
0.505800 1.373061
0.506000 1.372033
0.506200 1.371129
0.506400 1.370348
0.506600 1.369690
0.506800 1.369154
0.507000 1.368739
0.507200 1.368445
0.507400 1.368270
0.507600 1.368214
0.507800 1.368276
0.508000 1.368454
0.508200 1.368748
0.508400 1.369157
0.508600 1.369678
0.508800 1.370312
0.509000 1.371056
0.509200 1.371909
0.509400 1.372871
0.509600 1.373939
0.509800 1.375111
0.510000 1.376387
0.510200 1.377765
0.510400 1.379243
0.510600 1.380820
0.510800 1.382494
0.511000 1.384264
0.511200 1.386127
0.511400 1.388082
0.511600 1.390127
0.511800 1.392261
0.512000 1.394481
0.512200 1.396787
0.512400 1.399175
0.512600 1.401645
0.512800 1.404195
0.513000 1.406823
0.513200 1.409526
0.513400 1.412304
0.513600 1.415155
0.513800 1.418076
0.514000 1.421065
0.514200 1.424122
0.514400 1.427244
0.514600 1.430430
0.514800 1.433677
0.515000 1.436985
0.515200 1.440350
0.515400 1.443772
0.515600 1.447249
0.515800 1.450778
0.516000 1.454359
0.516200 1.457989
0.516400 1.461668
0.516600 1.465393
0.516800 1.469162
0.517000 1.472974
0.517200 1.476828
0.517400 1.480722
0.517600 1.484654
0.517800 1.488622
0.518000 1.492626
0.518200 1.496663
0.518400 1.500733
0.518600 1.504834
0.518800 1.508964
0.519000 1.513121
0.519200 1.517306
0.519400 1.521515
0.519600 1.525749
0.519800 1.530004
0.520000 1.534281
0.520200 1.538578
0.520400 1.542894
0.520600 1.547227
0.520800 1.551576
0.521000 1.555940
0.521200 1.560319
0.521400 1.564710
0.521600 1.569112
0.521800 1.573525
0.522000 1.577948
0.522200 1.582379
0.522400 1.586817
0.522600 1.591262
0.522800 1.595712
0.523000 1.600167
0.523200 1.604625
0.523400 1.609086
0.523600 1.613548
0.523800 1.618011
0.524000 1.622474
0.524200 1.626936
0.524400 1.631397
0.524600 1.635855
0.524800 1.640309
0.525000 1.644760
0.525200 1.649205
0.525400 1.653646
0.525600 1.658080
0.525800 1.662507
0.526000 1.666926
0.526200 1.671337
0.526400 1.675739
0.526600 1.680132
0.526800 1.684514
0.527000 1.688886
0.527200 1.693246
0.527400 1.697594
0.527600 1.701930
0.527800 1.706253
0.528000 1.710562
0.528200 1.714857
0.528400 1.719138
0.528600 1.723404
0.528800 1.727654
0.529000 1.731888
0.529200 1.736106
0.529400 1.740306
0.529600 1.744490
0.529800 1.748656
0.530000 1.752803
0.530200 1.756932
0.530400 1.761043
0.530600 1.765133
0.530800 1.769205
0.531000 1.773256
0.531200 1.777287
0.531400 1.781297
0.531600 1.785286
0.531800 1.789254
0.532000 1.793200
0.532200 1.797124
0.532400 1.801026
0.532600 1.804905
0.532800 1.808761
0.533000 1.812594
0.533200 1.816404
0.533400 1.820190
0.533600 1.823952
0.533800 1.827690
0.534000 1.831403
0.534200 1.835092
0.534400 1.838756
0.534600 1.842395
0.534800 1.846008
0.535000 1.849596
0.535200 1.853158
0.535400 1.856694
0.535600 1.860204
0.535800 1.863687
0.536000 1.867144
0.536200 1.870574
0.536400 1.873977
0.536600 1.877353
0.536800 1.880702
0.537000 1.884023
0.537200 1.887317
0.537400 1.890583
0.537600 1.893821
0.537800 1.897030
0.538000 1.900212
0.538200 1.903365
0.538400 1.906490
0.538600 1.909586
0.538800 1.912653
0.539000 1.915692
0.539200 1.918701
0.539400 1.921681
0.539600 1.924632
0.539800 1.927553
0.540000 1.930445
0.540200 1.933308
0.540400 1.936141
0.540600 1.938944
0.540800 1.941717
0.541000 1.944460
0.541200 1.947173
0.541400 1.949855
0.541600 1.952508
0.541800 1.955130
0.542000 1.957722
0.542200 1.960283
0.542400 1.962814
0.542600 1.965314
0.542800 1.967784
0.543000 1.970222
0.543200 1.972630
0.543400 1.975007
0.543600 1.977353
0.543800 1.979668
0.544000 1.981952
0.544200 1.984205
0.544400 1.986427
0.544600 1.988618
0.544800 1.990778
0.545000 1.992906
0.545200 1.995003
0.545400 1.997069
0.545600 1.999104
0.545800 2.001107
0.546000 2.003079
0.546200 2.005019
0.546400 2.006928
0.546600 2.008806
0.546800 2.010652
0.547000 2.012467
0.547200 2.014250
0.547400 2.016002
0.547600 2.017723
0.547800 2.019412
0.548000 2.021070
0.548200 2.022696
0.548400 2.024291
0.548600 2.025855
0.548800 2.027387
0.549000 2.028888
0.549200 2.030358
0.549400 2.031796
0.549600 2.033203
0.549800 2.034579
0.550000 2.035923
0.550200 2.037237
0.550400 2.038519
0.550600 2.039770
0.550800 2.040990
0.551000 2.042179
0.551200 2.043337
0.551400 2.044464
0.551600 2.045560
0.551800 2.046626
0.552000 2.047661
0.552200 2.048665
0.552400 2.049638
0.552600 2.050581
0.552800 2.051493
0.553000 2.052375
0.553200 2.053226
0.553400 2.054047
0.553600 2.054838
0.553800 2.055599
0.554000 2.056330
0.554200 2.057030
0.554400 2.057701
0.554600 2.058342
0.554800 2.058953
0.555000 2.059535
0.555200 2.060087
0.555400 2.060610
0.555600 2.061103
0.555800 2.061567
0.556000 2.062002
0.556200 2.062407
0.556400 2.062784
0.556600 2.063132
0.556800 2.063452
0.557000 2.063742
0.557200 2.064005
0.557400 2.064238
0.557600 2.064444
0.557800 2.064621
0.558000 2.064771
0.558200 2.064892
0.558400 2.064986
0.558600 2.065052
0.558800 2.065091
0.559000 2.065102
0.559200 2.065086
0.559400 2.065043
0.559600 2.064973
0.559800 2.064877
0.560000 2.064753
0.560200 2.064603
0.560400 2.064427
0.560600 2.064224
0.560800 2.063995
0.561000 2.063741
0.561200 2.063460
0.561400 2.063154
0.561600 2.062822
0.561800 2.062466
0.562000 2.062084
0.562200 2.061677
0.562400 2.061245
0.562600 2.060788
0.562800 2.060307
0.563000 2.059802
0.563200 2.059272
0.563400 2.058719
0.563600 2.058142
0.563800 2.057541
0.564000 2.056916
0.564200 2.056269
0.564400 2.055598
0.564600 2.054904
0.564800 2.054187
0.565000 2.053448
0.565200 2.052687
0.565400 2.051903
0.565600 2.051098
0.565800 2.050270
0.566000 2.049421
0.566200 2.048550
0.566400 2.047658
0.566600 2.046746
0.566800 2.045812
0.567000 2.044857
0.567200 2.043882
0.567400 2.042887
0.567600 2.041872
0.567800 2.040836
0.568000 2.039781
0.568200 2.038707
0.568400 2.037613
0.568600 2.036500
0.568800 2.035369
0.569000 2.034218
0.569200 2.033049
0.569400 2.031862
0.569600 2.030657
0.569800 2.029434
0.570000 2.028193
0.570200 2.026935
0.570400 2.025660
0.570600 2.024367
0.570800 2.023058
0.571000 2.021732
0.571200 2.020390
0.571400 2.019032
0.571600 2.017657
0.571800 2.016267
0.572000 2.014862
0.572200 2.013441
0.572400 2.012005
0.572600 2.010554
0.572800 2.009088
0.573000 2.007608
0.573200 2.006114
0.573400 2.004605
0.573600 2.003083
0.573800 2.001548
0.574000 1.999998
0.574200 1.998436
0.574400 1.996861
0.574600 1.995273
0.574800 1.993673
0.575000 1.992060
0.575200 1.990435
0.575400 1.988799
0.575600 1.987150
0.575800 1.985491
0.576000 1.983820
0.576200 1.982138
0.576400 1.980446
0.576600 1.978743
0.576800 1.977029
0.577000 1.975306
0.577200 1.973572
0.577400 1.971830
0.577600 1.970077
0.577800 1.968315
0.578000 1.966545
0.578200 1.964765
0.578400 1.962977
0.578600 1.961181
0.578800 1.959377
0.579000 1.957564
0.579200 1.955744
0.579400 1.953917
0.579600 1.952082
0.579800 1.950240
0.580000 1.948391
0.580200 1.946536
0.580400 1.944674
0.580600 1.942806
0.580800 1.940933
0.581000 1.939053
0.581200 1.937168
0.581400 1.935277
0.581600 1.933381
0.581800 1.931481
0.582000 1.929575
0.582200 1.927666
0.582400 1.925751
0.582600 1.923833
0.582800 1.921911
0.583000 1.919985
0.583200 1.918056
0.583400 1.916123
0.583600 1.914187
0.583800 1.912249
0.584000 1.910308
0.584200 1.908364
0.584400 1.906418
0.584600 1.904470
0.584800 1.902520
0.585000 1.900569
0.585200 1.898616
0.585400 1.896661
0.585600 1.894706
0.585800 1.892750
0.586000 1.890793
0.586200 1.888835
0.586400 1.886878
0.586600 1.884920
0.586800 1.882962
0.587000 1.881004
0.587200 1.879047
0.587400 1.877090
0.587600 1.875135
0.587800 1.873180
0.588000 1.871226
0.588200 1.869274
0.588400 1.867323
0.588600 1.865374
0.588800 1.863427
0.589000 1.861482
0.589200 1.859539
0.589400 1.857599
0.589600 1.855661
0.589800 1.853726
0.590000 1.851793
0.590200 1.849864
0.590400 1.847938
0.590600 1.846016
0.590800 1.844097
0.591000 1.842182
0.591200 1.840270
0.591400 1.838363
0.591600 1.836460
0.591800 1.834562
0.592000 1.832668
0.592200 1.830778
0.592400 1.828894
0.592600 1.827014
0.592800 1.825140
0.593000 1.823271
0.593200 1.821407
0.593400 1.819549
0.593600 1.817697
0.593800 1.815850
0.594000 1.814010
0.594200 1.812175
0.594400 1.810347
0.594600 1.808526
0.594800 1.806711
0.595000 1.804902
0.595200 1.803101
0.595400 1.801306
0.595600 1.799519
0.595800 1.797739
0.596000 1.795966
0.596200 1.794200
0.596400 1.792443
0.596600 1.790693
0.596800 1.788950
0.597000 1.787216
0.597200 1.785490
0.597400 1.783772
0.597600 1.782062
0.597800 1.780361
0.598000 1.778668
0.598200 1.776984
0.598400 1.775308
0.598600 1.773642
0.598800 1.771984
0.599000 1.770335
0.599200 1.768696
0.599400 1.767066
0.599600 1.765445
0.599800 1.763833
0.600000 1.762231
0.600200 1.760639
0.600400 1.759057
0.600600 1.757484
0.600800 1.755921
0.601000 1.754368
0.601200 1.752826
0.601400 1.751293
0.601600 1.749771
0.601800 1.748259
0.602000 1.746757
0.602200 1.745266
0.602400 1.743785
0.602600 1.742315
0.602800 1.740856
0.603000 1.739408
0.603200 1.737970
0.603400 1.736543
0.603600 1.735127
0.603800 1.733723
0.604000 1.732329
0.604200 1.730947
0.604400 1.729575
0.604600 1.728215
0.604800 1.726867
0.605000 1.725529
0.605200 1.724203
0.605400 1.722889
0.605600 1.721586
0.605800 1.720295
0.606000 1.719015
0.606200 1.717747
0.606400 1.716491
0.606600 1.715247
0.606800 1.714014
0.607000 1.712793
0.607200 1.711584
0.607400 1.710387
0.607600 1.709202
0.607800 1.708029
0.608000 1.706868
0.608200 1.705719
0.608400 1.704583
0.608600 1.703458
0.608800 1.702345
0.609000 1.701245
0.609200 1.700156
0.609400 1.699080
0.609600 1.698017
0.609800 1.696965
0.610000 1.695926
0.610200 1.694899
0.610400 1.693884
0.610600 1.692881
0.610800 1.691891
0.611000 1.690913
0.611200 1.689948
0.611400 1.688995
0.611600 1.688054
0.611800 1.687125
0.612000 1.686209
0.612200 1.685305
0.612400 1.684414
0.612600 1.683535
0.612800 1.682668
0.613000 1.681814
0.613200 1.680972
0.613400 1.680143
0.613600 1.679325
0.613800 1.678520
0.614000 1.677728
0.614200 1.676947
0.614400 1.676179
0.614600 1.675424
0.614800 1.674680
0.615000 1.673949
0.615200 1.673230
0.615400 1.672523
0.615600 1.671829
0.615800 1.671146
0.616000 1.670476
0.616200 1.669818
0.616400 1.669172
0.616600 1.668538
0.616800 1.667916
0.617000 1.667307
0.617200 1.666709
0.617400 1.666123
0.617600 1.665549
0.617800 1.664987
0.618000 1.664437
0.618200 1.663899
0.618400 1.663373
0.618600 1.662858
0.618800 1.662355
0.619000 1.661864
0.619200 1.661384
0.619400 1.660917
0.619600 1.660460
0.619800 1.660016
0.620000 1.659582
0.620200 1.659161
0.620400 1.658750
0.620600 1.658351
0.620800 1.657964
0.621000 1.657587
0.621200 1.657222
0.621400 1.656868
0.621600 1.656526
0.621800 1.656194
0.622000 1.655873
0.622200 1.655563
0.622400 1.655265
0.622600 1.654977
0.622800 1.654700
0.623000 1.654433
0.623200 1.654178
0.623400 1.653933
0.623600 1.653698
0.623800 1.653475
0.624000 1.653261
0.624200 1.653058
0.624400 1.652866
0.624600 1.652684
0.624800 1.652512
0.625000 1.652350
0.625200 1.652198
0.625400 1.652056
0.625600 1.651925
0.625800 1.651803
0.626000 1.651691
0.626200 1.651589
0.626400 1.651496
0.626600 1.651414
0.626800 1.651340
0.627000 1.651277
0.627200 1.651222
0.627400 1.651178
0.627600 1.651142
0.627800 1.651116
0.628000 1.651099
0.628200 1.651091
0.628400 1.651092
0.628600 1.651102
0.628800 1.651121
0.629000 1.651148
0.629200 1.651185
0.629400 1.651230
0.629600 1.651283
0.629800 1.651345
0.630000 1.651416
0.630200 1.651495
0.630400 1.651582
0.630600 1.651678
0.630800 1.651781
0.631000 1.651893
0.631200 1.652013
0.631400 1.652140
0.631600 1.652275
0.631800 1.652419
0.632000 1.652569
0.632200 1.652728
0.632400 1.652893
0.632600 1.653067
0.632800 1.653247
0.633000 1.653435
0.633200 1.653630
0.633400 1.653833
0.633600 1.654042
0.633800 1.654258
0.634000 1.654481
0.634200 1.654711
0.634400 1.654947
0.634600 1.655190
0.634800 1.655440
0.635000 1.655696
0.635200 1.655959
0.635400 1.656227
0.635600 1.656502
0.635800 1.656784
0.636000 1.657071
0.636200 1.657364
0.636400 1.657663
0.636600 1.657968
0.636800 1.658278
0.637000 1.658594
0.637200 1.658916
0.637400 1.659243
0.637600 1.659576
0.637800 1.659914
0.638000 1.660257
0.638200 1.660605
0.638400 1.660958
0.638600 1.661317
0.638800 1.661680
0.639000 1.662048
0.639200 1.662420
0.639400 1.662798
0.639600 1.663179
0.639800 1.663566
0.640000 1.663956
0.640200 1.664351
0.640400 1.664750
0.640600 1.665154
0.640800 1.665561
0.641000 1.665972
0.641200 1.666388
0.641400 1.666807
0.641600 1.667229
0.641800 1.667656
0.642000 1.668086
0.642200 1.668519
0.642400 1.668956
0.642600 1.669396
0.642800 1.669839
0.643000 1.670286
0.643200 1.670736
0.643400 1.671188
0.643600 1.671643
0.643800 1.672102
0.644000 1.672563
0.644200 1.673026
0.644400 1.673493
0.644600 1.673961
0.644800 1.674433
0.645000 1.674906
0.645200 1.675382
0.645400 1.675860
0.645600 1.676340
0.645800 1.676822
0.646000 1.677306
0.646200 1.677792
0.646400 1.678279
0.646600 1.678769
0.646800 1.679260
0.647000 1.679752
0.647200 1.680246
0.647400 1.680742
0.647600 1.681238
0.647800 1.681736
0.648000 1.682235
0.648200 1.682736
0.648400 1.683237
0.648600 1.683739
0.648800 1.684242
0.649000 1.684746
0.649200 1.685250
0.649400 1.685755
0.649600 1.686261
0.649800 1.686767
0.650000 1.687274
0.650200 1.687781
0.650400 1.688288
0.650600 1.688795
0.650800 1.689303
0.651000 1.689811
0.651200 1.690318
0.651400 1.690826
0.651600 1.691333
0.651800 1.691840
0.652000 1.692347
0.652200 1.692853
0.652400 1.693359
0.652600 1.693865
0.652800 1.694369
0.653000 1.694874
0.653200 1.695377
0.653400 1.695880
0.653600 1.696382
0.653800 1.696883
0.654000 1.697382
0.654200 1.697881
0.654400 1.698379
0.654600 1.698876
0.654800 1.699371
0.655000 1.699865
0.655200 1.700357
0.655400 1.700848
0.655600 1.701338
0.655800 1.701826
0.656000 1.702312
0.656200 1.702797
0.656400 1.703280
0.656600 1.703761
0.656800 1.704240
0.657000 1.704717
0.657200 1.705193
0.657400 1.705666
0.657600 1.706137
0.657800 1.706605
0.658000 1.707072
0.658200 1.707536
0.658400 1.707998
0.658600 1.708457
0.658800 1.708914
0.659000 1.709369
0.659200 1.709820
0.659400 1.710269
0.659600 1.710716
0.659800 1.711159
0.660000 1.711600
0.660200 1.712038
0.660400 1.712473
0.660600 1.712905
0.660800 1.713334
0.661000 1.713759
0.661200 1.714182
0.661400 1.714601
0.661600 1.715017
0.661800 1.715430
0.662000 1.715840
0.662200 1.716246
0.662400 1.716648
0.662600 1.717047
0.662800 1.717442
0.663000 1.717834
0.663200 1.718222
0.663400 1.718607
0.663600 1.718987
0.663800 1.719364
0.664000 1.719737
0.664200 1.720106
0.664400 1.720471
0.664600 1.720832
0.664800 1.721189
0.665000 1.721542
0.665200 1.721891
0.665400 1.722235
0.665600 1.722576
0.665800 1.722912
0.666000 1.723244
0.666200 1.723571
0.666400 1.723894
0.666600 1.724212
0.666800 1.724526
0.667000 1.724836
0.667200 1.725141
0.667400 1.725441
0.667600 1.725736
0.667800 1.726027
0.668000 1.726313
0.668200 1.726595
0.668400 1.726871
0.668600 1.727143
0.668800 1.727409
0.669000 1.727671
0.669200 1.727928
0.669400 1.728180
0.669600 1.728427
0.669800 1.728668
0.670000 1.728905
0.670200 1.729136
0.670400 1.729362
0.670600 1.729583
0.670800 1.729799
0.671000 1.730009
0.671200 1.730214
0.671400 1.730414
0.671600 1.730608
0.671800 1.730797
0.672000 1.730981
0.672200 1.731159
0.672400 1.731331
0.672600 1.731498
0.672800 1.731659
0.673000 1.731814
0.673200 1.731964
0.673400 1.732108
0.673600 1.732247
0.673800 1.732380
0.674000 1.732507
0.674200 1.732628
0.674400 1.732743
0.674600 1.732853
0.674800 1.732956
0.675000 1.733054
0.675200 1.733146
0.675400 1.733231
0.675600 1.733311
0.675800 1.733385
0.676000 1.733453
0.676200 1.733514
0.676400 1.733570
0.676600 1.733619
0.676800 1.733662
0.677000 1.733699
0.677200 1.733730
0.677400 1.733755
0.677600 1.733774
0.677800 1.733786
0.678000 1.733792
0.678200 1.733791
0.678400 1.733784
0.678600 1.733771
0.678800 1.733752
0.679000 1.733726
0.679200 1.733694
0.679400 1.733655
0.679600 1.733610
0.679800 1.733558
0.680000 1.733500
0.680200 1.733436
0.680400 1.733364
0.680600 1.733287
0.680800 1.733203
0.681000 1.733112
0.681200 1.733014
0.681400 1.732910
0.681600 1.732800
0.681800 1.732682
0.682000 1.732558
0.682200 1.732428
0.682400 1.732290
0.682600 1.732146
0.682800 1.731995
0.683000 1.731838
0.683200 1.731673
0.683400 1.731502
0.683600 1.731325
0.683800 1.731140
0.684000 1.730948
0.684200 1.730750
0.684400 1.730545
0.684600 1.730333
0.684800 1.730114
0.685000 1.729889
0.685200 1.729656
0.685400 1.729417
0.685600 1.729170
0.685800 1.728917
0.686000 1.728657
0.686200 1.728390
0.686400 1.728116
0.686600 1.727834
0.686800 1.727546
0.687000 1.727251
0.687200 1.726949
0.687400 1.726641
0.687600 1.726325
0.687800 1.726002
0.688000 1.725672
0.688200 1.725335
0.688400 1.724991
0.688600 1.724639
0.688800 1.724281
0.689000 1.723916
0.689200 1.723544
0.689400 1.723165
0.689600 1.722778
0.689800 1.722385
0.690000 1.721984
0.690200 1.721577
0.690400 1.721162
0.690600 1.720740
0.690800 1.720311
0.691000 1.719875
0.691200 1.719432
0.691400 1.718982
0.691600 1.718524
0.691800 1.718060
0.692000 1.717588
0.692200 1.717109
0.692400 1.716623
0.692600 1.716130
0.692800 1.715630
0.693000 1.715123
0.693200 1.714609
0.693400 1.714087
0.693600 1.713558
0.693800 1.713022
0.694000 1.712479
0.694200 1.711929
0.694400 1.711372
0.694600 1.710808
0.694800 1.710236
0.695000 1.709657
0.695200 1.709071
0.695400 1.708478
0.695600 1.707878
0.695800 1.707271
0.696000 1.706656
0.696200 1.706035
0.696400 1.705406
0.696600 1.704770
0.696800 1.704127
0.697000 1.703477
0.697200 1.702820
0.697400 1.702155
0.697600 1.701484
0.697800 1.700805
0.698000 1.700119
0.698200 1.699426
0.698400 1.698726
0.698600 1.698019
0.698800 1.697305
0.699000 1.696584
0.699200 1.695855
0.699400 1.695119
0.699600 1.694377
0.699800 1.693627
0.700000 1.692870
0.700200 1.692106
0.700400 1.691335
0.700600 1.690557
0.700800 1.689772
0.701000 1.688980
0.701200 1.688181
0.701400 1.687374
0.701600 1.686561
0.701800 1.685741
0.702000 1.684913
0.702200 1.684079
0.702400 1.683237
0.702600 1.682389
0.702800 1.681534
0.703000 1.680671
0.703200 1.679802
0.703400 1.678925
0.703600 1.678042
0.703800 1.677152
0.704000 1.676254
0.704200 1.675350
0.704400 1.674439
0.704600 1.673521
0.704800 1.672596
0.705000 1.671664
0.705200 1.670725
0.705400 1.669779
0.705600 1.668826
0.705800 1.667867
0.706000 1.666901
0.706200 1.665927
0.706400 1.664947
0.706600 1.663960
0.706800 1.662966
0.707000 1.661966
0.707200 1.660958
0.707400 1.659944
0.707600 1.658923
0.707800 1.657895
0.708000 1.656861
0.708200 1.655819
0.708400 1.654771
0.708600 1.653717
0.708800 1.652655
0.709000 1.651587
0.709200 1.650512
0.709400 1.649430
0.709600 1.648342
0.709800 1.647247
0.710000 1.646145
0.710200 1.645037
0.710400 1.643922
0.710600 1.642801
0.710800 1.641673
0.711000 1.640538
0.711200 1.639397
0.711400 1.638249
0.711600 1.637094
0.711800 1.635933
0.712000 1.634766
0.712200 1.633592
0.712400 1.632411
0.712600 1.631224
0.712800 1.630031
0.713000 1.628831
0.713200 1.627625
0.713400 1.626412
0.713600 1.625193
0.713800 1.623967
0.714000 1.622735
0.714200 1.621496
0.714400 1.620252
0.714600 1.619001
0.714800 1.617743
0.715000 1.616479
0.715200 1.615209
0.715400 1.613933
0.715600 1.612650
0.715800 1.611362
0.716000 1.610066
0.716200 1.608765
0.716400 1.607457
0.716600 1.606144
0.716800 1.604824
0.717000 1.603498
0.717200 1.602165
0.717400 1.600827
0.717600 1.599483
0.717800 1.598132
0.718000 1.596775
0.718200 1.595413
0.718400 1.594044
0.718600 1.592669
0.718800 1.591288
0.719000 1.589901
0.719200 1.588508
0.719400 1.587110
0.719600 1.585705
0.719800 1.584294
0.720000 1.582878
0.720200 1.581455
0.720400 1.580027
0.720600 1.578592
0.720800 1.577152
0.721000 1.575706
0.721200 1.574255
0.721400 1.572797
0.721600 1.571334
0.721800 1.569865
0.722000 1.568390
0.722200 1.566909
0.722400 1.565423
0.722600 1.563931
0.722800 1.562434
0.723000 1.560930
0.723200 1.559421
0.723400 1.557907
0.723600 1.556387
0.723800 1.554861
0.724000 1.553330
0.724200 1.551793
0.724400 1.550251
0.724600 1.548703
0.724800 1.547150
0.725000 1.545591
0.725200 1.544027
0.725400 1.542457
0.725600 1.540882
0.725800 1.539302
0.726000 1.537716
0.726200 1.536125
0.726400 1.534529
0.726600 1.532927
0.726800 1.531320
0.727000 1.529708
0.727200 1.528090
0.727400 1.526467
0.727600 1.524839
0.727800 1.523206
0.728000 1.521568
0.728200 1.519924
0.728400 1.518276
0.728600 1.516622
0.728800 1.514963
0.729000 1.513299
0.729200 1.511630
0.729400 1.509956
0.729600 1.508277
0.729800 1.506593
0.730000 1.504904
0.730200 1.503211
0.730400 1.501512
0.730600 1.499808
0.730800 1.498099
0.731000 1.496386
0.731200 1.494668
0.731400 1.492945
0.731600 1.491217
0.731800 1.489484
0.732000 1.487746
0.732200 1.486004
0.732400 1.484257
0.732600 1.482506
0.732800 1.480749
0.733000 1.478988
0.733200 1.477223
0.733400 1.475453
0.733600 1.473678
0.733800 1.471898
0.734000 1.470115
0.734200 1.468326
0.734400 1.466533
0.734600 1.464736
0.734800 1.462934
0.735000 1.461128
0.735200 1.459317
0.735400 1.457502
0.735600 1.455682
0.735800 1.453858
0.736000 1.452030
0.736200 1.450198
0.736400 1.448361
0.736600 1.446520
0.736800 1.444675
0.737000 1.442825
0.737200 1.440971
0.737400 1.439114
0.737600 1.437252
0.737800 1.435385
0.738000 1.433515
0.738200 1.431641
0.738400 1.429762
0.738600 1.427880
0.738800 1.425993
0.739000 1.424103
0.739200 1.422209
0.739400 1.420310
0.739600 1.418408
0.739800 1.416502
0.740000 1.414591
0.740200 1.412677
0.740400 1.410760
0.740600 1.408838
0.740800 1.406913
0.741000 1.404983
0.741200 1.403050
0.741400 1.401114
0.741600 1.399173
0.741800 1.397229
0.742000 1.395281
0.742200 1.393330
0.742400 1.391375
0.742600 1.389417
0.742800 1.387454
0.743000 1.385489
0.743200 1.383520
0.743400 1.381547
0.743600 1.379571
0.743800 1.377591
0.744000 1.375608
0.744200 1.373621
0.744400 1.371632
0.744600 1.369638
0.744800 1.367642
0.745000 1.365642
0.745200 1.363639
0.745400 1.361632
0.745600 1.359623
0.745800 1.357610
0.746000 1.355594
0.746200 1.353574
0.746400 1.351552
0.746600 1.349526
0.746800 1.347498
0.747000 1.345466
0.747200 1.343431
0.747400 1.341393
0.747600 1.339352
0.747800 1.337308
0.748000 1.335262
0.748200 1.333212
0.748400 1.331159
0.748600 1.329103
0.748800 1.327045
0.749000 1.324984
0.749200 1.322919
0.749400 1.320852
0.749600 1.318783
0.749800 1.316710
0.750000 1.314635
0.750200 1.312557
0.750400 1.310476
0.750600 1.308393
0.750800 1.306307
0.751000 1.304218
0.751200 1.302127
0.751400 1.300033
0.751600 1.297937
0.751800 1.295838
0.752000 1.293737
0.752200 1.291633
0.752400 1.289527
0.752600 1.287418
0.752800 1.285307
0.753000 1.283193
0.753200 1.281077
0.753400 1.278959
0.753600 1.276839
0.753800 1.274716
0.754000 1.272591
0.754200 1.270463
0.754400 1.268334
0.754600 1.266202
0.754800 1.264068
0.755000 1.261932
0.755200 1.259793
0.755400 1.257653
0.755600 1.255510
0.755800 1.253366
0.756000 1.251219
0.756200 1.249071
0.756400 1.246920
0.756600 1.244767
0.756800 1.242613
0.757000 1.240456
0.757200 1.238298
0.757400 1.236138
0.757600 1.233976
0.757800 1.231812
0.758000 1.229646
0.758200 1.227479
0.758400 1.225309
0.758600 1.223138
0.758800 1.220965
0.759000 1.218791
0.759200 1.216615
0.759400 1.214437
0.759600 1.212258
0.759800 1.210077
0.760000 1.207894
0.760200 1.205710
0.760400 1.203524
0.760600 1.201337
0.760800 1.199148
0.761000 1.196958
0.761200 1.194766
0.761400 1.192573
0.761600 1.190379
0.761800 1.188183
0.762000 1.185986
0.762200 1.183787
0.762400 1.181587
0.762600 1.179386
0.762800 1.177184
0.763000 1.174980
0.763200 1.172775
0.763400 1.170569
0.763600 1.168362
0.763800 1.166154
0.764000 1.163944
0.764200 1.161733
0.764400 1.159522
0.764600 1.157309
0.764800 1.155095
0.765000 1.152880
0.765200 1.150664
0.765400 1.148448
0.765600 1.146230
0.765800 1.144011
0.766000 1.141791
0.766200 1.139571
0.766400 1.137350
0.766600 1.135127
0.766800 1.132904
0.767000 1.130680
0.767200 1.128456
0.767400 1.126230
0.767600 1.124004
0.767800 1.121777
0.768000 1.119550
0.768200 1.117322
0.768400 1.115093
0.768600 1.112863
0.768800 1.110633
0.769000 1.108403
0.769200 1.106172
0.769400 1.103940
0.769600 1.101708
0.769800 1.099475
0.770000 1.097242
0.770200 1.095008
0.770400 1.092774
0.770600 1.090539
0.770800 1.088304
0.771000 1.086069
0.771200 1.083833
0.771400 1.081597
0.771600 1.079361
0.771800 1.077124
0.772000 1.074888
0.772200 1.072651
0.772400 1.070413
0.772600 1.068176
0.772800 1.065938
0.773000 1.063700
0.773200 1.061462
0.773400 1.059224
0.773600 1.056986
0.773800 1.054748
0.774000 1.052510
0.774200 1.050271
0.774400 1.048033
0.774600 1.045794
0.774800 1.043556
0.775000 1.041318
0.775200 1.039080
0.775400 1.036841
0.775600 1.034603
0.775800 1.032366
0.776000 1.030128
0.776200 1.027890
0.776400 1.025653
0.776600 1.023416
0.776800 1.021179
0.777000 1.018942
0.777200 1.016706
0.777400 1.014469
0.777600 1.012234
0.777800 1.009998
0.778000 1.007763
0.778200 1.005528
0.778400 1.003294
0.778600 1.001060
0.778800 0.998826
0.779000 0.996593
0.779200 0.994360
0.779400 0.992128
0.779600 0.989896
0.779800 0.987665
0.780000 0.985435
0.780200 0.983205
0.780400 0.980975
0.780600 0.978746
0.780800 0.976518
0.781000 0.974290
0.781200 0.972064
0.781400 0.969837
0.781600 0.967612
0.781800 0.965387
0.782000 0.963163
0.782200 0.960939
0.782400 0.958717
0.782600 0.956495
0.782800 0.954274
0.783000 0.952054
0.783200 0.949834
0.783400 0.947616
0.783600 0.945398
0.783800 0.943181
0.784000 0.940965
0.784200 0.938751
0.784400 0.936537
0.784600 0.934324
0.784800 0.932112
0.785000 0.929901
0.785200 0.927691
0.785400 0.925482
0.785600 0.923274
0.785800 0.921067
0.786000 0.918862
0.786200 0.916657
0.786400 0.914454
0.786600 0.912251
0.786800 0.910050
0.787000 0.907850
0.787200 0.905652
0.787400 0.903454
0.787600 0.901258
0.787800 0.899063
0.788000 0.896869
0.788200 0.894677
0.788400 0.892485
0.788600 0.890296
0.788800 0.888107
0.789000 0.885920
0.789200 0.883734
0.789400 0.881550
0.789600 0.879367
0.789800 0.877185
0.790000 0.875005
0.790200 0.872826
0.790400 0.870649
0.790600 0.868473
0.790800 0.866299
0.791000 0.864126
0.791200 0.861955
0.791400 0.859785
0.791600 0.857617
0.791800 0.855451
0.792000 0.853286
0.792200 0.851123
0.792400 0.848961
0.792600 0.846801
0.792800 0.844643
0.793000 0.842486
0.793200 0.840331
0.793400 0.838178
0.793600 0.836026
0.793800 0.833876
0.794000 0.831728
0.794200 0.829582
0.794400 0.827437
0.794600 0.825294
0.794800 0.823154
0.795000 0.821014
0.795200 0.818877
0.795400 0.816742
0.795600 0.814608
0.795800 0.812477
0.796000 0.810347
0.796200 0.808219
0.796400 0.806093
0.796600 0.803969
0.796800 0.801847
0.797000 0.799727
0.797200 0.797609
0.797400 0.795493
0.797600 0.793379
0.797800 0.791267
0.798000 0.789157
0.798200 0.787049
0.798400 0.784943
0.798600 0.782840
0.798800 0.780738
0.799000 0.778639
0.799200 0.776541
0.799400 0.774446
0.799600 0.772353
0.799800 0.770262
0.800000 0.768173
0.800200 0.766087
0.800400 0.764002
0.800600 0.761920
0.800800 0.759840
0.801000 0.757763
0.801200 0.755687
0.801400 0.753614
0.801600 0.751543
0.801800 0.749475
0.802000 0.747408
0.802200 0.745345
0.802400 0.743283
0.802600 0.741224
0.802800 0.739167
0.803000 0.737112
0.803200 0.735060
0.803400 0.733011
0.803600 0.730963
0.803800 0.728918
0.804000 0.726876
0.804200 0.724836
0.804400 0.722799
0.804600 0.720763
0.804800 0.718731
0.805000 0.716701
0.805200 0.714673
0.805400 0.712648
0.805600 0.710626
0.805800 0.708606
0.806000 0.706588
0.806200 0.704573
0.806400 0.702561
0.806600 0.700551
0.806800 0.698544
0.807000 0.696539
0.807200 0.694538
0.807400 0.692538
0.807600 0.690542
0.807800 0.688548
0.808000 0.686556
0.808200 0.684568
0.808400 0.682582
0.808600 0.680598
0.808800 0.678618
0.809000 0.676640
0.809200 0.674665
0.809400 0.672692
0.809600 0.670723
0.809800 0.668756
0.810000 0.666792
0.810200 0.664830
0.810400 0.662872
0.810600 0.660916
0.810800 0.658963
0.811000 0.657013
0.811200 0.655065
0.811400 0.653121
0.811600 0.651179
0.811800 0.649240
0.812000 0.647304
0.812200 0.645371
0.812400 0.643441
0.812600 0.641514
0.812800 0.639589
0.813000 0.637668
0.813200 0.635749
0.813400 0.633833
0.813600 0.631921
0.813800 0.630011
0.814000 0.628104
0.814200 0.626200
0.814400 0.624299
0.814600 0.622401
0.814800 0.620506
0.815000 0.618614
0.815200 0.616725
0.815400 0.614839
0.815600 0.612956
0.815800 0.611077
0.816000 0.609200
0.816200 0.607326
0.816400 0.605455
0.816600 0.603588
0.816800 0.601723
0.817000 0.599861
0.817200 0.598003
0.817400 0.596148
0.817600 0.594295
0.817800 0.592446
0.818000 0.590600
0.818200 0.588757
0.818400 0.586917
0.818600 0.585081
0.818800 0.583247
0.819000 0.581417
0.819200 0.579590
0.819400 0.577766
0.819600 0.575945
0.819800 0.574127
0.820000 0.572312
0.820200 0.570501
0.820400 0.568693
0.820600 0.566888
0.820800 0.565086
0.821000 0.563288
0.821200 0.561493
0.821400 0.559701
0.821600 0.557912
0.821800 0.556126
0.822000 0.554344
0.822200 0.552565
0.822400 0.550789
0.822600 0.549017
0.822800 0.547248
0.823000 0.545482
0.823200 0.543719
0.823400 0.541960
0.823600 0.540204
0.823800 0.538451
0.824000 0.536702
0.824200 0.534956
0.824400 0.533213
0.824600 0.531473
0.824800 0.529737
0.825000 0.528004
0.825200 0.526275
0.825400 0.524549
0.825600 0.522826
0.825800 0.521107
0.826000 0.519391
0.826200 0.517678
0.826400 0.515969
0.826600 0.514263
0.826800 0.512561
0.827000 0.510861
0.827200 0.509166
0.827400 0.507473
0.827600 0.505785
0.827800 0.504099
0.828000 0.502417
0.828200 0.500738
0.828400 0.499063
0.828600 0.497391
0.828800 0.495723
0.829000 0.494058
0.829200 0.492396
0.829400 0.490738
0.829600 0.489084
0.829800 0.487432
0.830000 0.485785
0.830200 0.484140
0.830400 0.482500
0.830600 0.480862
0.830800 0.479228
0.831000 0.477598
0.831200 0.475971
0.831400 0.474348
0.831600 0.472728
0.831800 0.471111
0.832000 0.469498
0.832200 0.467889
0.832400 0.466283
0.832600 0.464680
0.832800 0.463081
0.833000 0.461486
0.833200 0.459894
0.833400 0.458305
0.833600 0.456720
0.833800 0.455139
0.834000 0.453561
0.834200 0.451987
0.834400 0.450416
0.834600 0.448849
0.834800 0.447285
0.835000 0.445725
0.835200 0.444168
0.835400 0.442615
0.835600 0.441065
0.835800 0.439519
0.836000 0.437976
0.836200 0.436437
0.836400 0.434902
0.836600 0.433370
0.836800 0.431842
0.837000 0.430317
0.837200 0.428796
0.837400 0.427278
0.837600 0.425764
0.837800 0.424254
0.838000 0.422747
0.838200 0.421243
0.838400 0.419744
0.838600 0.418247
0.838800 0.416755
0.839000 0.415266
0.839200 0.413780
0.839400 0.412298
0.839600 0.410820
0.839800 0.409345
0.840000 0.407874
0.840200 0.406407
0.840400 0.404943
0.840600 0.403482
0.840800 0.402026
0.841000 0.400572
0.841200 0.399123
0.841400 0.397677
0.841600 0.396234
0.841800 0.394796
0.842000 0.393360
0.842200 0.391929
0.842400 0.390501
0.842600 0.389076
0.842800 0.387656
0.843000 0.386238
0.843200 0.384825
0.843400 0.383415
0.843600 0.382008
0.843800 0.380606
0.844000 0.379206
0.844200 0.377811
0.844400 0.376419
0.844600 0.375031
0.844800 0.373646
0.845000 0.372265
0.845200 0.370887
0.845400 0.369513
0.845600 0.368143
0.845800 0.366776
0.846000 0.365413
0.846200 0.364054
0.846400 0.362698
0.846600 0.361346
0.846800 0.359997
0.847000 0.358652
0.847200 0.357310
0.847400 0.355973
0.847600 0.354638
0.847800 0.353308
0.848000 0.351981
0.848200 0.350657
0.848400 0.349338
0.848600 0.348022
0.848800 0.346709
0.849000 0.345400
0.849200 0.344095
0.849400 0.342793
0.849600 0.341495
0.849800 0.340200
0.850000 0.338910
0.850200 0.337622
0.850400 0.336339
0.850600 0.335059
0.850800 0.333782
0.851000 0.332509
0.851200 0.331240
0.851400 0.329974
0.851600 0.328712
0.851800 0.327454
0.852000 0.326199
0.852200 0.324948
0.852400 0.323700
0.852600 0.322456
0.852800 0.321216
0.853000 0.319979
0.853200 0.318746
0.853400 0.317516
0.853600 0.316290
0.853800 0.315067
0.854000 0.313849
0.854200 0.312633
0.854400 0.311422
0.854600 0.310214
0.854800 0.309009
0.855000 0.307808
0.855200 0.306611
0.855400 0.305417
0.855600 0.304227
0.855800 0.303041
0.856000 0.301858
0.856200 0.300678
0.856400 0.299502
0.856600 0.298330
0.856800 0.297162
0.857000 0.295997
0.857200 0.294835
0.857400 0.293677
0.857600 0.292523
0.857800 0.291372
0.858000 0.290225
0.858200 0.289081
0.858400 0.287941
0.858600 0.286805
0.858800 0.285672
0.859000 0.284543
0.859200 0.283417
0.859400 0.282295
0.859600 0.281176
0.859800 0.280061
0.860000 0.278949
0.860200 0.277841
0.860400 0.276737
0.860600 0.275636
0.860800 0.274539
0.861000 0.273445
0.861200 0.272355
0.861400 0.271268
0.861600 0.270185
0.861800 0.269106
0.862000 0.268030
0.862200 0.266957
0.862400 0.265888
0.862600 0.264823
0.862800 0.263761
0.863000 0.262703
0.863200 0.261648
0.863400 0.260597
0.863600 0.259549
0.863800 0.258505
0.864000 0.257464
0.864200 0.256427
0.864400 0.255394
0.864600 0.254364
0.864800 0.253337
0.865000 0.252314
0.865200 0.251295
0.865400 0.250279
0.865600 0.249266
0.865800 0.248257
0.866000 0.247252
0.866200 0.246250
0.866400 0.245252
0.866600 0.244257
0.866800 0.243265
0.867000 0.242278
0.867200 0.241293
0.867400 0.240312
0.867600 0.239335
0.867800 0.238361
0.868000 0.237391
0.868200 0.236424
0.868400 0.235461
0.868600 0.234501
0.868800 0.233545
0.869000 0.232592
0.869200 0.231643
0.869400 0.230697
0.869600 0.229755
0.869800 0.228816
0.870000 0.227880
0.870200 0.226949
0.870400 0.226020
0.870600 0.225095
0.870800 0.224174
0.871000 0.223256
0.871200 0.222342
0.871400 0.221431
0.871600 0.220523
0.871800 0.219620
0.872000 0.218719
0.872200 0.217822
0.872400 0.216929
0.872600 0.216039
0.872800 0.215152
0.873000 0.214269
0.873200 0.213389
0.873400 0.212513
0.873600 0.211641
0.873800 0.210772
0.874000 0.209906
0.874200 0.209044
0.874400 0.208185
0.874600 0.207330
0.874800 0.206478
0.875000 0.205630
0.875200 0.204785
0.875400 0.203944
0.875600 0.203106
0.875800 0.202271
0.876000 0.201440
0.876200 0.200613
0.876400 0.199789
0.876600 0.198968
0.876800 0.198151
0.877000 0.197338
0.877200 0.196528
0.877400 0.195721
0.877600 0.194918
0.877800 0.194118
0.878000 0.193322
0.878200 0.192529
0.878400 0.191740
0.878600 0.190954
0.878800 0.190172
0.879000 0.189393
0.879200 0.188618
0.879400 0.187846
0.879600 0.187078
0.879800 0.186313
0.880000 0.185551
0.880200 0.184793
0.880400 0.184039
0.880600 0.183288
0.880800 0.182540
0.881000 0.181796
0.881200 0.181056
0.881400 0.180319
0.881600 0.179585
0.881800 0.178855
0.882000 0.178129
0.882200 0.177406
0.882400 0.176686
0.882600 0.175970
0.882800 0.175258
0.883000 0.174549
0.883200 0.173843
0.883400 0.173141
0.883600 0.172442
0.883800 0.171747
0.884000 0.171056
0.884200 0.170368
0.884400 0.169684
0.884600 0.169003
0.884800 0.168325
0.885000 0.167651
0.885200 0.166981
0.885400 0.166314
0.885600 0.165651
0.885800 0.164991
0.886000 0.164335
0.886200 0.163682
0.886400 0.163033
0.886600 0.162387
0.886800 0.161745
0.887000 0.161107
0.887200 0.160472
0.887400 0.159841
0.887600 0.159213
0.887800 0.158589
0.888000 0.157968
0.888200 0.157351
0.888400 0.156738
0.888600 0.156128
0.888800 0.155522
0.889000 0.154919
0.889200 0.154320
0.889400 0.153725
0.889600 0.153133
0.889800 0.152545
0.890000 0.151960
0.890200 0.151379
0.890400 0.150802
0.890600 0.150228
0.890800 0.149658
0.891000 0.149092
0.891200 0.148529
0.891400 0.147970
0.891600 0.147415
0.891800 0.146863
0.892000 0.146315
0.892200 0.145771
0.892400 0.145230
0.892600 0.144694
0.892800 0.144160
0.893000 0.143631
0.893200 0.143105
0.893400 0.142583
0.893600 0.142065
0.893800 0.141551
0.894000 0.141040
0.894200 0.140533
0.894400 0.140030
0.894600 0.139530
0.894800 0.139035
0.895000 0.138543
0.895200 0.138055
0.895400 0.137571
0.895600 0.137091
0.895800 0.136614
0.896000 0.136141
0.896200 0.135673
0.896400 0.135208
0.896600 0.134747
0.896800 0.134289
0.897000 0.133836
0.897200 0.133387
0.897400 0.132941
0.897600 0.132500
0.897800 0.132062
0.898000 0.131628
0.898200 0.131199
0.898400 0.130773
0.898600 0.130351
0.898800 0.129933
0.899000 0.129519
0.899200 0.129110
0.899400 0.128704
0.899600 0.128302
0.899800 0.127904
0.900000 0.127511
0.900200 0.127121
0.900400 0.126736
0.900600 0.126355
0.900800 0.125977
0.901000 0.125604
0.901200 0.125235
0.901400 0.124870
0.901600 0.124510
0.901800 0.124153
0.902000 0.123801
0.902200 0.123453
0.902400 0.123109
0.902600 0.122770
0.902800 0.122434
0.903000 0.122103
0.903200 0.121777
0.903400 0.121454
0.903600 0.121136
0.903800 0.120822
0.904000 0.120513
0.904200 0.120208
0.904400 0.119907
0.904600 0.119611
0.904800 0.119319
0.905000 0.119031
0.905200 0.118748
0.905400 0.118470
0.905600 0.118196
0.905800 0.117926
0.906000 0.117661
0.906200 0.117401
0.906400 0.117145
0.906600 0.116894
0.906800 0.116647
0.907000 0.116405
0.907200 0.116167
0.907400 0.115935
0.907600 0.115706
0.907800 0.115483
0.908000 0.115264
0.908200 0.115050
0.908400 0.114841
0.908600 0.114637
0.908800 0.114437
0.909000 0.114242
0.909200 0.114053
0.909400 0.113868
0.909600 0.113687
0.909800 0.113512
0.910000 0.113342
0.910200 0.113176
0.910400 0.113016
0.910600 0.112861
0.910800 0.112710
0.911000 0.112565
0.911200 0.112425
0.911400 0.112290
0.911600 0.112160
0.911800 0.112035
0.912000 0.111915
0.912200 0.111801
0.912400 0.111692
0.912600 0.111588
0.912800 0.111489
0.913000 0.111396
0.913200 0.111308
0.913400 0.111225
0.913600 0.111148
0.913800 0.111076
0.914000 0.111010
0.914200 0.110949
0.914400 0.110893
0.914600 0.110843
0.914800 0.110799
0.915000 0.110760
0.915200 0.110727
0.915400 0.110700
0.915600 0.110678
0.915800 0.110662
0.916000 0.110651
0.916200 0.110646
0.916400 0.110648
0.916600 0.110655
0.916800 0.110667
0.917000 0.110686
0.917200 0.110711
0.917400 0.110741
0.917600 0.110778
0.917800 0.110820
0.918000 0.110869
0.918200 0.110924
0.918400 0.110985
0.918600 0.111052
0.918800 0.111125
0.919000 0.111204
0.919200 0.111290
0.919400 0.111382
0.919600 0.111480
0.919800 0.111584
0.920000 0.111695
0.920200 0.111813
0.920400 0.111937
0.920600 0.112067
0.920800 0.112204
0.921000 0.112347
0.921200 0.112497
0.921400 0.112654
0.921600 0.112817
0.921800 0.112987
0.922000 0.113164
0.922200 0.113348
0.922400 0.113538
0.922600 0.113735
0.922800 0.113940
0.923000 0.114151
0.923200 0.114369
0.923400 0.114594
0.923600 0.114826
0.923800 0.115066
0.924000 0.115312
0.924200 0.115566
0.924400 0.115827
0.924600 0.116095
0.924800 0.116370
0.925000 0.116653
0.925200 0.116943
0.925400 0.117241
0.925600 0.117546
0.925800 0.117859
0.926000 0.118179
0.926200 0.118507
0.926400 0.118842
0.926600 0.119185
0.926800 0.119536
0.927000 0.119895
0.927200 0.120261
0.927400 0.120636
0.927600 0.121018
0.927800 0.121408
0.928000 0.121806
0.928200 0.122213
0.928400 0.122627
0.928600 0.123049
0.928800 0.123480
0.929000 0.123919
0.929200 0.124366
0.929400 0.124822
0.929600 0.125286
0.929800 0.125758
0.930000 0.126239
0.930200 0.126728
0.930400 0.127226
0.930600 0.127732
0.930800 0.128247
0.931000 0.128771
0.931200 0.129304
0.931400 0.129845
0.931600 0.130395
0.931800 0.130954
0.932000 0.131522
0.932200 0.132099
0.932400 0.132685
0.932600 0.133281
0.932800 0.133885
0.933000 0.134499
0.933200 0.135121
0.933400 0.135753
0.933600 0.136395
0.933800 0.137046
0.934000 0.137706
0.934200 0.138376
0.934400 0.139055
0.934600 0.139744
0.934800 0.140443
0.935000 0.141151
0.935200 0.141869
0.935400 0.142597
0.935600 0.143335
0.935800 0.144082
0.936000 0.144840
0.936200 0.145608
0.936400 0.146385
0.936600 0.147173
0.936800 0.147971
0.937000 0.148780
0.937200 0.149598
0.937400 0.150427
0.937600 0.151266
0.937800 0.152116
0.938000 0.152976
0.938200 0.153847
0.938400 0.154729
0.938600 0.155621
0.938800 0.156524
0.939000 0.157437
0.939200 0.158362
0.939400 0.159297
0.939600 0.160243
0.939800 0.161200
0.940000 0.162169
0.940200 0.163148
0.940400 0.164138
0.940600 0.165140
0.940800 0.166153
0.941000 0.167177
0.941200 0.168213
0.941400 0.169260
0.941600 0.170319
0.941800 0.171389
0.942000 0.172471
0.942200 0.173564
0.942400 0.174669
0.942600 0.175786
0.942800 0.176915
0.943000 0.178055
0.943200 0.179208
0.943400 0.180372
0.943600 0.181548
0.943800 0.182737
0.944000 0.183938
0.944200 0.185151
0.944400 0.186376
0.944600 0.187613
0.944800 0.188863
0.945000 0.190125
0.945200 0.191400
0.945400 0.192687
0.945600 0.193987
0.945800 0.195299
0.946000 0.196624
0.946200 0.197962
0.946400 0.199313
0.946600 0.200676
0.946800 0.202053
0.947000 0.203442
0.947200 0.204844
0.947400 0.206260
0.947600 0.207688
0.947800 0.209130
0.948000 0.210585
0.948200 0.212053
0.948400 0.213534
0.948600 0.215029
0.948800 0.216538
0.949000 0.218059
0.949200 0.219595
0.949400 0.221144
0.949600 0.222706
0.949800 0.224282
0.950000 0.225872
0.950200 0.227476
0.950400 0.229094
0.950600 0.230725
0.950800 0.232371
0.951000 0.234030
0.951200 0.235703
0.951400 0.237391
0.951600 0.239093
0.951800 0.240809
0.952000 0.242539
0.952200 0.244283
0.952400 0.246042
0.952600 0.247815
0.952800 0.249602
0.953000 0.251404
0.953200 0.253221
0.953400 0.255052
0.953600 0.256898
0.953800 0.258758
0.954000 0.260633
0.954200 0.262523
0.954400 0.264428
0.954600 0.266347
0.954800 0.268281
0.955000 0.270231
0.955200 0.272195
0.955400 0.274174
0.955600 0.276168
0.955800 0.278178
0.956000 0.280202
0.956200 0.282242
0.956400 0.284297
0.956600 0.286367
0.956800 0.288452
0.957000 0.290553
0.957200 0.292669
0.957400 0.294801
0.957600 0.296948
0.957800 0.299110
0.958000 0.301288
0.958200 0.303482
0.958400 0.305691
0.958600 0.307915
0.958800 0.310156
0.959000 0.312412
0.959200 0.314684
0.959400 0.316971
0.959600 0.319275
0.959800 0.321594
0.960000 0.323929
0.960200 0.326280
0.960400 0.328647
0.960600 0.331029
0.960800 0.333428
0.961000 0.335843
0.961200 0.338274
0.961400 0.340720
0.961600 0.343183
0.961800 0.345662
0.962000 0.348157
0.962200 0.350669
0.962400 0.353196
0.962600 0.355740
0.962800 0.358300
0.963000 0.360876
0.963200 0.363468
0.963400 0.366077
0.963600 0.368701
0.963800 0.371343
0.964000 0.374000
0.964200 0.376674
0.964400 0.379364
0.964600 0.382071
0.964800 0.384794
0.965000 0.387533
0.965200 0.390289
0.965400 0.393061
0.965600 0.395850
0.965800 0.398655
0.966000 0.401477
0.966200 0.404315
0.966400 0.407169
0.966600 0.410040
0.966800 0.412928
0.967000 0.415832
0.967200 0.418752
0.967400 0.421689
0.967600 0.424643
0.967800 0.427613
0.968000 0.430599
0.968200 0.433602
0.968400 0.436622
0.968600 0.439658
0.968800 0.442710
0.969000 0.445779
0.969200 0.448865
0.969400 0.451966
0.969600 0.455085
0.969800 0.458220
0.970000 0.461371
0.970200 0.464539
0.970400 0.467723
0.970600 0.470924
0.970800 0.474141
0.971000 0.477374
0.971200 0.480624
0.971400 0.483890
0.971600 0.487172
0.971800 0.490471
0.972000 0.493786
0.972200 0.497118
0.972400 0.500465
0.972600 0.503829
0.972800 0.507209
0.973000 0.510606
0.973200 0.514018
0.973400 0.517447
0.973600 0.520892
0.973800 0.524352
0.974000 0.527829
0.974200 0.531322
0.974400 0.534831
0.974600 0.538356
0.974800 0.541897
0.975000 0.545454
0.975200 0.549026
0.975400 0.552614
0.975600 0.556219
0.975800 0.559838
0.976000 0.563474
0.976200 0.567125
0.976400 0.570792
0.976600 0.574474
0.976800 0.578172
0.977000 0.581885
0.977200 0.585614
0.977400 0.589358
0.977600 0.593118
0.977800 0.596892
0.978000 0.600682
0.978200 0.604487
0.978400 0.608308
0.978600 0.612143
0.978800 0.615993
0.979000 0.619858
0.979200 0.623738
0.979400 0.627633
0.979600 0.631542
0.979800 0.635467
0.980000 0.639405
0.980200 0.643359
0.980400 0.647327
0.980600 0.651309
0.980800 0.655305
0.981000 0.659316
0.981200 0.663341
0.981400 0.667380
0.981600 0.671434
0.981800 0.675501
0.982000 0.679582
0.982200 0.683677
0.982400 0.687785
0.982600 0.691907
0.982800 0.696043
0.983000 0.700192
0.983200 0.704355
0.983400 0.708531
0.983600 0.712720
0.983800 0.716922
0.984000 0.721137
0.984200 0.725366
0.984400 0.729607
0.984600 0.733861
0.984800 0.738127
0.985000 0.742406
0.985200 0.746698
0.985400 0.751001
0.985600 0.755318
0.985800 0.759646
0.986000 0.763986
0.986200 0.768338
0.986400 0.772703
0.986600 0.777078
0.986800 0.781466
0.987000 0.785865
0.987200 0.790275
0.987400 0.794697
0.987600 0.799130
0.987800 0.803574
0.988000 0.808029
0.988200 0.812495
0.988400 0.816971
0.988600 0.821458
0.988800 0.825956
0.989000 0.830463
0.989200 0.834981
0.989400 0.839510
0.989600 0.844048
0.989800 0.848596
0.990000 0.853154
0.990200 0.857721
0.990400 0.862298
0.990600 0.866884
0.990800 0.871479
0.991000 0.876083
0.991200 0.880697
0.991400 0.885319
0.991600 0.889949
0.991800 0.894589
0.992000 0.899236
0.992200 0.903892
0.992400 0.908556
0.992600 0.913228
0.992800 0.917907
0.993000 0.922595
0.993200 0.927289
0.993400 0.931991
0.993600 0.936701
0.993800 0.941417
0.994000 0.946140
0.994200 0.950871
0.994400 0.955607
0.994600 0.960350
0.994800 0.965100
0.995000 0.969855
0.995200 0.974616
0.995400 0.979384
0.995600 0.984157
0.995800 0.988935
0.996000 0.993719
0.996200 0.998508
0.996400 1.003301
0.996600 1.008100
0.996800 1.012904
0.997000 1.017711
0.997200 1.022524
0.997400 1.027340
0.997600 1.032160
0.997800 1.036984
0.998000 1.041812
0.998200 1.046644
0.998400 1.051478
0.998600 1.056316
0.998800 1.061156
0.999000 1.066000
0.999200 1.070846
0.999400 1.075694
0.999600 1.080545
0.999800 1.085398
