0.000000 0.047746
0.000200 0.047358
0.000400 0.046973
0.000600 0.046593
0.000800 0.046216
0.001000 0.045844
0.001200 0.045476
0.001400 0.045112
0.001600 0.044752
0.001800 0.044395
0.002000 0.044043
0.002200 0.043695
0.002400 0.043351
0.002600 0.043011
0.002800 0.042674
0.003000 0.042342
0.003200 0.042014
0.003400 0.041689
0.003600 0.041369
0.003800 0.041052
0.004000 0.040739
0.004200 0.040430
0.004400 0.040125
0.004600 0.039824
0.004800 0.039526
0.005000 0.039232
0.005200 0.038943
0.005400 0.038656
0.005600 0.038374
0.005800 0.038096
0.006000 0.037821
0.006200 0.037550
0.006400 0.037282
0.006600 0.037019
0.006800 0.036759
0.007000 0.036503
0.007200 0.036250
0.007400 0.036001
0.007600 0.035756
0.007800 0.035515
0.008000 0.035277
0.008200 0.035043
0.008400 0.034812
0.008600 0.034585
0.008800 0.034362
0.009000 0.034142
0.009200 0.033926
0.009400 0.033714
0.009600 0.033505
0.009800 0.033300
0.010000 0.033098
0.010200 0.032900
0.010400 0.032705
0.010600 0.032514
0.010800 0.032327
0.011000 0.032143
0.011200 0.031963
0.011400 0.031786
0.011600 0.031613
0.011800 0.031443
0.012000 0.031277
0.012200 0.031114
0.012400 0.030955
0.012600 0.030799
0.012800 0.030647
0.013000 0.030498
0.013200 0.030353
0.013400 0.030212
0.013600 0.030074
0.013800 0.029939
0.014000 0.029808
0.014200 0.029681
0.014400 0.029557
0.014600 0.029436
0.014800 0.029319
0.015000 0.029205
0.015200 0.029095
0.015400 0.028989
0.015600 0.028886
0.015800 0.028786
0.016000 0.028690
0.016200 0.028598
0.016400 0.028509
0.016600 0.028424
0.016800 0.028342
0.017000 0.028263
0.017200 0.028188
0.017400 0.028117
0.017600 0.028049
0.017800 0.027985
0.018000 0.027924
0.018200 0.027867
0.018400 0.027813
0.018600 0.027763
0.018800 0.027717
0.019000 0.027674
0.019200 0.027635
0.019400 0.027599
0.019600 0.027567
0.019800 0.027538
0.020000 0.027514
0.020200 0.027492
0.020400 0.027475
0.020600 0.027461
0.020800 0.027450
0.021000 0.027444
0.021200 0.027441
0.021400 0.027441
0.021600 0.027446
0.021800 0.027454
0.022000 0.027466
0.022200 0.027481
0.022400 0.027501
0.022600 0.027524
0.022800 0.027551
0.023000 0.027581
0.023200 0.027616
0.023400 0.027654
0.023600 0.027696
0.023800 0.027742
0.024000 0.027792
0.024200 0.027846
0.024400 0.027903
0.024600 0.027965
0.024800 0.028031
0.025000 0.028100
0.025200 0.028174
0.025400 0.028251
0.025600 0.028333
0.025800 0.028418
0.026000 0.028508
0.026200 0.028601
0.026400 0.028699
0.026600 0.028801
0.026800 0.028907
0.027000 0.029017
0.027200 0.029132
0.027400 0.029250
0.027600 0.029373
0.027800 0.029500
0.028000 0.029632
0.028200 0.029768
0.028400 0.029908
0.028600 0.030052
0.028800 0.030201
0.029000 0.030355
0.029200 0.030512
0.029400 0.030675
0.029600 0.030842
0.029800 0.031013
0.030000 0.031189
0.030200 0.031369
0.030400 0.031555
0.030600 0.031745
0.030800 0.031939
0.031000 0.032138
0.031200 0.032343
0.031400 0.032551
0.031600 0.032765
0.031800 0.032984
0.032000 0.033207
0.032200 0.033436
0.032400 0.033669
0.032600 0.033908
0.032800 0.034151
0.033000 0.034400
0.033200 0.034654
0.033400 0.034913
0.033600 0.035177
0.033800 0.035446
0.034000 0.035721
0.034200 0.036001
0.034400 0.036287
0.034600 0.036578
0.034800 0.036874
0.035000 0.037176
0.035200 0.037483
0.035400 0.037796
0.035600 0.038115
0.035800 0.038439
0.036000 0.038769
0.036200 0.039105
0.036400 0.039447
0.036600 0.039795
0.036800 0.040148
0.037000 0.040508
0.037200 0.040873
0.037400 0.041245
0.037600 0.041623
0.037800 0.042007
0.038000 0.042397
0.038200 0.042794
0.038400 0.043197
0.038600 0.043606
0.038800 0.044022
0.039000 0.044444
0.039200 0.044873
0.039400 0.045308
0.039600 0.045750
0.039800 0.046199
0.040000 0.046655
0.040200 0.047117
0.040400 0.047586
0.040600 0.048063
0.040800 0.048546
0.041000 0.049037
0.041200 0.049534
0.041400 0.050039
0.041600 0.050551
0.041800 0.051071
0.042000 0.051598
0.042200 0.052132
0.042400 0.052674
0.042600 0.053224
0.042800 0.053781
0.043000 0.054346
0.043200 0.054919
0.043400 0.055499
0.043600 0.056088
0.043800 0.056685
0.044000 0.057289
0.044200 0.057902
0.044400 0.058523
0.044600 0.059153
0.044800 0.059790
0.045000 0.060437
0.045200 0.061091
0.045400 0.061755
0.045600 0.062427
0.045800 0.063107
0.046000 0.063797
0.046200 0.064495
0.046400 0.065203
0.046600 0.065919
0.046800 0.066645
0.047000 0.067380
0.047200 0.068124
0.047400 0.068877
0.047600 0.069640
0.047800 0.070413
0.048000 0.071195
0.048200 0.071986
0.048400 0.072788
0.048600 0.073599
0.048800 0.074421
0.049000 0.075252
0.049200 0.076093
0.049400 0.076945
0.049600 0.077807
0.049800 0.078679
0.050000 0.079562
0.050200 0.080455
0.050400 0.081359
0.050600 0.082274
0.050800 0.083199
0.051000 0.084135
0.051200 0.085083
0.051400 0.086041
0.051600 0.087010
0.051800 0.087991
0.052000 0.088983
0.052200 0.089987
0.052400 0.091002
0.052600 0.092028
0.052800 0.093067
0.053000 0.094117
0.053200 0.095179
0.053400 0.096253
0.053600 0.097339
0.053800 0.098438
0.054000 0.099548
0.054200 0.100672
0.054400 0.101807
0.054600 0.102955
0.054800 0.104116
0.055000 0.105289
0.055200 0.106476
0.055400 0.107675
0.055600 0.108887
0.055800 0.110113
0.056000 0.111352
0.056200 0.112604
0.056400 0.113869
0.056600 0.115149
0.056800 0.116441
0.057000 0.117748
0.057200 0.119068
0.057400 0.120403
0.057600 0.121751
0.057800 0.123114
0.058000 0.124490
0.058200 0.125882
0.058400 0.127287
0.058600 0.128708
0.058800 0.130142
0.059000 0.131592
0.059200 0.133057
0.059400 0.134536
0.059600 0.136031
0.059800 0.137541
0.060000 0.139066
0.060200 0.140606
0.060400 0.142162
0.060600 0.143734
0.060800 0.145321
0.061000 0.146924
0.061200 0.148544
0.061400 0.150179
0.061600 0.151830
0.061800 0.153498
0.062000 0.155182
0.062200 0.156883
0.062400 0.158601
0.062600 0.160335
0.062800 0.162086
0.063000 0.163855
0.063200 0.165641
0.063400 0.167444
0.063600 0.169266
0.063800 0.171105
0.064000 0.172962
0.064200 0.174838
0.064400 0.176733
0.064600 0.178647
0.064800 0.180581
0.065000 0.182535
0.065200 0.184509
0.065400 0.186504
0.065600 0.188521
0.065800 0.190560
0.066000 0.192623
0.066200 0.194710
0.066400 0.196822
0.066600 0.198960
0.066800 0.201127
0.067000 0.203323
0.067200 0.205550
0.067400 0.207811
0.067600 0.210108
0.067800 0.212443
0.068000 0.214820
0.068200 0.217242
0.068400 0.219713
0.068600 0.222237
0.068800 0.224820
0.069000 0.227467
0.069200 0.230184
0.069400 0.232978
0.069600 0.235858
0.069800 0.238831
0.070000 0.241909
0.070200 0.245102
0.070400 0.248422
0.070600 0.251883
0.070800 0.255499
0.071000 0.259288
0.071200 0.263267
0.071400 0.267456
0.071600 0.271877
0.071800 0.276553
0.072000 0.281512
0.072200 0.286781
0.072400 0.292390
0.072600 0.298373
0.072800 0.304766
0.073000 0.311608
0.073200 0.318939
0.073400 0.326804
0.073600 0.335251
0.073800 0.344330
0.074000 0.354095
0.074200 0.364602
0.074400 0.375910
0.074600 0.388084
0.074800 0.401189
0.075000 0.415293
0.075200 0.430469
0.075400 0.446790
0.075600 0.464334
0.075800 0.483178
0.076000 0.503404
0.076200 0.525094
0.076400 0.548332
0.076600 0.573200
0.076800 0.599784
0.077000 0.628166
0.077200 0.658431
0.077400 0.690658
0.077600 0.724927
0.077800 0.761314
0.078000 0.799891
0.078200 0.840724
0.078400 0.883876
0.078600 0.929403
0.078800 0.977352
0.079000 1.027765
0.079200 1.080671
0.079400 1.136092
0.079600 1.194039
0.079800 1.254510
0.080000 1.317492
0.080200 1.382957
0.080400 1.450864
0.080600 1.521157
0.080800 1.593766
0.081000 1.668604
0.081200 1.745567
0.081400 1.824536
0.081600 1.905376
0.081800 1.987933
0.082000 2.072039
0.082200 2.157508
0.082400 2.244139
0.082600 2.331715
0.082800 2.420004
0.083000 2.508762
0.083200 2.597730
0.083400 2.686638
0.083600 2.775206
0.083800 2.863144
0.084000 2.950155
0.084200 3.035937
0.084400 3.120182
0.084600 3.202581
0.084800 3.282826
0.085000 3.360608
0.085200 3.435623
0.085400 3.507573
0.085600 3.576167
0.085800 3.641127
0.086000 3.702182
0.086200 3.759079
0.086400 3.811579
0.086600 3.859461
0.086800 3.902524
0.087000 3.940587
0.087200 3.973490
0.087400 4.001101
0.087600 4.023306
0.087800 4.040023
0.088000 4.051192
0.088200 4.056781
0.088400 4.056784
0.088600 4.051222
0.088800 4.040145
0.089000 4.023626
0.089200 4.001766
0.089400 3.974690
0.089600 3.942547
0.089800 3.905509
0.090000 3.863769
0.090200 3.817541
0.090400 3.767056
0.090600 3.712563
0.090800 3.654325
0.091000 3.592616
0.091200 3.527724
0.091400 3.459944
0.091600 3.389577
0.091800 3.316930
0.092000 3.242312
0.092200 3.166032
0.092400 3.088398
0.092600 3.009714
0.092800 2.930280
0.093000 2.850389
0.093200 2.770324
0.093400 2.690360
0.093600 2.610760
0.093800 2.531773
0.094000 2.453638
0.094200 2.376576
0.094400 2.300795
0.094600 2.226486
0.094800 2.153826
0.095000 2.082973
0.095200 2.014069
0.095400 1.947241
0.095600 1.882598
0.095800 1.820233
0.096000 1.760223
0.096200 1.702629
0.096400 1.647499
0.096600 1.594864
0.096800 1.544745
0.097000 1.497146
0.097200 1.452062
0.097400 1.409476
0.097600 1.369360
0.097800 1.331678
0.098000 1.296384
0.098200 1.263425
0.098400 1.232741
0.098600 1.204268
0.098800 1.177935
0.099000 1.153667
0.099200 1.131386
0.099400 1.111012
0.099600 1.092463
0.099800 1.075655
0.100000 1.060503
0.100200 1.046924
0.100400 1.034834
0.100600 1.024150
0.100800 1.014790
0.101000 1.006675
0.101200 0.999726
0.101400 0.993870
0.101600 0.989032
0.101800 0.985142
0.102000 0.982134
0.102200 0.979943
0.102400 0.978508
0.102600 0.977770
0.102800 0.977676
0.103000 0.978172
0.103200 0.979210
0.103400 0.980745
0.103600 0.982734
0.103800 0.985136
0.104000 0.987915
0.104200 0.991036
0.104400 0.994468
0.104600 0.998180
0.104800 1.002147
0.105000 1.006342
0.105200 1.010744
0.105400 1.015332
0.105600 1.020086
0.105800 1.024989
0.106000 1.030025
0.106200 1.035181
0.106400 1.040443
0.106600 1.045799
0.106800 1.051240
0.107000 1.056756
0.107200 1.062337
0.107400 1.067978
0.107600 1.073670
0.107800 1.079408
0.108000 1.085187
0.108200 1.091001
0.108400 1.096846
0.108600 1.102719
0.108800 1.108615
0.109000 1.114533
0.109200 1.120469
0.109400 1.126420
0.109600 1.132385
0.109800 1.138363
0.110000 1.144350
0.110200 1.150346
0.110400 1.156349
0.110600 1.162358
0.110800 1.168373
0.111000 1.174391
0.111200 1.180413
0.111400 1.186436
0.111600 1.192462
0.111800 1.198488
0.112000 1.204515
0.112200 1.210542
0.112400 1.216568
0.112600 1.222592
0.112800 1.228615
0.113000 1.234636
0.113200 1.240654
0.113400 1.246669
0.113600 1.252681
0.113800 1.258689
0.114000 1.264693
0.114200 1.270692
0.114400 1.276687
0.114600 1.282676
0.114800 1.288660
0.115000 1.294637
0.115200 1.300609
0.115400 1.306574
0.115600 1.312532
0.115800 1.318483
0.116000 1.324427
0.116200 1.330362
0.116400 1.336290
0.116600 1.342209
0.116800 1.348119
0.117000 1.354020
0.117200 1.359912
0.117400 1.365794
0.117600 1.371666
0.117800 1.377527
0.118000 1.383378
0.118200 1.389218
0.118400 1.395047
0.118600 1.400864
0.118800 1.406669
0.119000 1.412461
0.119200 1.418242
0.119400 1.424009
0.119600 1.429763
0.119800 1.435504
0.120000 1.441231
0.120200 1.446944
0.120400 1.452642
0.120600 1.458326
0.120800 1.463995
0.121000 1.469649
0.121200 1.475287
0.121400 1.480909
0.121600 1.486515
0.121800 1.492105
0.122000 1.497678
0.122200 1.503234
0.122400 1.508772
0.122600 1.514293
0.122800 1.519796
0.123000 1.525281
0.123200 1.530748
0.123400 1.536195
0.123600 1.541624
0.123800 1.547033
0.124000 1.552423
0.124200 1.557793
0.124400 1.563143
0.124600 1.568473
0.124800 1.573781
0.125000 1.579069
0.125200 1.584336
0.125400 1.589581
0.125600 1.594805
0.125800 1.600006
0.126000 1.605185
0.126200 1.610342
0.126400 1.615476
0.126600 1.620588
0.126800 1.625675
0.127000 1.630740
0.127200 1.635781
0.127400 1.640797
0.127600 1.645790
0.127800 1.650758
0.128000 1.655702
0.128200 1.660620
0.128400 1.665514
0.128600 1.670382
0.128800 1.675225
0.129000 1.680042
0.129200 1.684833
0.129400 1.689598
0.129600 1.694336
0.129800 1.699048
0.130000 1.703733
0.130200 1.708391
0.130400 1.713021
0.130600 1.717625
0.130800 1.722200
0.131000 1.726748
0.131200 1.731268
0.131400 1.735760
0.131600 1.740223
0.131800 1.744658
0.132000 1.749065
0.132200 1.753442
0.132400 1.757790
0.132600 1.762110
0.132800 1.766400
0.133000 1.770660
0.133200 1.774891
0.133400 1.779091
0.133600 1.783262
0.133800 1.787403
0.134000 1.791514
0.134200 1.795594
0.134400 1.799644
0.134600 1.803663
0.134800 1.807651
0.135000 1.811609
0.135200 1.815535
0.135400 1.819431
0.135600 1.823295
0.135800 1.827127
0.136000 1.830929
0.136200 1.834699
0.136400 1.838437
0.136600 1.842143
0.136800 1.845818
0.137000 1.849460
0.137200 1.853071
0.137400 1.856650
0.137600 1.860196
0.137800 1.863710
0.138000 1.867192
0.138200 1.870642
0.138400 1.874059
0.138600 1.877444
0.138800 1.880796
0.139000 1.884115
0.139200 1.887402
0.139400 1.890656
0.139600 1.893878
0.139800 1.897067
0.140000 1.900223
0.140200 1.903346
0.140400 1.906436
0.140600 1.909494
0.140800 1.912519
0.141000 1.915510
0.141200 1.918469
0.141400 1.921395
0.141600 1.924289
0.141800 1.927149
0.142000 1.929976
0.142200 1.932771
0.142400 1.935532
0.142600 1.938261
0.142800 1.940957
0.143000 1.943620
0.143200 1.946250
0.143400 1.948848
0.143600 1.951413
0.143800 1.953945
0.144000 1.956445
0.144200 1.958912
0.144400 1.961346
0.144600 1.963748
0.144800 1.966118
0.145000 1.968455
0.145200 1.970760
0.145400 1.973033
0.145600 1.975273
0.145800 1.977482
0.146000 1.979658
0.146200 1.981803
0.146400 1.983915
0.146600 1.985996
0.146800 1.988045
0.147000 1.990063
0.147200 1.992049
0.147400 1.994004
0.147600 1.995927
0.147800 1.997819
0.148000 1.999681
0.148200 2.001511
0.148400 2.003310
0.148600 2.005079
0.148800 2.006817
0.149000 2.008525
0.149200 2.010202
0.149400 2.011849
0.149600 2.013466
0.149800 2.015053
0.150000 2.016611
0.150200 2.018138
0.150400 2.019637
0.150600 2.021105
0.150800 2.022545
0.151000 2.023956
0.151200 2.025337
0.151400 2.026690
0.151600 2.028015
0.151800 2.029311
0.152000 2.030579
0.152200 2.031818
0.152400 2.033030
0.152600 2.034214
0.152800 2.035371
0.153000 2.036500
0.153200 2.037602
0.153400 2.038677
0.153600 2.039726
0.153800 2.040748
0.154000 2.041743
0.154200 2.042712
0.154400 2.043655
0.154600 2.044572
0.154800 2.045464
0.155000 2.046330
0.155200 2.047171
0.155400 2.047987
0.155600 2.048778
0.155800 2.049545
0.156000 2.050287
0.156200 2.051005
0.156400 2.051699
0.156600 2.052370
0.156800 2.053017
0.157000 2.053640
0.157200 2.054241
0.157400 2.054819
0.157600 2.055374
0.157800 2.055906
0.158000 2.056417
0.158200 2.056906
0.158400 2.057373
0.158600 2.057818
0.158800 2.058242
0.159000 2.058646
0.159200 2.059028
0.159400 2.059390
0.159600 2.059732
0.159800 2.060053
0.160000 2.060355
0.160200 2.060638
0.160400 2.060901
0.160600 2.061145
0.160800 2.061370
0.161000 2.061576
0.161200 2.061764
0.161400 2.061934
0.161600 2.062087
0.161800 2.062221
0.162000 2.062339
0.162200 2.062439
0.162400 2.062522
0.162600 2.062589
0.162800 2.062639
0.163000 2.062674
0.163200 2.062692
0.163400 2.062695
0.163600 2.062682
0.163800 2.062655
0.164000 2.062612
0.164200 2.062555
0.164400 2.062484
0.164600 2.062398
0.164800 2.062299
0.165000 2.062186
0.165200 2.062060
0.165400 2.061920
0.165600 2.061768
0.165800 2.061603
0.166000 2.061426
0.166200 2.061237
0.166400 2.061036
0.166600 2.060823
0.166800 2.060599
0.167000 2.060364
0.167200 2.060118
0.167400 2.059861
0.167600 2.059595
0.167800 2.059317
0.168000 2.059031
0.168200 2.058734
0.168400 2.058428
0.168600 2.058113
0.168800 2.057789
0.169000 2.057457
0.169200 2.057115
0.169400 2.056766
0.169600 2.056409
0.169800 2.056044
0.170000 2.055672
0.170200 2.055292
0.170400 2.054906
0.170600 2.054513
0.170800 2.054113
0.171000 2.053707
0.171200 2.053294
0.171400 2.052876
0.171600 2.052453
0.171800 2.052023
0.172000 2.051589
0.172200 2.051150
0.172400 2.050706
0.172600 2.050257
0.172800 2.049805
0.173000 2.049348
0.173200 2.048887
0.173400 2.048423
0.173600 2.047955
0.173800 2.047484
0.174000 2.047009
0.174200 2.046532
0.174400 2.046053
0.174600 2.045571
0.174800 2.045086
0.175000 2.044600
0.175200 2.044112
0.175400 2.043622
0.175600 2.043131
0.175800 2.042639
0.176000 2.042145
0.176200 2.041651
0.176400 2.041156
0.176600 2.040660
0.176800 2.040164
0.177000 2.039668
0.177200 2.039172
0.177400 2.038676
0.177600 2.038181
0.177800 2.037686
0.178000 2.037192
0.178200 2.036698
0.178400 2.036206
0.178600 2.035715
0.178800 2.035225
0.179000 2.034737
0.179200 2.034251
0.179400 2.033766
0.179600 2.033283
0.179800 2.032803
0.180000 2.032324
0.180200 2.031848
0.180400 2.031375
0.180600 2.030904
0.180800 2.030437
0.181000 2.029972
0.181200 2.029510
0.181400 2.029051
0.181600 2.028596
0.181800 2.028145
0.182000 2.027696
0.182200 2.027252
0.182400 2.026811
0.182600 2.026375
0.182800 2.025942
0.183000 2.025514
0.183200 2.025090
0.183400 2.024670
0.183600 2.024255
0.183800 2.023844
0.184000 2.023438
0.184200 2.023037
0.184400 2.022641
0.184600 2.022249
0.184800 2.021863
0.185000 2.021482
0.185200 2.021106
0.185400 2.020735
0.185600 2.020370
0.185800 2.020010
0.186000 2.019656
0.186200 2.019307
0.186400 2.018964
0.186600 2.018627
0.186800 2.018295
0.187000 2.017970
0.187200 2.017650
0.187400 2.017336
0.187600 2.017028
0.187800 2.016727
0.188000 2.016431
0.188200 2.016142
0.188400 2.015858
0.188600 2.015581
0.188800 2.015311
0.189000 2.015046
0.189200 2.014788
0.189400 2.014537
0.189600 2.014291
0.189800 2.014053
0.190000 2.013820
0.190200 2.013595
0.190400 2.013375
0.190600 2.013162
0.190800 2.012956
0.191000 2.012757
0.191200 2.012563
0.191400 2.012377
0.191600 2.012197
0.191800 2.012024
0.192000 2.011857
0.192200 2.011697
0.192400 2.011543
0.192600 2.011396
0.192800 2.011256
0.193000 2.011122
0.193200 2.010994
0.193400 2.010873
0.193600 2.010759
0.193800 2.010651
0.194000 2.010550
0.194200 2.010455
0.194400 2.010367
0.194600 2.010285
0.194800 2.010209
0.195000 2.010140
0.195200 2.010077
0.195400 2.010020
0.195600 2.009970
0.195800 2.009926
0.196000 2.009887
0.196200 2.009856
0.196400 2.009830
0.196600 2.009810
0.196800 2.009796
0.197000 2.009788
0.197200 2.009786
0.197400 2.009790
0.197600 2.009800
0.197800 2.009815
0.198000 2.009836
0.198200 2.009863
0.198400 2.009895
0.198600 2.009933
0.198800 2.009976
0.199000 2.010024
0.199200 2.010078
0.199400 2.010137
0.199600 2.010201
0.199800 2.010270
0.200000 2.010344
0.200200 2.010423
0.200400 2.010507
0.200600 2.010595
0.200800 2.010689
0.201000 2.010787
0.201200 2.010889
0.201400 2.010996
0.201600 2.011107
0.201800 2.011223
0.202000 2.011342
0.202200 2.011466
0.202400 2.011594
0.202600 2.011725
0.202800 2.011861
0.203000 2.012000
0.203200 2.012143
0.203400 2.012289
0.203600 2.012439
0.203800 2.012592
0.204000 2.012748
0.204200 2.012907
0.204400 2.013070
0.204600 2.013235
0.204800 2.013403
0.205000 2.013574
0.205200 2.013747
0.205400 2.013923
0.205600 2.014101
0.205800 2.014282
0.206000 2.014465
0.206200 2.014649
0.206400 2.014836
0.206600 2.015025
0.206800 2.015215
0.207000 2.015407
0.207200 2.015600
0.207400 2.015795
0.207600 2.015991
0.207800 2.016188
0.208000 2.016386
0.208200 2.016585
0.208400 2.016785
0.208600 2.016986
0.208800 2.017187
0.209000 2.017388
0.209200 2.017590
0.209400 2.017792
0.209600 2.017994
0.209800 2.018197
0.210000 2.018398
0.210200 2.018600
0.210400 2.018801
0.210600 2.019002
0.210800 2.019202
0.211000 2.019401
0.211200 2.019600
0.211400 2.019797
0.211600 2.019993
0.211800 2.020188
0.212000 2.020381
0.212200 2.020573
0.212400 2.020763
0.212600 2.020952
0.212800 2.021138
0.213000 2.021323
0.213200 2.021505
0.213400 2.021685
0.213600 2.021863
0.213800 2.022038
0.214000 2.022211
0.214200 2.022380
0.214400 2.022547
0.214600 2.022711
0.214800 2.022871
0.215000 2.023029
0.215200 2.023183
0.215400 2.023333
0.215600 2.023480
0.215800 2.023623
0.216000 2.023761
0.216200 2.023896
0.216400 2.024027
0.216600 2.024154
0.216800 2.024276
0.217000 2.024393
0.217200 2.024506
0.217400 2.024614
0.217600 2.024717
0.217800 2.024816
0.218000 2.024909
0.218200 2.024996
0.218400 2.025079
0.218600 2.025155
0.218800 2.025227
0.219000 2.025292
0.219200 2.025352
0.219400 2.025405
0.219600 2.025453
0.219800 2.025494
0.220000 2.025529
0.220200 2.025557
0.220400 2.025579
0.220600 2.025594
0.220800 2.025602
0.221000 2.025604
0.221200 2.025598
0.221400 2.025585
0.221600 2.025565
0.221800 2.025538
0.222000 2.025503
0.222200 2.025460
0.222400 2.025410
0.222600 2.025351
0.222800 2.025285
0.223000 2.025211
0.223200 2.025129
0.223400 2.025038
0.223600 2.024939
0.223800 2.024832
0.224000 2.024715
0.224200 2.024591
0.224400 2.024457
0.224600 2.024315
0.224800 2.024163
0.225000 2.024003
0.225200 2.023833
0.225400 2.023654
0.225600 2.023465
0.225800 2.023267
0.226000 2.023059
0.226200 2.022842
0.226400 2.022615
0.226600 2.022378
0.226800 2.022131
0.227000 2.021874
0.227200 2.021606
0.227400 2.021329
0.227600 2.021041
0.227800 2.020742
0.228000 2.020433
0.228200 2.020114
0.228400 2.019783
0.228600 2.019442
0.228800 2.019090
0.229000 2.018727
0.229200 2.018353
0.229400 2.017968
0.229600 2.017571
0.229800 2.017164
0.230000 2.016744
0.230200 2.016314
0.230400 2.015872
0.230600 2.015418
0.230800 2.014952
0.231000 2.014475
0.231200 2.013986
0.231400 2.013484
0.231600 2.012971
0.231800 2.012446
0.232000 2.011909
0.232200 2.011359
0.232400 2.010797
0.232600 2.010223
0.232800 2.009636
0.233000 2.009037
0.233200 2.008425
0.233400 2.007801
0.233600 2.007164
0.233800 2.006514
0.234000 2.005852
0.234200 2.005176
0.234400 2.004488
0.234600 2.003786
0.234800 2.003072
0.235000 2.002344
0.235200 2.001604
0.235400 2.000850
0.235600 2.000083
0.235800 1.999302
0.236000 1.998508
0.236200 1.997701
0.236400 1.996880
0.236600 1.996046
0.236800 1.995198
0.237000 1.994337
0.237200 1.993461
0.237400 1.992573
0.237600 1.991670
0.237800 1.990754
0.238000 1.989823
0.238200 1.988879
0.238400 1.987921
0.238600 1.986949
0.238800 1.985964
0.239000 1.984964
0.239200 1.983950
0.239400 1.982922
0.239600 1.981879
0.239800 1.980823
0.240000 1.979752
0.240200 1.978668
0.240400 1.977569
0.240600 1.976455
0.240800 1.975328
0.241000 1.974186
0.241200 1.973029
0.241400 1.971859
0.241600 1.970674
0.241800 1.969474
0.242000 1.968260
0.242200 1.967032
0.242400 1.965789
0.242600 1.964531
0.242800 1.963259
0.243000 1.961973
0.243200 1.960672
0.243400 1.959356
0.243600 1.958026
0.243800 1.956681
0.244000 1.955322
0.244200 1.953947
0.244400 1.952559
0.244600 1.951155
0.244800 1.949737
0.245000 1.948305
0.245200 1.946857
0.245400 1.945395
0.245600 1.943919
0.245800 1.942427
0.246000 1.940921
0.246200 1.939400
0.246400 1.937865
0.246600 1.936315
0.246800 1.934750
0.247000 1.933170
0.247200 1.931576
0.247400 1.929967
0.247600 1.928344
0.247800 1.926705
0.248000 1.925052
0.248200 1.923385
0.248400 1.921703
0.248600 1.920006
0.248800 1.918294
0.249000 1.916568
0.249200 1.914827
0.249400 1.913072
0.249600 1.911302
0.249800 1.909518
0.250000 1.907719
0.250200 1.905905
0.250400 1.904077
0.250600 1.902234
0.250800 1.900377
0.251000 1.898505
0.251200 1.896619
0.251400 1.894719
0.251600 1.892804
0.251800 1.890874
0.252000 1.888931
0.252200 1.886972
0.252400 1.885000
0.252600 1.883013
0.252800 1.881012
0.253000 1.878997
0.253200 1.876968
0.253400 1.874924
0.253600 1.872866
0.253800 1.870794
0.254000 1.868708
0.254200 1.866608
0.254400 1.864494
0.254600 1.862365
0.254800 1.860223
0.255000 1.858067
0.255200 1.855897
0.255400 1.853713
0.255600 1.851515
0.255800 1.849303
0.256000 1.847078
0.256200 1.844838
0.256400 1.842586
0.256600 1.840319
0.256800 1.838039
0.257000 1.835745
0.257200 1.833438
0.257400 1.831117
0.257600 1.828782
0.257800 1.826435
0.258000 1.824074
0.258200 1.821699
0.258400 1.819311
0.258600 1.816910
0.258800 1.814496
0.259000 1.812069
0.259200 1.809628
0.259400 1.807175
0.259600 1.804708
0.259800 1.802229
0.260000 1.799736
0.260200 1.797231
0.260400 1.794713
0.260600 1.792182
0.260800 1.789638
0.261000 1.787082
0.261200 1.784513
0.261400 1.781931
0.261600 1.779337
0.261800 1.776731
0.262000 1.774112
0.262200 1.771481
0.262400 1.768837
0.262600 1.766182
0.262800 1.763514
0.263000 1.760834
0.263200 1.758141
0.263400 1.755437
0.263600 1.752721
0.263800 1.749993
0.264000 1.747253
0.264200 1.744501
0.264400 1.741738
0.264600 1.738963
0.264800 1.736176
0.265000 1.733378
0.265200 1.730568
0.265400 1.727747
0.265600 1.724915
0.265800 1.722071
0.266000 1.719216
0.266200 1.716350
0.266400 1.713473
0.266600 1.710584
0.266800 1.707685
0.267000 1.704775
0.267200 1.701854
0.267400 1.698922
0.267600 1.695979
0.267800 1.693026
0.268000 1.690062
0.268200 1.687088
0.268400 1.684103
0.268600 1.681108
0.268800 1.678102
0.269000 1.675086
0.269200 1.672060
0.269400 1.669024
0.269600 1.665978
0.269800 1.662922
0.270000 1.659856
0.270200 1.656780
0.270400 1.653694
0.270600 1.650599
0.270800 1.647494
0.271000 1.644380
0.271200 1.641256
0.271400 1.638122
0.271600 1.634979
0.271800 1.631827
0.272000 1.628666
0.272200 1.625496
0.272400 1.622316
0.272600 1.619128
0.272800 1.615930
0.273000 1.612724
0.273200 1.609509
0.273400 1.606286
0.273600 1.603053
0.273800 1.599812
0.274000 1.596563
0.274200 1.593305
0.274400 1.590039
0.274600 1.586765
0.274800 1.583483
0.275000 1.580192
0.275200 1.576894
0.275400 1.573587
0.275600 1.570273
0.275800 1.566951
0.276000 1.563621
0.276200 1.560283
0.276400 1.556938
0.276600 1.553585
0.276800 1.550225
0.277000 1.546858
0.277200 1.543483
0.277400 1.540102
0.277600 1.536713
0.277800 1.533317
0.278000 1.529914
0.278200 1.526504
0.278400 1.523087
0.278600 1.519664
0.278800 1.516234
0.279000 1.512797
0.279200 1.509354
0.279400 1.505905
0.279600 1.502449
0.279800 1.498987
0.280000 1.495519
0.280200 1.492044
0.280400 1.488564
0.280600 1.485078
0.280800 1.481585
0.281000 1.478087
0.281200 1.474584
0.281400 1.471074
0.281600 1.467559
0.281800 1.464039
0.282000 1.460513
0.282200 1.456982
0.282400 1.453446
0.282600 1.449904
0.282800 1.446357
0.283000 1.442806
0.283200 1.439249
0.283400 1.435688
0.283600 1.432121
0.283800 1.428550
0.284000 1.424975
0.284200 1.421395
0.284400 1.417810
0.284600 1.414221
0.284800 1.410628
0.285000 1.407030
0.285200 1.403428
0.285400 1.399823
0.285600 1.396213
0.285800 1.392599
0.286000 1.388982
0.286200 1.385360
0.286400 1.381735
0.286600 1.378107
0.286800 1.374474
0.287000 1.370839
0.287200 1.367200
0.287400 1.363558
0.287600 1.359912
0.287800 1.356263
0.288000 1.352612
0.288200 1.348957
0.288400 1.345299
0.288600 1.341639
0.288800 1.337975
0.289000 1.334309
0.289200 1.330641
0.289400 1.326970
0.289600 1.323296
0.289800 1.319620
0.290000 1.315942
0.290200 1.312261
0.290400 1.308578
0.290600 1.304894
0.290800 1.301207
0.291000 1.297518
0.291200 1.293828
0.291400 1.290135
0.291600 1.286441
0.291800 1.282745
0.292000 1.279048
0.292200 1.275349
0.292400 1.271649
0.292600 1.267948
0.292800 1.264245
0.293000 1.260541
0.293200 1.256836
0.293400 1.253130
0.293600 1.249423
0.293800 1.245715
0.294000 1.242006
0.294200 1.238297
0.294400 1.234587
0.294600 1.230876
0.294800 1.227164
0.295000 1.223453
0.295200 1.219740
0.295400 1.216028
0.295600 1.212315
0.295800 1.208602
0.296000 1.204889
0.296200 1.201176
0.296400 1.197463
0.296600 1.193750
0.296800 1.190038
0.297000 1.186325
0.297200 1.182613
0.297400 1.178901
0.297600 1.175190
0.297800 1.171479
0.298000 1.167769
0.298200 1.164059
0.298400 1.160351
0.298600 1.156643
0.298800 1.152935
0.299000 1.149229
0.299200 1.145524
0.299400 1.141820
0.299600 1.138117
0.299800 1.134415
0.300000 1.130715
0.300200 1.127016
0.300400 1.123318
0.300600 1.119622
0.300800 1.115927
0.301000 1.112234
0.301200 1.108542
0.301400 1.104853
0.301600 1.101165
0.301800 1.097479
0.302000 1.093794
0.302200 1.090112
0.302400 1.086432
0.302600 1.082754
0.302800 1.079078
0.303000 1.075405
0.303200 1.071733
0.303400 1.068065
0.303600 1.064398
0.303800 1.060734
0.304000 1.057073
0.304200 1.053414
0.304400 1.049758
0.304600 1.046104
0.304800 1.042454
0.305000 1.038806
0.305200 1.035161
0.305400 1.031519
0.305600 1.027880
0.305800 1.024244
0.306000 1.020612
0.306200 1.016982
0.306400 1.013356
0.306600 1.009733
0.306800 1.006114
0.307000 1.002498
0.307200 0.998885
0.307400 0.995277
0.307600 0.991671
0.307800 0.988069
0.308000 0.984472
0.308200 0.980877
0.308400 0.977287
0.308600 0.973700
0.308800 0.970118
0.309000 0.966539
0.309200 0.962965
0.309400 0.959394
0.309600 0.955828
0.309800 0.952266
0.310000 0.948708
0.310200 0.945155
0.310400 0.941606
0.310600 0.938061
0.310800 0.934521
0.311000 0.930985
0.311200 0.927454
0.311400 0.923927
0.311600 0.920405
0.311800 0.916888
0.312000 0.913376
0.312200 0.909868
0.312400 0.906365
0.312600 0.902868
0.312800 0.899375
0.313000 0.895887
0.313200 0.892404
0.313400 0.888926
0.313600 0.885454
0.313800 0.881987
0.314000 0.878524
0.314200 0.875068
0.314400 0.871616
0.314600 0.868170
0.314800 0.864729
0.315000 0.861294
0.315200 0.857864
0.315400 0.854440
0.315600 0.851021
0.315800 0.847609
0.316000 0.844201
0.316200 0.840800
0.316400 0.837404
0.316600 0.834014
0.316800 0.830630
0.317000 0.827252
0.317200 0.823879
0.317400 0.820513
0.317600 0.817153
0.317800 0.813799
0.318000 0.810450
0.318200 0.807108
0.318400 0.803773
0.318600 0.800443
0.318800 0.797120
0.319000 0.793802
0.319200 0.790492
0.319400 0.787187
0.319600 0.783889
0.319800 0.780598
0.320000 0.777312
0.320200 0.774034
0.320400 0.770762
0.320600 0.767496
0.320800 0.764237
0.321000 0.760985
0.321200 0.757740
0.321400 0.754501
0.321600 0.751269
0.321800 0.748043
0.322000 0.744825
0.322200 0.741613
0.322400 0.738408
0.322600 0.735210
0.322800 0.732019
0.323000 0.728835
0.323200 0.725659
0.323400 0.722489
0.323600 0.719326
0.323800 0.716170
0.324000 0.713021
0.324200 0.709880
0.324400 0.706745
0.324600 0.703618
0.324800 0.700498
0.325000 0.697386
0.325200 0.694280
0.325400 0.691182
0.325600 0.688092
0.325800 0.685008
0.326000 0.681933
0.326200 0.678864
0.326400 0.675803
0.326600 0.672750
0.326800 0.669704
0.327000 0.666665
0.327200 0.663634
0.327400 0.660611
0.327600 0.657595
0.327800 0.654587
0.328000 0.651586
0.328200 0.648593
0.328400 0.645608
0.328600 0.642631
0.328800 0.639661
0.329000 0.636699
0.329200 0.633745
0.329400 0.630798
0.329600 0.627860
0.329800 0.624929
0.330000 0.622006
0.330200 0.619091
0.330400 0.616184
0.330600 0.613285
0.330800 0.610393
0.331000 0.607510
0.331200 0.604635
0.331400 0.601767
0.331600 0.598908
0.331800 0.596057
0.332000 0.593213
0.332200 0.590378
0.332400 0.587551
0.332600 0.584732
0.332800 0.581921
0.333000 0.579118
0.333200 0.576323
0.333400 0.573536
0.333600 0.570758
0.333800 0.567988
0.334000 0.565226
0.334200 0.562472
0.334400 0.559726
0.334600 0.556989
0.334800 0.554259
0.335000 0.551538
0.335200 0.548826
0.335400 0.546121
0.335600 0.543425
0.335800 0.540737
0.336000 0.538058
0.336200 0.535387
0.336400 0.532724
0.336600 0.530069
0.336800 0.527423
0.337000 0.524785
0.337200 0.522156
0.337400 0.519535
0.337600 0.516922
0.337800 0.514318
0.338000 0.511722
0.338200 0.509134
0.338400 0.506555
0.338600 0.503985
0.338800 0.501422
0.339000 0.498869
0.339200 0.496323
0.339400 0.493786
0.339600 0.491258
0.339800 0.488738
0.340000 0.486226
0.340200 0.483723
0.340400 0.481229
0.340600 0.478743
0.340800 0.476265
0.341000 0.473796
0.341200 0.471335
0.341400 0.468883
0.341600 0.466440
0.341800 0.464005
0.342000 0.461578
0.342200 0.459160
0.342400 0.456750
0.342600 0.454349
0.342800 0.451957
0.343000 0.449573
0.343200 0.447197
0.343400 0.444830
0.343600 0.442471
0.343800 0.440121
0.344000 0.437780
0.344200 0.435447
0.344400 0.433123
0.344600 0.430807
0.344800 0.428499
0.345000 0.426200
0.345200 0.423910
0.345400 0.421628
0.345600 0.419355
0.345800 0.417090
0.346000 0.414834
0.346200 0.412586
0.346400 0.410347
0.346600 0.408116
0.346800 0.405894
0.347000 0.403680
0.347200 0.401474
0.347400 0.399278
0.347600 0.397089
0.347800 0.394909
0.348000 0.392738
0.348200 0.390575
0.348400 0.388421
0.348600 0.386275
0.348800 0.384137
0.349000 0.382008
0.349200 0.379887
0.349400 0.377775
0.349600 0.375671
0.349800 0.373576
0.350000 0.371489
0.350200 0.369411
0.350400 0.367340
0.350600 0.365279
0.350800 0.363225
0.351000 0.361181
0.351200 0.359144
0.351400 0.357116
0.351600 0.355096
0.351800 0.353085
0.352000 0.351082
0.352200 0.349087
0.352400 0.347100
0.352600 0.345122
0.352800 0.343152
0.353000 0.341191
0.353200 0.339238
0.353400 0.337293
0.353600 0.335356
0.353800 0.333428
0.354000 0.331508
0.354200 0.329596
0.354400 0.327692
0.354600 0.325797
0.354800 0.323910
0.355000 0.322031
0.355200 0.320160
0.355400 0.318297
0.355600 0.316443
0.355800 0.314597
0.356000 0.312759
0.356200 0.310929
0.356400 0.309107
0.356600 0.307293
0.356800 0.305487
0.357000 0.303690
0.357200 0.301900
0.357400 0.300119
0.357600 0.298346
0.357800 0.296580
0.358000 0.294823
0.358200 0.293074
0.358400 0.291332
0.358600 0.289599
0.358800 0.287874
0.359000 0.286156
0.359200 0.284447
0.359400 0.282745
0.359600 0.281052
0.359800 0.279366
0.360000 0.277688
0.360200 0.276018
0.360400 0.274356
0.360600 0.272702
0.360800 0.271055
0.361000 0.269417
0.361200 0.267786
0.361400 0.266163
0.361600 0.264548
0.361800 0.262940
0.362000 0.261340
0.362200 0.259748
0.362400 0.258164
0.362600 0.256587
0.362800 0.255018
0.363000 0.253457
0.363200 0.251903
0.363400 0.250357
0.363600 0.248818
0.363800 0.247287
0.364000 0.245764
0.364200 0.244248
0.364400 0.242740
0.364600 0.241239
0.364800 0.239746
0.365000 0.238260
0.365200 0.236782
0.365400 0.235311
0.365600 0.233848
0.365800 0.232392
0.366000 0.230943
0.366200 0.229502
0.366400 0.228068
0.366600 0.226642
0.366800 0.225223
0.367000 0.223811
0.367200 0.222407
0.367400 0.221009
0.367600 0.219619
0.367800 0.218237
0.368000 0.216861
0.368200 0.215493
0.368400 0.214131
0.368600 0.212777
0.368800 0.211431
0.369000 0.210091
0.369200 0.208758
0.369400 0.207433
0.369600 0.206114
0.369800 0.204803
0.370000 0.203499
0.370200 0.202201
0.370400 0.200911
0.370600 0.199627
0.370800 0.198351
0.371000 0.197082
0.371200 0.195819
0.371400 0.194563
0.371600 0.193314
0.371800 0.192073
0.372000 0.190837
0.372200 0.189609
0.372400 0.188388
0.372600 0.187173
0.372800 0.185965
0.373000 0.184764
0.373200 0.183569
0.373400 0.182381
0.373600 0.181200
0.373800 0.180026
0.374000 0.178858
0.374200 0.177697
0.374400 0.176542
0.374600 0.175394
0.374800 0.174253
0.375000 0.173118
0.375200 0.171989
0.375400 0.170867
0.375600 0.169752
0.375800 0.168643
0.376000 0.167540
0.376200 0.166444
0.376400 0.165354
0.376600 0.164271
0.376800 0.163194
0.377000 0.162123
0.377200 0.161059
0.377400 0.160001
0.377600 0.158949
0.377800 0.157904
0.378000 0.156864
0.378200 0.155831
0.378400 0.154804
0.378600 0.153783
0.378800 0.152769
0.379000 0.151760
0.379200 0.150758
0.379400 0.149762
0.379600 0.148772
0.379800 0.147787
0.380000 0.146809
0.380200 0.145837
0.380400 0.144871
0.380600 0.143911
0.380800 0.142956
0.381000 0.142008
0.381200 0.141066
0.381400 0.140129
0.381600 0.139198
0.381800 0.138273
0.382000 0.137354
0.382200 0.136441
0.382400 0.135534
0.382600 0.134632
0.382800 0.133736
0.383000 0.132846
0.383200 0.131961
0.383400 0.131082
0.383600 0.130209
0.383800 0.129341
0.384000 0.128479
0.384200 0.127623
0.384400 0.126772
0.384600 0.125926
0.384800 0.125087
0.385000 0.124252
0.385200 0.123423
0.385400 0.122600
0.385600 0.121782
0.385800 0.120970
0.386000 0.120163
0.386200 0.119361
0.386400 0.118564
0.386600 0.117773
0.386800 0.116988
0.387000 0.116207
0.387200 0.115432
0.387400 0.114662
0.387600 0.113898
0.387800 0.113138
0.388000 0.112384
0.388200 0.111635
0.388400 0.110891
0.388600 0.110152
0.388800 0.109419
0.389000 0.108690
0.389200 0.107967
0.389400 0.107248
0.389600 0.106535
0.389800 0.105827
0.390000 0.105123
0.390200 0.104425
0.390400 0.103732
0.390600 0.103043
0.390800 0.102359
0.391000 0.101681
0.391200 0.101007
0.391400 0.100338
0.391600 0.099674
0.391800 0.099015
0.392000 0.098360
0.392200 0.097710
0.392400 0.097065
0.392600 0.096425
0.392800 0.095790
0.393000 0.095159
0.393200 0.094533
0.393400 0.093911
0.393600 0.093294
0.393800 0.092682
0.394000 0.092075
0.394200 0.091472
0.394400 0.090873
0.394600 0.090279
0.394800 0.089690
0.395000 0.089105
0.395200 0.088524
0.395400 0.087948
0.395600 0.087377
0.395800 0.086810
0.396000 0.086247
0.396200 0.085689
0.396400 0.085135
0.396600 0.084585
0.396800 0.084040
0.397000 0.083499
0.397200 0.082963
0.397400 0.082430
0.397600 0.081902
0.397800 0.081379
0.398000 0.080859
0.398200 0.080344
0.398400 0.079832
0.398600 0.079325
0.398800 0.078822
0.399000 0.078324
0.399200 0.077829
0.399400 0.077339
0.399600 0.076852
0.399800 0.076370
0.400000 0.075891
0.400200 0.075417
0.400400 0.074947
0.400600 0.074480
0.400800 0.074018
0.401000 0.073560
0.401200 0.073105
0.401400 0.072655
0.401600 0.072208
0.401800 0.071765
0.402000 0.071327
0.402200 0.070892
0.402400 0.070460
0.402600 0.070033
0.402800 0.069609
0.403000 0.069190
0.403200 0.068774
0.403400 0.068361
0.403600 0.067953
0.403800 0.067548
0.404000 0.067147
0.404200 0.066750
0.404400 0.066356
0.404600 0.065966
0.404800 0.065579
0.405000 0.065197
0.405200 0.064818
0.405400 0.064442
0.405600 0.064070
0.405800 0.063701
0.406000 0.063337
0.406200 0.062975
0.406400 0.062617
0.406600 0.062263
0.406800 0.061912
0.407000 0.061565
0.407200 0.061221
0.407400 0.060880
0.407600 0.060543
0.407800 0.060210
0.408000 0.059879
0.408200 0.059553
0.408400 0.059229
0.408600 0.058909
0.408800 0.058592
0.409000 0.058279
0.409200 0.057969
0.409400 0.057662
0.409600 0.057359
0.409800 0.057059
0.410000 0.056762
0.410200 0.056468
0.410400 0.056178
0.410600 0.055891
0.410800 0.055607
0.411000 0.055326
0.411200 0.055049
0.411400 0.054775
0.411600 0.054504
0.411800 0.054236
0.412000 0.053971
0.412200 0.053710
0.412400 0.053452
0.412600 0.053197
0.412800 0.052945
0.413000 0.052696
0.413200 0.052451
0.413400 0.052209
0.413600 0.051970
0.413800 0.051734
0.414000 0.051501
0.414200 0.051271
0.414400 0.051045
0.414600 0.050821
0.414800 0.050601
0.415000 0.050384
0.415200 0.050171
0.415400 0.049960
0.415600 0.049753
0.415800 0.049549
0.416000 0.049348
0.416200 0.049151
0.416400 0.048956
0.416600 0.048765
0.416800 0.048578
0.417000 0.048393
0.417200 0.048212
0.417400 0.048035
0.417600 0.047861
0.417800 0.047690
0.418000 0.047523
0.418200 0.047359
0.418400 0.047199
0.418600 0.047042
0.418800 0.046890
0.419000 0.046740
0.419200 0.046595
0.419400 0.046454
0.419600 0.046316
0.419800 0.046182
0.420000 0.046052
0.420200 0.045927
0.420400 0.045805
0.420600 0.045688
0.420800 0.045575
0.421000 0.045467
0.421200 0.045363
0.421400 0.045263
0.421600 0.045169
0.421800 0.045079
0.422000 0.044995
0.422200 0.044915
0.422400 0.044841
0.422600 0.044772
0.422800 0.044708
0.423000 0.044651
0.423200 0.044599
0.423400 0.044553
0.423600 0.044514
0.423800 0.044480
0.424000 0.044454
0.424200 0.044434
0.424400 0.044422
0.424600 0.044417
0.424800 0.044419
0.425000 0.044429
0.425200 0.044447
0.425400 0.044474
0.425600 0.044509
0.425800 0.044553
0.426000 0.044606
0.426200 0.044669
0.426400 0.044742
0.426600 0.044825
0.426800 0.044919
0.427000 0.045024
0.427200 0.045141
0.427400 0.045269
0.427600 0.045410
0.427800 0.045563
0.428000 0.045730
0.428200 0.045911
0.428400 0.046105
0.428600 0.046315
0.428800 0.046540
0.429000 0.046781
0.429200 0.047038
0.429400 0.047313
0.429600 0.047605
0.429800 0.047916
0.430000 0.048245
0.430200 0.048595
0.430400 0.048965
0.430600 0.049356
0.430800 0.049769
0.431000 0.050205
0.431200 0.050664
0.431400 0.051148
0.431600 0.051657
0.431800 0.052192
0.432000 0.052755
0.432200 0.053345
0.432400 0.053964
0.432600 0.054613
0.432800 0.055293
0.433000 0.056005
0.433200 0.056751
0.433400 0.057530
0.433600 0.058344
0.433800 0.059195
0.434000 0.060083
0.434200 0.061010
0.434400 0.061977
0.434600 0.062985
0.434800 0.064036
0.435000 0.065130
0.435200 0.066269
0.435400 0.067455
0.435600 0.068688
0.435800 0.069971
0.436000 0.071303
0.436200 0.072688
0.436400 0.074126
0.436600 0.075619
0.436800 0.077169
0.437000 0.078776
0.437200 0.080442
0.437400 0.082169
0.437600 0.083959
0.437800 0.085813
0.438000 0.087732
0.438200 0.089718
0.438400 0.091773
0.438600 0.093899
0.438800 0.096096
0.439000 0.098367
0.439200 0.100713
0.439400 0.103136
0.439600 0.105637
0.439800 0.108218
0.440000 0.110882
0.440200 0.113628
0.440400 0.116459
0.440600 0.119377
0.440800 0.122383
0.441000 0.125478
0.441200 0.128665
0.441400 0.131945
0.441600 0.135319
0.441800 0.138788
0.442000 0.142355
0.442200 0.146020
0.442400 0.149786
0.442600 0.153653
0.442800 0.157622
0.443000 0.161696
0.443200 0.165875
0.443400 0.170160
0.443600 0.174553
0.443800 0.179055
0.444000 0.183666
0.444200 0.188389
0.444400 0.193223
0.444600 0.198169
0.444800 0.203229
0.445000 0.208402
0.445200 0.213691
0.445400 0.219094
0.445600 0.224614
0.445800 0.230249
0.446000 0.236001
0.446200 0.241869
0.446400 0.247854
0.446600 0.253956
0.446800 0.260175
0.447000 0.266510
0.447200 0.272962
0.447400 0.279530
0.447600 0.286213
0.447800 0.293010
0.448000 0.299922
0.448200 0.306948
0.448400 0.314085
0.448600 0.321334
0.448800 0.328693
0.449000 0.336161
0.449200 0.343736
0.449400 0.351417
0.449600 0.359202
0.449800 0.367089
0.450000 0.375077
0.450200 0.383162
0.450400 0.391344
0.450600 0.399619
0.450800 0.407985
0.451000 0.416440
0.451200 0.424981
0.451400 0.433604
0.451600 0.442307
0.451800 0.451086
0.452000 0.459939
0.452200 0.468861
0.452400 0.477850
0.452600 0.486901
0.452800 0.496011
0.453000 0.505175
0.453200 0.514390
0.453400 0.523651
0.453600 0.532955
0.453800 0.542296
0.454000 0.551670
0.454200 0.561072
0.454400 0.570497
0.454600 0.579942
0.454800 0.589400
0.455000 0.598866
0.455200 0.608335
0.455400 0.617803
0.455600 0.627263
0.455800 0.636710
0.456000 0.646139
0.456200 0.655544
0.456400 0.664919
0.456600 0.674259
0.456800 0.683558
0.457000 0.692810
0.457200 0.702008
0.457400 0.711148
0.457600 0.720224
0.457800 0.729228
0.458000 0.738156
0.458200 0.747001
0.458400 0.755757
0.458600 0.764419
0.458800 0.772980
0.459000 0.781435
0.459200 0.789776
0.459400 0.798000
0.459600 0.806099
0.459800 0.814067
0.460000 0.821900
0.460200 0.829591
0.460400 0.837135
0.460600 0.844525
0.460800 0.851758
0.461000 0.858826
0.461200 0.865725
0.461400 0.872450
0.461600 0.878995
0.461800 0.885356
0.462000 0.891527
0.462200 0.897504
0.462400 0.903283
0.462600 0.908858
0.462800 0.914226
0.463000 0.919382
0.463200 0.924322
0.463400 0.929043
0.463600 0.933540
0.463800 0.937811
0.464000 0.941852
0.464200 0.945660
0.464400 0.949231
0.464600 0.952563
0.464800 0.955654
0.465000 0.958501
0.465200 0.961102
0.465400 0.963455
0.465600 0.965559
0.465800 0.967411
0.466000 0.969010
0.466200 0.970356
0.466400 0.971447
0.466600 0.972283
0.466800 0.972863
0.467000 0.973187
0.467200 0.973255
0.467400 0.973067
0.467600 0.972624
0.467800 0.971926
0.468000 0.970975
0.468200 0.969771
0.468400 0.968315
0.468600 0.966609
0.468800 0.964655
0.469000 0.962455
0.469200 0.960010
0.469400 0.957324
0.469600 0.954399
0.469800 0.951237
0.470000 0.947841
0.470200 0.944215
0.470400 0.940361
0.470600 0.936284
0.470800 0.931987
0.471000 0.927474
0.471200 0.922749
0.471400 0.917816
0.471600 0.912679
0.471800 0.907342
0.472000 0.901811
0.472200 0.896091
0.472400 0.890185
0.472600 0.884099
0.472800 0.877838
0.473000 0.871408
0.473200 0.864813
0.473400 0.858060
0.473600 0.851153
0.473800 0.844098
0.474000 0.836901
0.474200 0.829568
0.474400 0.822104
0.474600 0.814516
0.474800 0.806809
0.475000 0.798989
0.475200 0.791062
0.475400 0.783034
0.475600 0.774911
0.475800 0.766700
0.476000 0.758406
0.476200 0.750035
0.476400 0.741594
0.476600 0.733088
0.476800 0.724524
0.477000 0.715906
0.477200 0.707243
0.477400 0.698538
0.477600 0.689799
0.477800 0.681030
0.478000 0.672238
0.478200 0.663428
0.478400 0.654607
0.478600 0.645778
0.478800 0.636949
0.479000 0.628124
0.479200 0.619309
0.479400 0.610508
0.479600 0.601727
0.479800 0.592972
0.480000 0.584246
0.480200 0.575555
0.480400 0.566903
0.480600 0.558295
0.480800 0.549735
0.481000 0.541228
0.481200 0.532778
0.481400 0.524389
0.481600 0.516065
0.481800 0.507810
0.482000 0.499627
0.482200 0.491520
0.482400 0.483493
0.482600 0.475549
0.482800 0.467691
0.483000 0.459921
0.483200 0.452244
0.483400 0.444662
0.483600 0.437177
0.483800 0.429792
0.484000 0.422509
0.484200 0.415331
0.484400 0.408260
0.484600 0.401297
0.484800 0.394445
0.485000 0.387705
0.485200 0.381079
0.485400 0.374568
0.485600 0.368174
0.485800 0.361898
0.486000 0.355742
0.486200 0.349705
0.486400 0.343789
0.486600 0.337995
0.486800 0.332324
0.487000 0.326775
0.487200 0.321350
0.487400 0.316049
0.487600 0.310872
0.487800 0.305819
0.488000 0.300890
0.488200 0.296086
0.488400 0.291406
0.488600 0.286850
0.488800 0.282417
0.489000 0.278108
0.489200 0.273922
0.489400 0.269858
0.489600 0.265916
0.489800 0.262096
0.490000 0.258396
0.490200 0.254816
0.490400 0.251354
0.490600 0.248011
0.490800 0.244785
0.491000 0.241676
0.491200 0.238682
0.491400 0.235802
0.491600 0.233035
0.491800 0.230381
0.492000 0.227837
0.492200 0.225404
0.492400 0.223079
0.492600 0.220861
0.492800 0.218750
0.493000 0.216744
0.493200 0.214841
0.493400 0.213042
0.493600 0.211343
0.493800 0.209744
0.494000 0.208244
0.494200 0.206842
0.494400 0.205536
0.494600 0.204325
0.494800 0.203207
0.495000 0.202182
0.495200 0.201248
0.495400 0.200404
0.495600 0.199649
0.495800 0.198982
0.496000 0.198401
0.496200 0.197906
0.496400 0.197495
0.496600 0.197167
0.496800 0.196922
0.497000 0.196758
0.497200 0.196674
0.497400 0.196669
0.497600 0.196743
0.497800 0.196894
0.498000 0.197122
0.498200 0.197426
0.498400 0.197806
0.498600 0.198260
0.498800 0.198789
0.499000 0.199391
0.499200 0.200066
0.499400 0.200814
0.499600 0.201634
0.499800 0.202526
0.500000 0.203489
0.500200 0.204525
0.500400 0.205632
0.500600 0.206810
0.500800 0.208060
0.501000 0.209381
0.501200 0.210775
0.501400 0.212241
0.501600 0.213779
0.501800 0.215391
0.502000 0.217076
0.502200 0.218836
0.502400 0.220671
0.502600 0.222582
0.502800 0.224570
0.503000 0.226636
0.503200 0.228782
0.503400 0.231009
0.503600 0.233318
0.503800 0.235711
0.504000 0.238190
0.504200 0.240756
0.504400 0.243412
0.504600 0.246159
0.504800 0.249001
0.505000 0.251939
0.505200 0.254976
0.505400 0.258116
0.505600 0.261360
0.505800 0.264712
0.506000 0.268175
0.506200 0.271753
0.506400 0.275450
0.506600 0.279269
0.506800 0.283214
0.507000 0.287289
0.507200 0.291500
0.507400 0.295850
0.507600 0.300345
0.507800 0.304989
0.508000 0.309788
0.508200 0.314747
0.508400 0.319872
0.508600 0.325169
0.508800 0.330644
0.509000 0.336303
0.509200 0.342153
0.509400 0.348201
0.509600 0.354454
0.509800 0.360918
0.510000 0.367602
0.510200 0.374514
0.510400 0.381660
0.510600 0.389050
0.510800 0.396691
0.511000 0.404593
0.511200 0.412763
0.511400 0.421212
0.511600 0.429948
0.511800 0.438980
0.512000 0.448318
0.512200 0.457972
0.512400 0.467952
0.512600 0.478267
0.512800 0.488928
0.513000 0.499945
0.513200 0.511328
0.513400 0.523089
0.513600 0.535236
0.513800 0.547782
0.514000 0.560737
0.514200 0.574111
0.514400 0.587916
0.514600 0.602161
0.514800 0.616858
0.515000 0.632017
0.515200 0.647648
0.515400 0.663762
0.515600 0.680370
0.515800 0.697481
0.516000 0.715105
0.516200 0.733252
0.516400 0.751931
0.516600 0.771151
0.516800 0.790922
0.517000 0.811251
0.517200 0.832147
0.517400 0.853617
0.517600 0.875669
0.517800 0.898309
0.518000 0.921544
0.518200 0.945379
0.518400 0.969819
0.518600 0.994869
0.518800 1.020532
0.519000 1.046812
0.519200 1.073710
0.519400 1.101230
0.519600 1.129370
0.519800 1.158132
0.520000 1.187514
0.520200 1.217515
0.520400 1.248132
0.520600 1.279361
0.520800 1.311198
0.521000 1.343636
0.521200 1.376671
0.521400 1.410292
0.521600 1.444493
0.521800 1.479263
0.522000 1.514591
0.522200 1.550464
0.522400 1.586871
0.522600 1.623796
0.522800 1.661224
0.523000 1.699137
0.523200 1.737520
0.523400 1.776351
0.523600 1.815612
0.523800 1.855280
0.524000 1.895334
0.524200 1.935750
0.524400 1.976503
0.524600 2.017568
0.524800 2.058917
0.525000 2.100524
0.525200 2.142358
0.525400 2.184390
0.525600 2.226591
0.525800 2.268927
0.526000 2.311366
0.526200 2.353875
0.526400 2.396421
0.526600 2.438967
0.526800 2.481480
0.527000 2.523922
0.527200 2.566257
0.527400 2.608448
0.527600 2.650458
0.527800 2.692249
0.528000 2.733783
0.528200 2.775021
0.528400 2.815925
0.528600 2.856458
0.528800 2.896579
0.529000 2.936251
0.529200 2.975436
0.529400 3.014096
0.529600 3.052193
0.529800 3.089691
0.530000 3.126552
0.530200 3.162740
0.530400 3.198220
0.530600 3.232958
0.530800 3.266919
0.531000 3.300071
0.531200 3.332381
0.531400 3.363818
0.531600 3.394352
0.531800 3.423956
0.532000 3.452600
0.532200 3.480260
0.532400 3.506909
0.532600 3.532525
0.532800 3.557086
0.533000 3.580571
0.533200 3.602962
0.533400 3.624240
0.533600 3.644392
0.533800 3.663401
0.534000 3.681258
0.534200 3.697950
0.534400 3.713469
0.534600 3.727809
0.534800 3.740965
0.535000 3.752933
0.535200 3.763711
0.535400 3.773300
0.535600 3.781703
0.535800 3.788923
0.536000 3.794967
0.536200 3.799841
0.536400 3.803555
0.536600 3.806120
0.536800 3.807550
0.537000 3.807857
0.537200 3.807059
0.537400 3.805174
0.537600 3.802219
0.537800 3.798216
0.538000 3.793188
0.538200 3.787156
0.538400 3.780147
0.538600 3.772186
0.538800 3.763301
0.539000 3.753519
0.539200 3.742870
0.539400 3.731384
0.539600 3.719093
0.539800 3.706029
0.540000 3.692224
0.540200 3.677711
0.540400 3.662526
0.540600 3.646702
0.540800 3.630274
0.541000 3.613278
0.541200 3.595750
0.541400 3.577725
0.541600 3.559238
0.541800 3.540327
0.542000 3.521027
0.542200 3.501374
0.542400 3.481403
0.542600 3.461150
0.542800 3.440650
0.543000 3.419937
0.543200 3.399047
0.543400 3.378012
0.543600 3.356865
0.543800 3.335640
0.544000 3.314368
0.544200 3.293080
0.544400 3.271806
0.544600 3.250576
0.544800 3.229418
0.545000 3.208361
0.545200 3.187430
0.545400 3.166652
0.545600 3.146051
0.545800 3.125650
0.546000 3.105474
0.546200 3.085542
0.546400 3.065875
0.546600 3.046494
0.546800 3.027415
0.547000 3.008656
0.547200 2.990233
0.547400 2.972161
0.547600 2.954453
0.547800 2.937122
0.548000 2.920179
0.548200 2.903635
0.548400 2.887499
0.548600 2.871779
0.548800 2.856482
0.549000 2.841613
0.549200 2.827179
0.549400 2.813182
0.549600 2.799627
0.549800 2.786514
0.550000 2.773846
0.550200 2.761621
0.550400 2.749841
0.550600 2.738502
0.550800 2.727604
0.551000 2.717142
0.551200 2.707113
0.551400 2.697512
0.551600 2.688335
0.551800 2.679576
0.552000 2.671227
0.552200 2.663283
0.552400 2.655736
0.552600 2.648577
0.552800 2.641798
0.553000 2.635391
0.553200 2.629346
0.553400 2.623653
0.553600 2.618303
0.553800 2.613286
0.554000 2.608591
0.554200 2.604207
0.554400 2.600123
0.554600 2.596328
0.554800 2.592812
0.555000 2.589563
0.555200 2.586569
0.555400 2.583819
0.555600 2.581302
0.555800 2.579006
0.556000 2.576920
0.556200 2.575032
0.556400 2.573330
0.556600 2.571805
0.556800 2.570444
0.557000 2.569236
0.557200 2.568170
0.557400 2.567236
0.557600 2.566423
0.557800 2.565720
0.558000 2.565117
0.558200 2.564604
0.558400 2.564171
0.558600 2.563808
0.558800 2.563506
0.559000 2.563256
0.559200 2.563047
0.559400 2.562873
0.559600 2.562723
0.559800 2.562591
0.560000 2.562466
0.560200 2.562343
0.560400 2.562213
0.560600 2.562068
0.560800 2.561903
0.561000 2.561709
0.561200 2.561481
0.561400 2.561211
0.561600 2.560895
0.561800 2.560526
0.562000 2.560098
0.562200 2.559607
0.562400 2.559047
0.562600 2.558413
0.562800 2.557701
0.563000 2.556906
0.563200 2.556024
0.563400 2.555051
0.563600 2.553983
0.563800 2.552817
0.564000 2.551550
0.564200 2.550178
0.564400 2.548698
0.564600 2.547108
0.564800 2.545405
0.565000 2.543587
0.565200 2.541652
0.565400 2.539597
0.565600 2.537421
0.565800 2.535121
0.566000 2.532697
0.566200 2.530148
0.566400 2.527471
0.566600 2.524666
0.566800 2.521731
0.567000 2.518667
0.567200 2.515472
0.567400 2.512145
0.567600 2.508687
0.567800 2.505097
0.568000 2.501374
0.568200 2.497519
0.568400 2.493532
0.568600 2.489412
0.568800 2.485159
0.569000 2.480775
0.569200 2.476259
0.569400 2.471613
0.569600 2.466835
0.569800 2.461927
0.570000 2.456890
0.570200 2.451724
0.570400 2.446431
0.570600 2.441010
0.570800 2.435464
0.571000 2.429792
0.571200 2.423997
0.571400 2.418078
0.571600 2.412038
0.571800 2.405878
0.572000 2.399598
0.572200 2.393200
0.572400 2.386686
0.572600 2.380056
0.572800 2.373313
0.573000 2.366458
0.573200 2.359492
0.573400 2.352416
0.573600 2.345233
0.573800 2.337944
0.574000 2.330551
0.574200 2.323055
0.574400 2.315458
0.574600 2.307762
0.574800 2.299968
0.575000 2.292078
0.575200 2.284095
0.575400 2.276019
0.575600 2.267853
0.575800 2.259598
0.576000 2.251257
0.576200 2.242831
0.576400 2.234322
0.576600 2.225732
0.576800 2.217063
0.577000 2.208317
0.577200 2.199496
0.577400 2.190602
0.577600 2.181636
0.577800 2.172601
0.578000 2.163499
0.578200 2.154331
0.578400 2.145100
0.578600 2.135808
0.578800 2.126456
0.579000 2.117047
0.579200 2.107583
0.579400 2.098065
0.579600 2.088496
0.579800 2.078878
0.580000 2.069212
0.580200 2.059501
0.580400 2.049746
0.580600 2.039950
0.580800 2.030115
0.581000 2.020242
0.581200 2.010334
0.581400 2.000392
0.581600 1.990419
0.581800 1.980416
0.582000 1.970386
0.582200 1.960330
0.582400 1.950250
0.582600 1.940149
0.582800 1.930027
0.583000 1.919888
0.583200 1.909733
0.583400 1.899564
0.583600 1.889382
0.583800 1.879190
0.584000 1.868989
0.584200 1.858781
0.584400 1.848569
0.584600 1.838353
0.584800 1.828136
0.585000 1.817920
0.585200 1.807706
0.585400 1.797495
0.585600 1.787291
0.585800 1.777093
0.586000 1.766905
0.586200 1.756728
0.586400 1.746563
0.586600 1.736411
0.586800 1.726276
0.587000 1.716158
0.587200 1.706059
0.587400 1.695980
0.587600 1.685923
0.587800 1.675890
0.588000 1.665881
0.588200 1.655900
0.588400 1.645946
0.588600 1.636021
0.588800 1.626127
0.589000 1.616266
0.589200 1.606437
0.589400 1.596644
0.589600 1.586887
0.589800 1.577168
0.590000 1.567488
0.590200 1.557847
0.590400 1.548248
0.590600 1.538691
0.590800 1.529179
0.591000 1.519711
0.591200 1.510289
0.591400 1.500914
0.591600 1.491588
0.591800 1.482311
0.592000 1.473084
0.592200 1.463909
0.592400 1.454787
0.592600 1.445717
0.592800 1.436703
0.593000 1.427743
0.593200 1.418840
0.593400 1.409993
0.593600 1.401205
0.593800 1.392476
0.594000 1.383806
0.594200 1.375196
0.594400 1.366648
0.594600 1.358161
0.594800 1.349738
0.595000 1.341377
0.595200 1.333081
0.595400 1.324849
0.595600 1.316682
0.595800 1.308581
0.596000 1.300547
0.596200 1.292579
0.596400 1.284680
0.596600 1.276848
0.596800 1.269084
0.597000 1.261390
0.597200 1.253765
0.597400 1.246210
0.597600 1.238725
0.597800 1.231310
0.598000 1.223967
0.598200 1.216695
0.598400 1.209494
0.598600 1.202365
0.598800 1.195309
0.599000 1.188325
0.599200 1.181413
0.599400 1.174574
0.599600 1.167809
0.599800 1.161116
0.600000 1.154497
0.600200 1.147951
0.600400 1.141479
0.600600 1.135080
0.600800 1.128755
0.601000 1.122504
0.601200 1.116326
0.601400 1.110223
0.601600 1.104193
0.601800 1.098237
0.602000 1.092355
0.602200 1.086546
0.602400 1.080811
0.602600 1.075150
0.602800 1.069562
0.603000 1.064048
0.603200 1.058606
0.603400 1.053238
0.603600 1.047943
0.603800 1.042720
0.604000 1.037570
0.604200 1.032492
0.604400 1.027486
0.604600 1.022552
0.604800 1.017690
0.605000 1.012899
0.605200 1.008179
0.605400 1.003530
0.605600 0.998951
0.605800 0.994443
0.606000 0.990004
0.606200 0.985635
0.606400 0.981336
0.606600 0.977105
0.606800 0.972942
0.607000 0.968848
0.607200 0.964822
0.607400 0.960863
0.607600 0.956970
0.607800 0.953145
0.608000 0.949385
0.608200 0.945691
0.608400 0.942063
0.608600 0.938499
0.608800 0.935000
0.609000 0.931564
0.609200 0.928192
0.609400 0.924883
0.609600 0.921637
0.609800 0.918452
0.610000 0.915329
0.610200 0.912267
0.610400 0.909266
0.610600 0.906324
0.610800 0.903443
0.611000 0.900620
0.611200 0.897855
0.611400 0.895149
0.611600 0.892500
0.611800 0.889908
0.612000 0.887372
0.612200 0.884893
0.612400 0.882468
0.612600 0.880098
0.612800 0.877783
0.613000 0.875521
0.613200 0.873312
0.613400 0.871156
0.613600 0.869052
0.613800 0.866999
0.614000 0.864997
0.614200 0.863045
0.614400 0.861144
0.614600 0.859291
0.614800 0.857487
0.615000 0.855731
0.615200 0.854023
0.615400 0.852361
0.615600 0.850746
0.615800 0.849177
0.616000 0.847653
0.616200 0.846174
0.616400 0.844739
0.616600 0.843348
0.616800 0.841999
0.617000 0.840693
0.617200 0.839429
0.617400 0.838207
0.617600 0.837025
0.617800 0.835883
0.618000 0.834781
0.618200 0.833719
0.618400 0.832695
0.618600 0.831709
0.618800 0.830760
0.619000 0.829849
0.619200 0.828974
0.619400 0.828135
0.619600 0.827331
0.619800 0.826563
0.620000 0.825828
0.620200 0.825128
0.620400 0.824460
0.620600 0.823826
0.620800 0.823224
0.621000 0.822654
0.621200 0.822115
0.621400 0.821606
0.621600 0.821128
0.621800 0.820680
0.622000 0.820261
0.622200 0.819871
0.622400 0.819510
0.622600 0.819176
0.622800 0.818869
0.623000 0.818590
0.623200 0.818337
0.623400 0.818109
0.623600 0.817908
0.623800 0.817731
0.624000 0.817579
0.624200 0.817452
0.624400 0.817348
0.624600 0.817267
0.624800 0.817209
0.625000 0.817174
0.625200 0.817160
0.625400 0.817169
0.625600 0.817198
0.625800 0.817248
0.626000 0.817319
0.626200 0.817409
0.626400 0.817520
0.626600 0.817649
0.626800 0.817797
0.627000 0.817963
0.627200 0.818148
0.627400 0.818350
0.627600 0.818570
0.627800 0.818806
0.628000 0.819059
0.628200 0.819328
0.628400 0.819613
0.628600 0.819914
0.628800 0.820230
0.629000 0.820560
0.629200 0.820905
0.629400 0.821264
0.629600 0.821637
0.629800 0.822024
0.630000 0.822424
0.630200 0.822836
0.630400 0.823262
0.630600 0.823699
0.630800 0.824149
0.631000 0.824610
0.631200 0.825083
0.631400 0.825566
0.631600 0.826061
0.631800 0.826566
0.632000 0.827081
0.632200 0.827607
0.632400 0.828142
0.632600 0.828687
0.632800 0.829240
0.633000 0.829803
0.633200 0.830375
0.633400 0.830955
0.633600 0.831543
0.633800 0.832140
0.634000 0.832744
0.634200 0.833355
0.634400 0.833974
0.634600 0.834600
0.634800 0.835233
0.635000 0.835873
0.635200 0.836519
0.635400 0.837171
0.635600 0.837829
0.635800 0.838493
0.636000 0.839163
0.636200 0.839838
0.636400 0.840519
0.636600 0.841204
0.636800 0.841895
0.637000 0.842590
0.637200 0.843289
0.637400 0.843993
0.637600 0.844701
0.637800 0.845413
0.638000 0.846129
0.638200 0.846849
0.638400 0.847572
0.638600 0.848299
0.638800 0.849028
0.639000 0.849761
0.639200 0.850497
0.639400 0.851235
0.639600 0.851976
0.639800 0.852720
0.640000 0.853465
0.640200 0.854213
0.640400 0.854964
0.640600 0.855716
0.640800 0.856470
0.641000 0.857225
0.641200 0.857982
0.641400 0.858741
0.641600 0.859501
0.641800 0.860262
0.642000 0.861024
0.642200 0.861787
0.642400 0.862552
0.642600 0.863317
0.642800 0.864082
0.643000 0.864848
0.643200 0.865615
0.643400 0.866382
0.643600 0.867149
0.643800 0.867917
0.644000 0.868684
0.644200 0.869452
0.644400 0.870219
0.644600 0.870987
0.644800 0.871754
0.645000 0.872520
0.645200 0.873287
0.645400 0.874052
0.645600 0.874818
0.645800 0.875582
0.646000 0.876346
0.646200 0.877109
0.646400 0.877871
0.646600 0.878632
0.646800 0.879392
0.647000 0.880152
0.647200 0.880909
0.647400 0.881666
0.647600 0.882422
0.647800 0.883176
0.648000 0.883928
0.648200 0.884680
0.648400 0.885429
0.648600 0.886177
0.648800 0.886924
0.649000 0.887669
0.649200 0.888412
0.649400 0.889153
0.649600 0.889892
0.649800 0.890630
0.650000 0.891366
0.650200 0.892099
0.650400 0.892831
0.650600 0.893560
0.650800 0.894288
0.651000 0.895013
0.651200 0.895736
0.651400 0.896456
0.651600 0.897175
0.651800 0.897891
0.652000 0.898605
0.652200 0.899316
0.652400 0.900025
0.652600 0.900731
0.652800 0.901435
0.653000 0.902136
0.653200 0.902835
0.653400 0.903531
0.653600 0.904224
0.653800 0.904915
0.654000 0.905603
0.654200 0.906288
0.654400 0.906971
0.654600 0.907650
0.654800 0.908327
0.655000 0.909001
0.655200 0.909672
0.655400 0.910340
0.655600 0.911005
0.655800 0.911667
0.656000 0.912326
0.656200 0.912982
0.656400 0.913635
0.656600 0.914285
0.656800 0.914932
0.657000 0.915575
0.657200 0.916216
0.657400 0.916853
0.657600 0.917487
0.657800 0.918118
0.658000 0.918746
0.658200 0.919370
0.658400 0.919991
0.658600 0.920609
0.658800 0.921223
0.659000 0.921835
0.659200 0.922442
0.659400 0.923047
0.659600 0.923648
0.659800 0.924245
0.660000 0.924840
0.660200 0.925430
0.660400 0.926018
0.660600 0.926601
0.660800 0.927182
0.661000 0.927759
0.661200 0.928332
0.661400 0.928902
0.661600 0.929468
0.661800 0.930030
0.662000 0.930589
0.662200 0.931145
0.662400 0.931697
0.662600 0.932245
0.662800 0.932790
0.663000 0.933331
0.663200 0.933868
0.663400 0.934401
0.663600 0.934931
0.663800 0.935458
0.664000 0.935980
0.664200 0.936499
0.664400 0.937014
0.664600 0.937525
0.664800 0.938033
0.665000 0.938537
0.665200 0.939037
0.665400 0.939533
0.665600 0.940025
0.665800 0.940514
0.666000 0.940999
0.666200 0.941480
0.666400 0.941957
0.666600 0.942430
0.666800 0.942900
0.667000 0.943365
0.667200 0.943827
0.667400 0.944285
0.667600 0.944739
0.667800 0.945189
0.668000 0.945635
0.668200 0.946078
0.668400 0.946516
0.668600 0.946951
0.668800 0.947381
0.669000 0.947808
0.669200 0.948230
0.669400 0.948649
0.669600 0.949064
0.669800 0.949474
0.670000 0.949881
0.670200 0.950284
0.670400 0.950683
0.670600 0.951077
0.670800 0.951468
0.671000 0.951855
0.671200 0.952238
0.671400 0.952617
0.671600 0.952991
0.671800 0.953362
0.672000 0.953729
0.672200 0.954091
0.672400 0.954450
0.672600 0.954804
0.672800 0.955155
0.673000 0.955501
0.673200 0.955843
0.673400 0.956182
0.673600 0.956516
0.673800 0.956846
0.674000 0.957172
0.674200 0.957494
0.674400 0.957811
0.674600 0.958125
0.674800 0.958435
0.675000 0.958740
0.675200 0.959041
0.675400 0.959338
0.675600 0.959632
0.675800 0.959920
0.676000 0.960205
0.676200 0.960486
0.676400 0.960762
0.676600 0.961035
0.676800 0.961303
0.677000 0.961567
0.677200 0.961827
0.677400 0.962083
0.677600 0.962334
0.677800 0.962582
0.678000 0.962825
0.678200 0.963064
0.678400 0.963299
0.678600 0.963530
0.678800 0.963756
0.679000 0.963979
0.679200 0.964197
0.679400 0.964411
0.679600 0.964621
0.679800 0.964827
0.680000 0.965028
0.680200 0.965225
0.680400 0.965418
0.680600 0.965607
0.680800 0.965792
0.681000 0.965972
0.681200 0.966148
0.681400 0.966320
0.681600 0.966488
0.681800 0.966652
0.682000 0.966811
0.682200 0.966966
0.682400 0.967117
0.682600 0.967264
0.682800 0.967406
0.683000 0.967545
0.683200 0.967679
0.683400 0.967808
0.683600 0.967934
0.683800 0.968055
0.684000 0.968173
0.684200 0.968286
0.684400 0.968394
0.684600 0.968499
0.684800 0.968599
0.685000 0.968695
0.685200 0.968787
0.685400 0.968874
0.685600 0.968958
0.685800 0.969037
0.686000 0.969112
0.686200 0.969182
0.686400 0.969249
0.686600 0.969311
0.686800 0.969369
0.687000 0.969422
0.687200 0.969472
0.687400 0.969517
0.687600 0.969558
0.687800 0.969595
0.688000 0.969627
0.688200 0.969656
0.688400 0.969680
0.688600 0.969700
0.688800 0.969715
0.689000 0.969727
0.689200 0.969734
0.689400 0.969737
0.689600 0.969736
0.689800 0.969730
0.690000 0.969721
0.690200 0.969707
0.690400 0.969689
0.690600 0.969666
0.690800 0.969640
0.691000 0.969609
0.691200 0.969574
0.691400 0.969535
0.691600 0.969492
0.691800 0.969444
0.692000 0.969392
0.692200 0.969336
0.692400 0.969276
0.692600 0.969212
0.692800 0.969143
0.693000 0.969071
0.693200 0.968994
0.693400 0.968913
0.693600 0.968827
0.693800 0.968738
0.694000 0.968644
0.694200 0.968546
0.694400 0.968444
0.694600 0.968338
0.694800 0.968228
0.695000 0.968114
0.695200 0.967995
0.695400 0.967872
0.695600 0.967745
0.695800 0.967614
0.696000 0.967479
0.696200 0.967340
0.696400 0.967196
0.696600 0.967048
0.696800 0.966897
0.697000 0.966741
0.697200 0.966581
0.697400 0.966417
0.697600 0.966249
0.697800 0.966076
0.698000 0.965900
0.698200 0.965719
0.698400 0.965535
0.698600 0.965346
0.698800 0.965153
0.699000 0.964956
0.699200 0.964756
0.699400 0.964551
0.699600 0.964341
0.699800 0.964128
0.700000 0.963911
0.700200 0.963690
0.700400 0.963465
0.700600 0.963235
0.700800 0.963002
0.701000 0.962765
0.701200 0.962523
0.701400 0.962278
0.701600 0.962029
0.701800 0.961775
0.702000 0.961518
0.702200 0.961256
0.702400 0.960991
0.702600 0.960722
0.702800 0.960448
0.703000 0.960171
0.703200 0.959890
0.703400 0.959605
0.703600 0.959316
0.703800 0.959022
0.704000 0.958725
0.704200 0.958425
0.704400 0.958120
0.704600 0.957811
0.704800 0.957498
0.705000 0.957182
0.705200 0.956861
0.705400 0.956537
0.705600 0.956209
0.705800 0.955877
0.706000 0.955541
0.706200 0.955201
0.706400 0.954857
0.706600 0.954510
0.706800 0.954159
0.707000 0.953804
0.707200 0.953445
0.707400 0.953082
0.707600 0.952716
0.707800 0.952345
0.708000 0.951971
0.708200 0.951593
0.708400 0.951212
0.708600 0.950827
0.708800 0.950437
0.709000 0.950045
0.709200 0.949648
0.709400 0.949248
0.709600 0.948844
0.709800 0.948436
0.710000 0.948025
0.710200 0.947610
0.710400 0.947192
0.710600 0.946769
0.710800 0.946343
0.711000 0.945914
0.711200 0.945481
0.711400 0.945044
0.711600 0.944603
0.711800 0.944159
0.712000 0.943712
0.712200 0.943260
0.712400 0.942806
0.712600 0.942347
0.712800 0.941886
0.713000 0.941420
0.713200 0.940951
0.713400 0.940479
0.713600 0.940003
0.713800 0.939524
0.714000 0.939041
0.714200 0.938555
0.714400 0.938065
0.714600 0.937572
0.714800 0.937075
0.715000 0.936575
0.715200 0.936072
0.715400 0.935565
0.715600 0.935055
0.715800 0.934541
0.716000 0.934024
0.716200 0.933504
0.716400 0.932980
0.716600 0.932453
0.716800 0.931923
0.717000 0.931390
0.717200 0.930853
0.717400 0.930313
0.717600 0.929769
0.717800 0.929223
0.718000 0.928673
0.718200 0.928120
0.718400 0.927564
0.718600 0.927005
0.718800 0.926442
0.719000 0.925876
0.719200 0.925307
0.719400 0.924735
0.719600 0.924160
0.719800 0.923582
0.720000 0.923001
0.720200 0.922416
0.720400 0.921829
0.720600 0.921239
0.720800 0.920645
0.721000 0.920049
0.721200 0.919449
0.721400 0.918847
0.721600 0.918241
0.721800 0.917633
0.722000 0.917021
0.722200 0.916407
0.722400 0.915790
0.722600 0.915170
0.722800 0.914547
0.723000 0.913921
0.723200 0.913292
0.723400 0.912661
0.723600 0.912026
0.723800 0.911389
0.724000 0.910749
0.724200 0.910107
0.724400 0.909461
0.724600 0.908813
0.724800 0.908162
0.725000 0.907509
0.725200 0.906853
0.725400 0.906194
0.725600 0.905532
0.725800 0.904868
0.726000 0.904201
0.726200 0.903532
0.726400 0.902860
0.726600 0.902185
0.726800 0.901508
0.727000 0.900829
0.727200 0.900147
0.727400 0.899462
0.727600 0.898775
0.727800 0.898085
0.728000 0.897394
0.728200 0.896699
0.728400 0.896002
0.728600 0.895303
0.728800 0.894602
0.729000 0.893898
0.729200 0.893192
0.729400 0.892483
0.729600 0.891773
0.729800 0.891060
0.730000 0.890345
0.730200 0.889627
0.730400 0.888907
0.730600 0.888186
0.730800 0.887462
0.731000 0.886735
0.731200 0.886007
0.731400 0.885277
0.731600 0.884544
0.731800 0.883810
0.732000 0.883073
0.732200 0.882335
0.732400 0.881594
0.732600 0.880852
0.732800 0.880107
0.733000 0.879361
0.733200 0.878612
0.733400 0.877862
0.733600 0.877110
0.733800 0.876356
0.734000 0.875600
0.734200 0.874842
0.734400 0.874083
0.734600 0.873322
0.734800 0.872559
0.735000 0.871794
0.735200 0.871028
0.735400 0.870260
0.735600 0.869490
0.735800 0.868719
0.736000 0.867946
0.736200 0.867171
0.736400 0.866395
0.736600 0.865618
0.736800 0.864838
0.737000 0.864058
0.737200 0.863276
0.737400 0.862492
0.737600 0.861707
0.737800 0.860921
0.738000 0.860133
0.738200 0.859344
0.738400 0.858554
0.738600 0.857762
0.738800 0.856969
0.739000 0.856175
0.739200 0.855379
0.739400 0.854582
0.739600 0.853785
0.739800 0.852985
0.740000 0.852185
0.740200 0.851384
0.740400 0.850582
0.740600 0.849778
0.740800 0.848974
0.741000 0.848168
0.741200 0.847362
0.741400 0.846554
0.741600 0.845746
0.741800 0.844937
0.742000 0.844127
0.742200 0.843316
0.742400 0.842504
0.742600 0.841691
0.742800 0.840878
0.743000 0.840064
0.743200 0.839249
0.743400 0.838433
0.743600 0.837617
0.743800 0.836800
0.744000 0.835983
0.744200 0.835165
0.744400 0.834346
0.744600 0.833527
0.744800 0.832707
0.745000 0.831887
0.745200 0.831067
0.745400 0.830246
0.745600 0.829424
0.745800 0.828603
0.746000 0.827780
0.746200 0.826958
0.746400 0.826135
0.746600 0.825312
0.746800 0.824489
0.747000 0.823666
0.747200 0.822842
0.747400 0.822019
0.747600 0.821195
0.747800 0.820371
0.748000 0.819547
0.748200 0.818723
0.748400 0.817899
0.748600 0.817075
0.748800 0.816251
0.749000 0.815427
0.749200 0.814604
0.749400 0.813780
0.749600 0.812957
0.749800 0.812134
0.750000 0.811311
0.750200 0.810488
0.750400 0.809666
0.750600 0.808844
0.750800 0.808022
0.751000 0.807201
0.751200 0.806380
0.751400 0.805559
0.751600 0.804739
0.751800 0.803920
0.752000 0.803101
0.752200 0.802283
0.752400 0.801465
0.752600 0.800648
0.752800 0.799832
0.753000 0.799016
0.753200 0.798201
0.753400 0.797387
0.753600 0.796573
0.753800 0.795760
0.754000 0.794949
0.754200 0.794138
0.754400 0.793328
0.754600 0.792519
0.754800 0.791711
0.755000 0.790904
0.755200 0.790098
0.755400 0.789293
0.755600 0.788489
0.755800 0.787686
0.756000 0.786884
0.756200 0.786084
0.756400 0.785285
0.756600 0.784487
0.756800 0.783691
0.757000 0.782895
0.757200 0.782101
0.757400 0.781309
0.757600 0.780518
0.757800 0.779728
0.758000 0.778940
0.758200 0.778154
0.758400 0.777369
0.758600 0.776585
0.758800 0.775803
0.759000 0.775023
0.759200 0.774245
0.759400 0.773468
0.759600 0.772693
0.759800 0.771920
0.760000 0.771148
0.760200 0.770379
0.760400 0.769611
0.760600 0.768846
0.760800 0.768082
0.761000 0.767320
0.761200 0.766560
0.761400 0.765803
0.761600 0.765047
0.761800 0.764294
0.762000 0.763542
0.762200 0.762793
0.762400 0.762046
0.762600 0.761302
0.762800 0.760559
0.763000 0.759819
0.763200 0.759082
0.763400 0.758346
0.763600 0.757613
0.763800 0.756883
0.764000 0.756155
0.764200 0.755430
0.764400 0.754707
0.764600 0.753987
0.764800 0.753269
0.765000 0.752554
0.765200 0.751842
0.765400 0.751132
0.765600 0.750426
0.765800 0.749722
0.766000 0.749021
0.766200 0.748323
0.766400 0.747627
0.766600 0.746935
0.766800 0.746245
0.767000 0.745559
0.767200 0.744876
0.767400 0.744195
0.767600 0.743518
0.767800 0.742844
0.768000 0.742173
0.768200 0.741505
0.768400 0.740841
0.768600 0.740180
0.768800 0.739522
0.769000 0.738868
0.769200 0.738216
0.769400 0.737569
0.769600 0.736924
0.769800 0.736284
0.770000 0.735646
0.770200 0.735013
0.770400 0.734382
0.770600 0.733756
0.770800 0.733133
0.771000 0.732514
0.771200 0.731898
0.771400 0.731286
0.771600 0.730679
0.771800 0.730074
0.772000 0.729474
0.772200 0.728878
0.772400 0.728285
0.772600 0.727697
0.772800 0.727112
0.773000 0.726531
0.773200 0.725955
0.773400 0.725382
0.773600 0.724814
0.773800 0.724250
0.774000 0.723690
0.774200 0.723134
0.774400 0.722583
0.774600 0.722035
0.774800 0.721492
0.775000 0.720954
0.775200 0.720420
0.775400 0.719890
0.775600 0.719364
0.775800 0.718843
0.776000 0.718327
0.776200 0.717815
0.776400 0.717308
0.776600 0.716805
0.776800 0.716307
0.777000 0.715814
0.777200 0.715325
0.777400 0.714841
0.777600 0.714362
0.777800 0.713887
0.778000 0.713417
0.778200 0.712953
0.778400 0.712493
0.778600 0.712038
0.778800 0.711588
0.779000 0.711143
0.779200 0.710702
0.779400 0.710267
0.779600 0.709837
0.779800 0.709413
0.780000 0.708993
0.780200 0.708578
0.780400 0.708169
0.780600 0.707764
0.780800 0.707365
0.781000 0.706972
0.781200 0.706583
0.781400 0.706200
0.781600 0.705822
0.781800 0.705450
0.782000 0.705083
0.782200 0.704721
0.782400 0.704365
0.782600 0.704015
0.782800 0.703670
0.783000 0.703330
0.783200 0.702996
0.783400 0.702668
0.783600 0.702345
0.783800 0.702028
0.784000 0.701717
0.784200 0.701411
0.784400 0.701112
0.784600 0.700817
0.784800 0.700529
0.785000 0.700247
0.785200 0.699970
0.785400 0.699699
0.785600 0.699434
0.785800 0.699175
0.786000 0.698922
0.786200 0.698675
0.786400 0.698434
0.786600 0.698199
0.786800 0.697970
0.787000 0.697747
0.787200 0.697530
0.787400 0.697319
0.787600 0.697114
0.787800 0.696916
0.788000 0.696723
0.788200 0.696537
0.788400 0.696357
0.788600 0.696184
0.788800 0.696016
0.789000 0.695855
0.789200 0.695700
0.789400 0.695551
0.789600 0.695409
0.789800 0.695273
0.790000 0.695144
0.790200 0.695021
0.790400 0.694904
0.790600 0.694794
0.790800 0.694690
0.791000 0.694593
0.791200 0.694502
0.791400 0.694418
0.791600 0.694340
0.791800 0.694269
0.792000 0.694205
0.792200 0.694147
0.792400 0.694095
0.792600 0.694050
0.792800 0.694012
0.793000 0.693981
0.793200 0.693956
0.793400 0.693938
0.793600 0.693926
0.793800 0.693921
0.794000 0.693923
0.794200 0.693932
0.794400 0.693947
0.794600 0.693970
0.794800 0.693998
0.795000 0.694034
0.795200 0.694077
0.795400 0.694126
0.795600 0.694182
0.795800 0.694245
0.796000 0.694315
0.796200 0.694392
0.796400 0.694475
0.796600 0.694566
0.796800 0.694663
0.797000 0.694767
0.797200 0.694878
0.797400 0.694996
0.797600 0.695121
0.797800 0.695253
0.798000 0.695392
0.798200 0.695538
0.798400 0.695690
0.798600 0.695850
0.798800 0.696017
0.799000 0.696190
0.799200 0.696371
0.799400 0.696558
0.799600 0.696753
0.799800 0.696954
0.800000 0.697163
0.800200 0.697378
0.800400 0.697600
0.800600 0.697830
0.800800 0.698066
0.801000 0.698310
0.801200 0.698560
0.801400 0.698817
0.801600 0.699082
0.801800 0.699353
0.802000 0.699632
0.802200 0.699917
0.802400 0.700209
0.802600 0.700509
0.802800 0.700815
0.803000 0.701128
0.803200 0.701449
0.803400 0.701776
0.803600 0.702110
0.803800 0.702452
0.804000 0.702800
0.804200 0.703155
0.804400 0.703517
0.804600 0.703886
0.804800 0.704263
0.805000 0.704646
0.805200 0.705036
0.805400 0.705432
0.805600 0.705836
0.805800 0.706247
0.806000 0.706665
0.806200 0.707089
0.806400 0.707520
0.806600 0.707959
0.806800 0.708404
0.807000 0.708856
0.807200 0.709315
0.807400 0.709780
0.807600 0.710253
0.807800 0.710732
0.808000 0.711218
0.808200 0.711711
0.808400 0.712211
0.808600 0.712717
0.808800 0.713230
0.809000 0.713750
0.809200 0.714276
0.809400 0.714809
0.809600 0.715349
0.809800 0.715896
0.810000 0.716449
0.810200 0.717008
0.810400 0.717575
0.810600 0.718148
0.810800 0.718727
0.811000 0.719313
0.811200 0.719905
0.811400 0.720504
0.811600 0.721110
0.811800 0.721722
0.812000 0.722340
0.812200 0.722965
0.812400 0.723596
0.812600 0.724233
0.812800 0.724877
0.813000 0.725527
0.813200 0.726184
0.813400 0.726846
0.813600 0.727515
0.813800 0.728190
0.814000 0.728871
0.814200 0.729559
0.814400 0.730252
0.814600 0.730952
0.814800 0.731657
0.815000 0.732369
0.815200 0.733086
0.815400 0.733810
0.815600 0.734540
0.815800 0.735275
0.816000 0.736016
0.816200 0.736763
0.816400 0.737516
0.816600 0.738275
0.816800 0.739040
0.817000 0.739810
0.817200 0.740586
0.817400 0.741367
0.817600 0.742154
0.817800 0.742947
0.818000 0.743745
0.818200 0.744549
0.818400 0.745358
0.818600 0.746172
0.818800 0.746992
0.819000 0.747817
0.819200 0.748648
0.819400 0.749484
0.819600 0.750325
0.819800 0.751171
0.820000 0.752022
0.820200 0.752878
0.820400 0.753740
0.820600 0.754606
0.820800 0.755477
0.821000 0.756354
0.821200 0.757235
0.821400 0.758121
0.821600 0.759012
0.821800 0.759907
0.822000 0.760807
0.822200 0.761712
0.822400 0.762621
0.822600 0.763535
0.822800 0.764454
0.823000 0.765377
0.823200 0.766304
0.823400 0.767236
0.823600 0.768172
0.823800 0.769112
0.824000 0.770056
0.824200 0.771005
0.824400 0.771958
0.824600 0.772914
0.824800 0.773875
0.825000 0.774840
0.825200 0.775808
0.825400 0.776781
0.825600 0.777757
0.825800 0.778737
0.826000 0.779720
0.826200 0.780707
0.826400 0.781698
0.826600 0.782692
0.826800 0.783690
0.827000 0.784691
0.827200 0.785695
0.827400 0.786703
0.827600 0.787714
0.827800 0.788728
0.828000 0.789745
0.828200 0.790765
0.828400 0.791789
0.828600 0.792815
0.828800 0.793844
0.829000 0.794875
0.829200 0.795910
0.829400 0.796947
0.829600 0.797987
0.829800 0.799029
0.830000 0.800074
0.830200 0.801121
0.830400 0.802171
0.830600 0.803223
0.830800 0.804277
0.831000 0.805333
0.831200 0.806392
0.831400 0.807452
0.831600 0.808515
0.831800 0.809579
0.832000 0.810645
0.832200 0.811713
0.832400 0.812783
0.832600 0.813854
0.832800 0.814927
0.833000 0.816001
0.833200 0.817077
0.833400 0.818154
0.833600 0.819233
0.833800 0.820313
0.834000 0.821394
0.834200 0.822476
0.834400 0.823559
0.834600 0.824643
0.834800 0.825728
0.835000 0.826813
0.835200 0.827900
0.835400 0.828987
0.835600 0.830074
0.835800 0.831163
0.836000 0.832251
0.836200 0.833340
0.836400 0.834430
0.836600 0.835519
0.836800 0.836609
0.837000 0.837699
0.837200 0.838789
0.837400 0.839879
0.837600 0.840969
0.837800 0.842058
0.838000 0.843147
0.838200 0.844236
0.838400 0.845325
0.838600 0.846412
0.838800 0.847500
0.839000 0.848587
0.839200 0.849673
0.839400 0.850758
0.839600 0.851842
0.839800 0.852925
0.840000 0.854008
0.840200 0.855089
0.840400 0.856169
0.840600 0.857248
0.840800 0.858325
0.841000 0.859401
0.841200 0.860476
0.841400 0.861549
0.841600 0.862620
0.841800 0.863690
0.842000 0.864757
0.842200 0.865823
0.842400 0.866887
0.842600 0.867949
0.842800 0.869009
0.843000 0.870067
0.843200 0.871122
0.843400 0.872175
0.843600 0.873226
0.843800 0.874274
0.844000 0.875320
0.844200 0.876362
0.844400 0.877403
0.844600 0.878440
0.844800 0.879474
0.845000 0.880506
0.845200 0.881534
0.845400 0.882560
0.845600 0.883582
0.845800 0.884600
0.846000 0.885616
0.846200 0.886628
0.846400 0.887636
0.846600 0.888641
0.846800 0.889643
0.847000 0.890640
0.847200 0.891634
0.847400 0.892623
0.847600 0.893609
0.847800 0.894591
0.848000 0.895568
0.848200 0.896542
0.848400 0.897511
0.848600 0.898475
0.848800 0.899435
0.849000 0.900391
0.849200 0.901342
0.849400 0.902288
0.849600 0.903230
0.849800 0.904167
0.850000 0.905098
0.850200 0.906025
0.850400 0.906947
0.850600 0.907863
0.850800 0.908775
0.851000 0.909681
0.851200 0.910581
0.851400 0.911477
0.851600 0.912366
0.851800 0.913250
0.852000 0.914129
0.852200 0.915001
0.852400 0.915868
0.852600 0.916729
0.852800 0.917584
0.853000 0.918432
0.853200 0.919275
0.853400 0.920111
0.853600 0.920942
0.853800 0.921765
0.854000 0.922583
0.854200 0.923394
0.854400 0.924198
0.854600 0.924995
0.854800 0.925786
0.855000 0.926570
0.855200 0.927347
0.855400 0.928118
0.855600 0.928881
0.855800 0.929637
0.856000 0.930386
0.856200 0.931128
0.856400 0.931862
0.856600 0.932589
0.856800 0.933309
0.857000 0.934021
0.857200 0.934725
0.857400 0.935422
0.857600 0.936111
0.857800 0.936793
0.858000 0.937466
0.858200 0.938132
0.858400 0.938789
0.858600 0.939439
0.858800 0.940080
0.859000 0.940714
0.859200 0.941339
0.859400 0.941955
0.859600 0.942563
0.859800 0.943163
0.860000 0.943754
0.860200 0.944337
0.860400 0.944911
0.860600 0.945477
0.860800 0.946033
0.861000 0.946581
0.861200 0.947120
0.861400 0.947650
0.861600 0.948170
0.861800 0.948682
0.862000 0.949185
0.862200 0.949678
0.862400 0.950162
0.862600 0.950637
0.862800 0.951103
0.863000 0.951559
0.863200 0.952005
0.863400 0.952442
0.863600 0.952870
0.863800 0.953288
0.864000 0.953696
0.864200 0.954094
0.864400 0.954482
0.864600 0.954861
0.864800 0.955230
0.865000 0.955588
0.865200 0.955937
0.865400 0.956275
0.865600 0.956604
0.865800 0.956922
0.866000 0.957230
0.866200 0.957527
0.866400 0.957815
0.866600 0.958092
0.866800 0.958358
0.867000 0.958614
0.867200 0.958860
0.867400 0.959094
0.867600 0.959319
0.867800 0.959532
0.868000 0.959735
0.868200 0.959927
0.868400 0.960109
0.868600 0.960279
0.868800 0.960439
0.869000 0.960587
0.869200 0.960725
0.869400 0.960851
0.869600 0.960967
0.869800 0.961071
0.870000 0.961165
0.870200 0.961247
0.870400 0.961318
0.870600 0.961378
0.870800 0.961426
0.871000 0.961463
0.871200 0.961489
0.871400 0.961503
0.871600 0.961506
0.871800 0.961498
0.872000 0.961478
0.872200 0.961446
0.872400 0.961403
0.872600 0.961349
0.872800 0.961282
0.873000 0.961204
0.873200 0.961115
0.873400 0.961014
0.873600 0.960901
0.873800 0.960776
0.874000 0.960639
0.874200 0.960491
0.874400 0.960331
0.874600 0.960159
0.874800 0.959975
0.875000 0.959779
0.875200 0.959571
0.875400 0.959352
0.875600 0.959120
0.875800 0.958877
0.876000 0.958621
0.876200 0.958353
0.876400 0.958074
0.876600 0.957782
0.876800 0.957478
0.877000 0.957162
0.877200 0.956834
0.877400 0.956494
0.877600 0.956142
0.877800 0.955778
0.878000 0.955401
0.878200 0.955012
0.878400 0.954611
0.878600 0.954198
0.878800 0.953773
0.879000 0.953335
0.879200 0.952886
0.879400 0.952424
0.879600 0.951949
0.879800 0.951463
0.880000 0.950964
0.880200 0.950453
0.880400 0.949930
0.880600 0.949395
0.880800 0.948847
0.881000 0.948287
0.881200 0.947715
0.881400 0.947130
0.881600 0.946533
0.881800 0.945924
0.882000 0.945303
0.882200 0.944669
0.882400 0.944024
0.882600 0.943366
0.882800 0.942695
0.883000 0.942013
0.883200 0.941318
0.883400 0.940611
0.883600 0.939891
0.883800 0.939160
0.884000 0.938416
0.884200 0.937660
0.884400 0.936892
0.884600 0.936112
0.884800 0.935319
0.885000 0.934515
0.885200 0.933698
0.885400 0.932869
0.885600 0.932028
0.885800 0.931175
0.886000 0.930310
0.886200 0.929432
0.886400 0.928543
0.886600 0.927641
0.886800 0.926728
0.887000 0.925803
0.887200 0.924865
0.887400 0.923916
0.887600 0.922955
0.887800 0.921981
0.888000 0.920996
0.888200 0.919999
0.888400 0.918990
0.888600 0.917970
0.888800 0.916937
0.889000 0.915893
0.889200 0.914837
0.889400 0.913769
0.889600 0.912690
0.889800 0.911599
0.890000 0.910496
0.890200 0.909382
0.890400 0.908256
0.890600 0.907118
0.890800 0.905969
0.891000 0.904809
0.891200 0.903637
0.891400 0.902453
0.891600 0.901259
0.891800 0.900053
0.892000 0.898835
0.892200 0.897606
0.892400 0.896366
0.892600 0.895115
0.892800 0.893853
0.893000 0.892579
0.893200 0.891295
0.893400 0.889999
0.893600 0.888693
0.893800 0.887375
0.894000 0.886046
0.894200 0.884707
0.894400 0.883357
0.894600 0.881995
0.894800 0.880624
0.895000 0.879241
0.895200 0.877848
0.895400 0.876444
0.895600 0.875029
0.895800 0.873604
0.896000 0.872169
0.896200 0.870723
0.896400 0.869266
0.896600 0.867799
0.896800 0.866322
0.897000 0.864835
0.897200 0.863338
0.897400 0.861830
0.897600 0.860312
0.897800 0.858784
0.898000 0.857246
0.898200 0.855699
0.898400 0.854141
0.898600 0.852573
0.898800 0.850996
0.899000 0.849409
0.899200 0.847812
0.899400 0.846206
0.899600 0.844590
0.899800 0.842965
0.900000 0.841330
0.900200 0.839686
0.900400 0.838032
0.900600 0.836369
0.900800 0.834697
0.901000 0.833016
0.901200 0.831325
0.901400 0.829626
0.901600 0.827917
0.901800 0.826200
0.902000 0.824474
0.902200 0.822739
0.902400 0.820995
0.902600 0.819243
0.902800 0.817482
0.903000 0.815712
0.903200 0.813934
0.903400 0.812147
0.903600 0.810352
0.903800 0.808549
0.904000 0.806738
0.904200 0.804918
0.904400 0.803090
0.904600 0.801255
0.904800 0.799411
0.905000 0.797559
0.905200 0.795700
0.905400 0.793833
0.905600 0.791958
0.905800 0.790075
0.906000 0.788185
0.906200 0.786287
0.906400 0.784382
0.906600 0.782470
0.906800 0.780550
0.907000 0.778623
0.907200 0.776689
0.907400 0.774748
0.907600 0.772800
0.907800 0.770845
0.908000 0.768883
0.908200 0.766914
0.908400 0.764938
0.908600 0.762956
0.908800 0.760967
0.909000 0.758972
0.909200 0.756970
0.909400 0.754962
0.909600 0.752948
0.909800 0.750927
0.910000 0.748900
0.910200 0.746868
0.910400 0.744829
0.910600 0.742784
0.910800 0.740733
0.911000 0.738677
0.911200 0.736615
0.911400 0.734547
0.911600 0.732473
0.911800 0.730395
0.912000 0.728310
0.912200 0.726221
0.912400 0.724126
0.912600 0.722026
0.912800 0.719921
0.913000 0.717811
0.913200 0.715695
0.913400 0.713575
0.913600 0.711451
0.913800 0.709321
0.914000 0.707187
0.914200 0.705048
0.914400 0.702905
0.914600 0.700757
0.914800 0.698605
0.915000 0.696448
0.915200 0.694288
0.915400 0.692123
0.915600 0.689954
0.915800 0.687782
0.916000 0.685605
0.916200 0.683424
0.916400 0.681240
0.916600 0.679052
0.916800 0.676861
0.917000 0.674666
0.917200 0.672467
0.917400 0.670266
0.917600 0.668061
0.917800 0.665852
0.918000 0.663641
0.918200 0.661426
0.918400 0.659209
0.918600 0.656988
0.918800 0.654765
0.919000 0.652539
0.919200 0.650311
0.919400 0.648079
0.919600 0.645845
0.919800 0.643609
0.920000 0.641371
0.920200 0.639130
0.920400 0.636886
0.920600 0.634641
0.920800 0.632394
0.921000 0.630144
0.921200 0.627893
0.921400 0.625640
0.921600 0.623385
0.921800 0.621128
0.922000 0.618870
0.922200 0.616610
0.922400 0.614349
0.922600 0.612086
0.922800 0.609822
0.923000 0.607557
0.923200 0.605291
0.923400 0.603023
0.923600 0.600755
0.923800 0.598485
0.924000 0.596215
0.924200 0.593943
0.924400 0.591671
0.924600 0.589399
0.924800 0.587125
0.925000 0.584852
0.925200 0.582577
0.925400 0.580303
0.925600 0.578028
0.925800 0.575753
0.926000 0.573477
0.926200 0.571202
0.926400 0.568927
0.926600 0.566651
0.926800 0.564376
0.927000 0.562101
0.927200 0.559826
0.927400 0.557551
0.927600 0.555277
0.927800 0.553004
0.928000 0.550731
0.928200 0.548458
0.928400 0.546186
0.928600 0.543915
0.928800 0.541645
0.929000 0.539375
0.929200 0.537107
0.929400 0.534839
0.929600 0.532573
0.929800 0.530307
0.930000 0.528043
0.930200 0.525781
0.930400 0.523519
0.930600 0.521259
0.930800 0.519000
0.931000 0.516743
0.931200 0.514488
0.931400 0.512234
0.931600 0.509982
0.931800 0.507731
0.932000 0.505483
0.932200 0.503236
0.932400 0.500992
0.932600 0.498749
0.932800 0.496509
0.933000 0.494270
0.933200 0.492034
0.933400 0.489800
0.933600 0.487569
0.933800 0.485340
0.934000 0.483113
0.934200 0.480889
0.934400 0.478667
0.934600 0.476449
0.934800 0.474232
0.935000 0.472019
0.935200 0.469808
0.935400 0.467600
0.935600 0.465395
0.935800 0.463194
0.936000 0.460995
0.936200 0.458799
0.936400 0.456606
0.936600 0.454417
0.936800 0.452231
0.937000 0.450048
0.937200 0.447868
0.937400 0.445692
0.937600 0.443519
0.937800 0.441350
0.938000 0.439185
0.938200 0.437023
0.938400 0.434864
0.938600 0.432710
0.938800 0.430559
0.939000 0.428412
0.939200 0.426269
0.939400 0.424130
0.939600 0.421994
0.939800 0.419863
0.940000 0.417736
0.940200 0.415613
0.940400 0.413494
0.940600 0.411379
0.940800 0.409269
0.941000 0.407163
0.941200 0.405061
0.941400 0.402964
0.941600 0.400871
0.941800 0.398782
0.942000 0.396698
0.942200 0.394619
0.942400 0.392544
0.942600 0.390474
0.942800 0.388409
0.943000 0.386348
0.943200 0.384292
0.943400 0.382241
0.943600 0.380195
0.943800 0.378153
0.944000 0.376117
0.944200 0.374086
0.944400 0.372059
0.944600 0.370038
0.944800 0.368021
0.945000 0.366010
0.945200 0.364004
0.945400 0.362003
0.945600 0.360008
0.945800 0.358018
0.946000 0.356032
0.946200 0.354053
0.946400 0.352079
0.946600 0.350110
0.946800 0.348146
0.947000 0.346188
0.947200 0.344236
0.947400 0.342289
0.947600 0.340347
0.947800 0.338412
0.948000 0.336482
0.948200 0.334557
0.948400 0.332638
0.948600 0.330725
0.948800 0.328818
0.949000 0.326917
0.949200 0.325021
0.949400 0.323131
0.949600 0.321247
0.949800 0.319369
0.950000 0.317497
0.950200 0.315630
0.950400 0.313770
0.950600 0.311916
0.950800 0.310068
0.951000 0.308225
0.951200 0.306389
0.951400 0.304559
0.951600 0.302735
0.951800 0.300917
0.952000 0.299106
0.952200 0.297300
0.952400 0.295501
0.952600 0.293708
0.952800 0.291921
0.953000 0.290141
0.953200 0.288366
0.953400 0.286598
0.953600 0.284837
0.953800 0.283081
0.954000 0.281332
0.954200 0.279590
0.954400 0.277854
0.954600 0.276124
0.954800 0.274401
0.955000 0.272684
0.955200 0.270973
0.955400 0.269269
0.955600 0.267572
0.955800 0.265881
0.956000 0.264197
0.956200 0.262519
0.956400 0.260847
0.956600 0.259182
0.956800 0.257524
0.957000 0.255873
0.957200 0.254228
0.957400 0.252589
0.957600 0.250957
0.957800 0.249332
0.958000 0.247713
0.958200 0.246102
0.958400 0.244496
0.958600 0.242898
0.958800 0.241306
0.959000 0.239721
0.959200 0.238142
0.959400 0.236570
0.959600 0.235005
0.959800 0.233447
0.960000 0.231895
0.960200 0.230350
0.960400 0.228812
0.960600 0.227280
0.960800 0.225756
0.961000 0.224238
0.961200 0.222726
0.961400 0.221222
0.961600 0.219724
0.961800 0.218233
0.962000 0.216749
0.962200 0.215272
0.962400 0.213801
0.962600 0.212337
0.962800 0.210880
0.963000 0.209430
0.963200 0.207986
0.963400 0.206550
0.963600 0.205120
0.963800 0.203697
0.964000 0.202280
0.964200 0.200871
0.964400 0.199468
0.964600 0.198072
0.964800 0.196682
0.965000 0.195300
0.965200 0.193924
0.965400 0.192555
0.965600 0.191193
0.965800 0.189838
0.966000 0.188489
0.966200 0.187147
0.966400 0.185812
0.966600 0.184484
0.966800 0.183162
0.967000 0.181847
0.967200 0.180539
0.967400 0.179238
0.967600 0.177943
0.967800 0.176655
0.968000 0.175374
0.968200 0.174100
0.968400 0.172832
0.968600 0.171571
0.968800 0.170317
0.969000 0.169069
0.969200 0.167828
0.969400 0.166594
0.969600 0.165366
0.969800 0.164145
0.970000 0.162930
0.970200 0.161723
0.970400 0.160522
0.970600 0.159327
0.970800 0.158139
0.971000 0.156958
0.971200 0.155783
0.971400 0.154615
0.971600 0.153454
0.971800 0.152299
0.972000 0.151150
0.972200 0.150008
0.972400 0.148873
0.972600 0.147744
0.972800 0.146622
0.973000 0.145506
0.973200 0.144397
0.973400 0.143294
0.973600 0.142198
0.973800 0.141108
0.974000 0.140024
0.974200 0.138947
0.974400 0.137876
0.974600 0.136812
0.974800 0.135754
0.975000 0.134703
0.975200 0.133657
0.975400 0.132618
0.975600 0.131586
0.975800 0.130560
0.976000 0.129540
0.976200 0.128526
0.976400 0.127519
0.976600 0.126518
0.976800 0.125523
0.977000 0.124534
0.977200 0.123552
0.977400 0.122575
0.977600 0.121605
0.977800 0.120641
0.978000 0.119684
0.978200 0.118732
0.978400 0.117786
0.978600 0.116847
0.978800 0.115914
0.979000 0.114986
0.979200 0.114065
0.979400 0.113150
0.979600 0.112241
0.979800 0.111338
0.980000 0.110440
0.980200 0.109549
0.980400 0.108664
0.980600 0.107784
0.980800 0.106911
0.981000 0.106043
0.981200 0.105182
0.981400 0.104326
0.981600 0.103476
0.981800 0.102632
0.982000 0.101793
0.982200 0.100961
0.982400 0.100134
0.982600 0.099313
0.982800 0.098498
0.983000 0.097688
0.983200 0.096884
0.983400 0.096086
0.983600 0.095293
0.983800 0.094506
0.984000 0.093725
0.984200 0.092949
0.984400 0.092179
0.984600 0.091415
0.984800 0.090656
0.985000 0.089902
0.985200 0.089154
0.985400 0.088412
0.985600 0.087675
0.985800 0.086943
0.986000 0.086217
0.986200 0.085496
0.986400 0.084781
0.986600 0.084071
0.986800 0.083366
0.987000 0.082667
0.987200 0.081973
0.987400 0.081284
0.987600 0.080601
0.987800 0.079923
0.988000 0.079250
0.988200 0.078582
0.988400 0.077920
0.988600 0.077262
0.988800 0.076610
0.989000 0.075963
0.989200 0.075321
0.989400 0.074685
0.989600 0.074053
0.989800 0.073426
0.990000 0.072805
0.990200 0.072188
0.990400 0.071577
0.990600 0.070970
0.990800 0.070369
0.991000 0.069772
0.991200 0.069180
0.991400 0.068594
0.991600 0.068012
0.991800 0.067435
0.992000 0.066863
0.992200 0.066295
0.992400 0.065733
0.992600 0.065175
0.992800 0.064622
0.993000 0.064074
0.993200 0.063531
0.993400 0.062992
0.993600 0.062458
0.993800 0.061929
0.994000 0.061404
0.994200 0.060884
0.994400 0.060369
0.994600 0.059858
0.994800 0.059352
0.995000 0.058850
0.995200 0.058353
0.995400 0.057861
0.995600 0.057373
0.995800 0.056889
0.996000 0.056410
0.996200 0.055936
0.996400 0.055466
0.996600 0.055000
0.996800 0.054539
0.997000 0.054082
0.997200 0.053630
0.997400 0.053182
0.997600 0.052738
0.997800 0.052298
0.998000 0.051863
0.998200 0.051433
0.998400 0.051006
0.998600 0.050584
0.998800 0.050166
0.999000 0.049752
0.999200 0.049343
0.999400 0.048937
0.999600 0.048536
0.999800 0.048139
