0.000000 0.115530
0.000200 0.115111
0.000400 0.114694
0.000600 0.114278
0.000800 0.113863
0.001000 0.113450
0.001200 0.113037
0.001400 0.112626
0.001600 0.112216
0.001800 0.111808
0.002000 0.111400
0.002200 0.110994
0.002400 0.110589
0.002600 0.110185
0.002800 0.109782
0.003000 0.109381
0.003200 0.108980
0.003400 0.108581
0.003600 0.108183
0.003800 0.107787
0.004000 0.107391
0.004200 0.106997
0.004400 0.106603
0.004600 0.106211
0.004800 0.105821
0.005000 0.105431
0.005200 0.105042
0.005400 0.104655
0.005600 0.104269
0.005800 0.103884
0.006000 0.103500
0.006200 0.103117
0.006400 0.102736
0.006600 0.102355
0.006800 0.101976
0.007000 0.101598
0.007200 0.101221
0.007400 0.100845
0.007600 0.100470
0.007800 0.100097
0.008000 0.099724
0.008200 0.099353
0.008400 0.098983
0.008600 0.098614
0.008800 0.098246
0.009000 0.097879
0.009200 0.097514
0.009400 0.097149
0.009600 0.096786
0.009800 0.096423
0.010000 0.096062
0.010200 0.095702
0.010400 0.095343
0.010600 0.094985
0.010800 0.094628
0.011000 0.094273
0.011200 0.093918
0.011400 0.093565
0.011600 0.093212
0.011800 0.092861
0.012000 0.092511
0.012200 0.092162
0.012400 0.091814
0.012600 0.091467
0.012800 0.091121
0.013000 0.090776
0.013200 0.090432
0.013400 0.090090
0.013600 0.089748
0.013800 0.089407
0.014000 0.089068
0.014200 0.088730
0.014400 0.088392
0.014600 0.088056
0.014800 0.087721
0.015000 0.087387
0.015200 0.087054
0.015400 0.086722
0.015600 0.086391
0.015800 0.086061
0.016000 0.085732
0.016200 0.085404
0.016400 0.085077
0.016600 0.084751
0.016800 0.084426
0.017000 0.084103
0.017200 0.083780
0.017400 0.083458
0.017600 0.083137
0.017800 0.082818
0.018000 0.082499
0.018200 0.082182
0.018400 0.081865
0.018600 0.081549
0.018800 0.081235
0.019000 0.080921
0.019200 0.080609
0.019400 0.080297
0.019600 0.079987
0.019800 0.079677
0.020000 0.079368
0.020200 0.079061
0.020400 0.078754
0.020600 0.078449
0.020800 0.078144
0.021000 0.077840
0.021200 0.077538
0.021400 0.077236
0.021600 0.076936
0.021800 0.076636
0.022000 0.076337
0.022200 0.076039
0.022400 0.075743
0.022600 0.075447
0.022800 0.075152
0.023000 0.074858
0.023200 0.074565
0.023400 0.074273
0.023600 0.073982
0.023800 0.073692
0.024000 0.073403
0.024200 0.073115
0.024400 0.072827
0.024600 0.072541
0.024800 0.072256
0.025000 0.071971
0.025200 0.071688
0.025400 0.071405
0.025600 0.071124
0.025800 0.070843
0.026000 0.070563
0.026200 0.070285
0.026400 0.070007
0.026600 0.069730
0.026800 0.069454
0.027000 0.069179
0.027200 0.068904
0.027400 0.068631
0.027600 0.068359
0.027800 0.068087
0.028000 0.067817
0.028200 0.067547
0.028400 0.067278
0.028600 0.067010
0.028800 0.066743
0.029000 0.066477
0.029200 0.066212
0.029400 0.065948
0.029600 0.065684
0.029800 0.065422
0.030000 0.065160
0.030200 0.064899
0.030400 0.064639
0.030600 0.064380
0.030800 0.064122
0.031000 0.063865
0.031200 0.063609
0.031400 0.063353
0.031600 0.063098
0.031800 0.062845
0.032000 0.062592
0.032200 0.062340
0.032400 0.062088
0.032600 0.061838
0.032800 0.061588
0.033000 0.061340
0.033200 0.061092
0.033400 0.060845
0.033600 0.060599
0.033800 0.060354
0.034000 0.060109
0.034200 0.059866
0.034400 0.059623
0.034600 0.059381
0.034800 0.059140
0.035000 0.058900
0.035200 0.058660
0.035400 0.058421
0.035600 0.058184
0.035800 0.057947
0.036000 0.057711
0.036200 0.057475
0.036400 0.057241
0.036600 0.057007
0.036800 0.056774
0.037000 0.056542
0.037200 0.056311
0.037400 0.056080
0.037600 0.055851
0.037800 0.055622
0.038000 0.055394
0.038200 0.055166
0.038400 0.054940
0.038600 0.054714
0.038800 0.054489
0.039000 0.054265
0.039200 0.054042
0.039400 0.053819
0.039600 0.053597
0.039800 0.053376
0.040000 0.053156
0.040200 0.052937
0.040400 0.052718
0.040600 0.052500
0.040800 0.052283
0.041000 0.052066
0.041200 0.051851
0.041400 0.051636
0.041600 0.051422
0.041800 0.051209
0.042000 0.050996
0.042200 0.050784
0.042400 0.050573
0.042600 0.050363
0.042800 0.050153
0.043000 0.049944
0.043200 0.049736
0.043400 0.049529
0.043600 0.049322
0.043800 0.049116
0.044000 0.048911
0.044200 0.048707
0.044400 0.048503
0.044600 0.048300
0.044800 0.048098
0.045000 0.047896
0.045200 0.047696
0.045400 0.047496
0.045600 0.047296
0.045800 0.047098
0.046000 0.046900
0.046200 0.046703
0.046400 0.046506
0.046600 0.046310
0.046800 0.046115
0.047000 0.045921
0.047200 0.045727
0.047400 0.045534
0.047600 0.045342
0.047800 0.045150
0.048000 0.044960
0.048200 0.044769
0.048400 0.044580
0.048600 0.044391
0.048800 0.044203
0.049000 0.044016
0.049200 0.043829
0.049400 0.043643
0.049600 0.043457
0.049800 0.043273
0.050000 0.043089
0.050200 0.042905
0.050400 0.042723
0.050600 0.042541
0.050800 0.042359
0.051000 0.042179
0.051200 0.041999
0.051400 0.041819
0.051600 0.041641
0.051800 0.041463
0.052000 0.041285
0.052200 0.041108
0.052400 0.040932
0.052600 0.040757
0.052800 0.040582
0.053000 0.040408
0.053200 0.040235
0.053400 0.040062
0.053600 0.039890
0.053800 0.039718
0.054000 0.039547
0.054200 0.039377
0.054400 0.039207
0.054600 0.039038
0.054800 0.038870
0.055000 0.038702
0.055200 0.038535
0.055400 0.038368
0.055600 0.038203
0.055800 0.038037
0.056000 0.037873
0.056200 0.037709
0.056400 0.037545
0.056600 0.037382
0.056800 0.037220
0.057000 0.037059
0.057200 0.036898
0.057400 0.036737
0.057600 0.036578
0.057800 0.036418
0.058000 0.036260
0.058200 0.036102
0.058400 0.035944
0.058600 0.035788
0.058800 0.035632
0.059000 0.035476
0.059200 0.035321
0.059400 0.035167
0.059600 0.035013
0.059800 0.034860
0.060000 0.034707
0.060200 0.034555
0.060400 0.034403
0.060600 0.034252
0.060800 0.034102
0.061000 0.033952
0.061200 0.033803
0.061400 0.033654
0.061600 0.033506
0.061800 0.033359
0.062000 0.033212
0.062200 0.033066
0.062400 0.032920
0.062600 0.032775
0.062800 0.032630
0.063000 0.032486
0.063200 0.032342
0.063400 0.032199
0.063600 0.032057
0.063800 0.031915
0.064000 0.031773
0.064200 0.031633
0.064400 0.031492
0.064600 0.031353
0.064800 0.031213
0.065000 0.031075
0.065200 0.030937
0.065400 0.030799
0.065600 0.030662
0.065800 0.030526
0.066000 0.030390
0.066200 0.030254
0.066400 0.030119
0.066600 0.029985
0.066800 0.029851
0.067000 0.029718
0.067200 0.029585
0.067400 0.029452
0.067600 0.029321
0.067800 0.029189
0.068000 0.029059
0.068200 0.028928
0.068400 0.028799
0.068600 0.028669
0.068800 0.028541
0.069000 0.028412
0.069200 0.028285
0.069400 0.028157
0.069600 0.028031
0.069800 0.027905
0.070000 0.027779
0.070200 0.027654
0.070400 0.027529
0.070600 0.027405
0.070800 0.027281
0.071000 0.027158
0.071200 0.027035
0.071400 0.026913
0.071600 0.026791
0.071800 0.026670
0.072000 0.026549
0.072200 0.026428
0.072400 0.026309
0.072600 0.026189
0.072800 0.026070
0.073000 0.025952
0.073200 0.025834
0.073400 0.025716
0.073600 0.025599
0.073800 0.025483
0.074000 0.025367
0.074200 0.025251
0.074400 0.025136
0.074600 0.025021
0.074800 0.024907
0.075000 0.024793
0.075200 0.024680
0.075400 0.024567
0.075600 0.024455
0.075800 0.024343
0.076000 0.024231
0.076200 0.024120
0.076400 0.024010
0.076600 0.023899
0.076800 0.023790
0.077000 0.023680
0.077200 0.023572
0.077400 0.023463
0.077600 0.023355
0.077800 0.023248
0.078000 0.023141
0.078200 0.023034
0.078400 0.022928
0.078600 0.022822
0.078800 0.022717
0.079000 0.022612
0.079200 0.022507
0.079400 0.022403
0.079600 0.022300
0.079800 0.022196
0.080000 0.022094
0.080200 0.021991
0.080400 0.021889
0.080600 0.021788
0.080800 0.021687
0.081000 0.021586
0.081200 0.021486
0.081400 0.021386
0.081600 0.021286
0.081800 0.021187
0.082000 0.021089
0.082200 0.020990
0.082400 0.020893
0.082600 0.020795
0.082800 0.020698
0.083000 0.020602
0.083200 0.020505
0.083400 0.020409
0.083600 0.020314
0.083800 0.020219
0.084000 0.020124
0.084200 0.020030
0.084400 0.019936
0.084600 0.019843
0.084800 0.019750
0.085000 0.019657
0.085200 0.019565
0.085400 0.019473
0.085600 0.019381
0.085800 0.019290
0.086000 0.019199
0.086200 0.019109
0.086400 0.019019
0.086600 0.018929
0.086800 0.018840
0.087000 0.018751
0.087200 0.018663
0.087400 0.018575
0.087600 0.018487
0.087800 0.018399
0.088000 0.018312
0.088200 0.018226
0.088400 0.018139
0.088600 0.018053
0.088800 0.017968
0.089000 0.017883
0.089200 0.017798
0.089400 0.017713
0.089600 0.017629
0.089800 0.017545
0.090000 0.017462
0.090200 0.017379
0.090400 0.017296
0.090600 0.017214
0.090800 0.017132
0.091000 0.017050
0.091200 0.016969
0.091400 0.016888
0.091600 0.016807
0.091800 0.016727
0.092000 0.016647
0.092200 0.016567
0.092400 0.016488
0.092600 0.016409
0.092800 0.016330
0.093000 0.016252
0.093200 0.016174
0.093400 0.016097
0.093600 0.016019
0.093800 0.015942
0.094000 0.015866
0.094200 0.015790
0.094400 0.015714
0.094600 0.015638
0.094800 0.015563
0.095000 0.015488
0.095200 0.015413
0.095400 0.015339
0.095600 0.015265
0.095800 0.015191
0.096000 0.015118
0.096200 0.015045
0.096400 0.014972
0.096600 0.014900
0.096800 0.014827
0.097000 0.014756
0.097200 0.014684
0.097400 0.014613
0.097600 0.014542
0.097800 0.014472
0.098000 0.014401
0.098200 0.014331
0.098400 0.014262
0.098600 0.014192
0.098800 0.014123
0.099000 0.014055
0.099200 0.013986
0.099400 0.013918
0.099600 0.013850
0.099800 0.013783
0.100000 0.013716
0.100200 0.013649
0.100400 0.013582
0.100600 0.013516
0.100800 0.013450
0.101000 0.013384
0.101200 0.013318
0.101400 0.013253
0.101600 0.013188
0.101800 0.013124
0.102000 0.013059
0.102200 0.012995
0.102400 0.012931
0.102600 0.012868
0.102800 0.012805
0.103000 0.012742
0.103200 0.012679
0.103400 0.012617
0.103600 0.012555
0.103800 0.012493
0.104000 0.012431
0.104200 0.012370
0.104400 0.012309
0.104600 0.012248
0.104800 0.012188
0.105000 0.012128
0.105200 0.012068
0.105400 0.012008
0.105600 0.011949
0.105800 0.011890
0.106000 0.011831
0.106200 0.011772
0.106400 0.011714
0.106600 0.011656
0.106800 0.011598
0.107000 0.011540
0.107200 0.011483
0.107400 0.011426
0.107600 0.011369
0.107800 0.011313
0.108000 0.011257
0.108200 0.011201
0.108400 0.011145
0.108600 0.011089
0.108800 0.011034
0.109000 0.010979
0.109200 0.010924
0.109400 0.010870
0.109600 0.010815
0.109800 0.010761
0.110000 0.010708
0.110200 0.010654
0.110400 0.010601
0.110600 0.010548
0.110800 0.010495
0.111000 0.010442
0.111200 0.010390
0.111400 0.010338
0.111600 0.010286
0.111800 0.010235
0.112000 0.010183
0.112200 0.010132
0.112400 0.010081
0.112600 0.010030
0.112800 0.009980
0.113000 0.009930
0.113200 0.009880
0.113400 0.009830
0.113600 0.009780
0.113800 0.009731
0.114000 0.009682
0.114200 0.009633
0.114400 0.009585
0.114600 0.009536
0.114800 0.009488
0.115000 0.009440
0.115200 0.009392
0.115400 0.009345
0.115600 0.009298
0.115800 0.009250
0.116000 0.009204
0.116200 0.009157
0.116400 0.009111
0.116600 0.009064
0.116800 0.009018
0.117000 0.008973
0.117200 0.008927
0.117400 0.008882
0.117600 0.008836
0.117800 0.008791
0.118000 0.008747
0.118200 0.008702
0.118400 0.008658
0.118600 0.008614
0.118800 0.008570
0.119000 0.008526
0.119200 0.008483
0.119400 0.008439
0.119600 0.008396
0.119800 0.008353
0.120000 0.008311
0.120200 0.008268
0.120400 0.008226
0.120600 0.008184
0.120800 0.008142
0.121000 0.008100
0.121200 0.008059
0.121400 0.008018
0.121600 0.007976
0.121800 0.007936
0.122000 0.007895
0.122200 0.007854
0.122400 0.007814
0.122600 0.007774
0.122800 0.007734
0.123000 0.007694
0.123200 0.007655
0.123400 0.007615
0.123600 0.007576
0.123800 0.007537
0.124000 0.007498
0.124200 0.007459
0.124400 0.007421
0.124600 0.007383
0.124800 0.007345
0.125000 0.007307
0.125200 0.007269
0.125400 0.007231
0.125600 0.007194
0.125800 0.007157
0.126000 0.007120
0.126200 0.007083
0.126400 0.007046
0.126600 0.007010
0.126800 0.006974
0.127000 0.006937
0.127200 0.006901
0.127400 0.006866
0.127600 0.006830
0.127800 0.006795
0.128000 0.006759
0.128200 0.006724
0.128400 0.006689
0.128600 0.006655
0.128800 0.006620
0.129000 0.006585
0.129200 0.006551
0.129400 0.006517
0.129600 0.006483
0.129800 0.006449
0.130000 0.006416
0.130200 0.006382
0.130400 0.006349
0.130600 0.006316
0.130800 0.006283
0.131000 0.006250
0.131200 0.006218
0.131400 0.006185
0.131600 0.006153
0.131800 0.006121
0.132000 0.006089
0.132200 0.006057
0.132400 0.006025
0.132600 0.005994
0.132800 0.005962
0.133000 0.005931
0.133200 0.005900
0.133400 0.005869
0.133600 0.005838
0.133800 0.005808
0.134000 0.005777
0.134200 0.005747
0.134400 0.005717
0.134600 0.005687
0.134800 0.005657
0.135000 0.005627
0.135200 0.005598
0.135400 0.005568
0.135600 0.005539
0.135800 0.005510
0.136000 0.005481
0.136200 0.005452
0.136400 0.005423
0.136600 0.005395
0.136800 0.005366
0.137000 0.005338
0.137200 0.005310
0.137400 0.005282
0.137600 0.005254
0.137800 0.005226
0.138000 0.005199
0.138200 0.005171
0.138400 0.005144
0.138600 0.005117
0.138800 0.005090
0.139000 0.005063
0.139200 0.005036
0.139400 0.005010
0.139600 0.004983
0.139800 0.004957
0.140000 0.004931
0.140200 0.004905
0.140400 0.004879
0.140600 0.004853
0.140800 0.004827
0.141000 0.004802
0.141200 0.004776
0.141400 0.004751
0.141600 0.004726
0.141800 0.004701
0.142000 0.004676
0.142200 0.004651
0.142400 0.004626
0.142600 0.004602
0.142800 0.004577
0.143000 0.004553
0.143200 0.004529
0.143400 0.004505
0.143600 0.004481
0.143800 0.004457
0.144000 0.004434
0.144200 0.004410
0.144400 0.004387
0.144600 0.004363
0.144800 0.004340
0.145000 0.004317
0.145200 0.004294
0.145400 0.004271
0.145600 0.004249
0.145800 0.004226
0.146000 0.004204
0.146200 0.004181
0.146400 0.004159
0.146600 0.004137
0.146800 0.004115
0.147000 0.004093
0.147200 0.004071
0.147400 0.004050
0.147600 0.004028
0.147800 0.004007
0.148000 0.003985
0.148200 0.003964
0.148400 0.003943
0.148600 0.003922
0.148800 0.003901
0.149000 0.003881
0.149200 0.003860
0.149400 0.003839
0.149600 0.003819
0.149800 0.003799
0.150000 0.003778
0.150200 0.003758
0.150400 0.003738
0.150600 0.003718
0.150800 0.003699
0.151000 0.003679
0.151200 0.003659
0.151400 0.003640
0.151600 0.003621
0.151800 0.003601
0.152000 0.003582
0.152200 0.003563
0.152400 0.003544
0.152600 0.003525
0.152800 0.003507
0.153000 0.003488
0.153200 0.003469
0.153400 0.003451
0.153600 0.003433
0.153800 0.003414
0.154000 0.003396
0.154200 0.003378
0.154400 0.003360
0.154600 0.003342
0.154800 0.003325
0.155000 0.003307
0.155200 0.003289
0.155400 0.003272
0.155600 0.003254
0.155800 0.003237
0.156000 0.003220
0.156200 0.003203
0.156400 0.003186
0.156600 0.003169
0.156800 0.003152
0.157000 0.003136
0.157200 0.003119
0.157400 0.003102
0.157600 0.003086
0.157800 0.003070
0.158000 0.003053
0.158200 0.003037
0.158400 0.003021
0.158600 0.003005
0.158800 0.002989
0.159000 0.002973
0.159200 0.002958
0.159400 0.002942
0.159600 0.002927
0.159800 0.002911
0.160000 0.002896
0.160200 0.002880
0.160400 0.002865
0.160600 0.002850
0.160800 0.002835
0.161000 0.002820
0.161200 0.002805
0.161400 0.002791
0.161600 0.002776
0.161800 0.002761
0.162000 0.002747
0.162200 0.002732
0.162400 0.002718
0.162600 0.002704
0.162800 0.002690
0.163000 0.002676
0.163200 0.002662
0.163400 0.002648
0.163600 0.002634
0.163800 0.002620
0.164000 0.002606
0.164200 0.002593
0.164400 0.002579
0.164600 0.002566
0.164800 0.002552
0.165000 0.002539
0.165200 0.002526
0.165400 0.002513
0.165600 0.002500
0.165800 0.002487
0.166000 0.002474
0.166200 0.002461
0.166400 0.002448
0.166600 0.002436
0.166800 0.002423
0.167000 0.002410
0.167200 0.002398
0.167400 0.002386
0.167600 0.002373
0.167800 0.002361
0.168000 0.002349
0.168200 0.002337
0.168400 0.002325
0.168600 0.002313
0.168800 0.002301
0.169000 0.002289
0.169200 0.002278
0.169400 0.002266
0.169600 0.002254
0.169800 0.002243
0.170000 0.002232
0.170200 0.002220
0.170400 0.002209
0.170600 0.002198
0.170800 0.002187
0.171000 0.002175
0.171200 0.002164
0.171400 0.002154
0.171600 0.002143
0.171800 0.002132
0.172000 0.002121
0.172200 0.002110
0.172400 0.002100
0.172600 0.002089
0.172800 0.002079
0.173000 0.002069
0.173200 0.002058
0.173400 0.002048
0.173600 0.002038
0.173800 0.002028
0.174000 0.002018
0.174200 0.002008
0.174400 0.001998
0.174600 0.001988
0.174800 0.001978
0.175000 0.001968
0.175200 0.001959
0.175400 0.001949
0.175600 0.001939
0.175800 0.001930
0.176000 0.001921
0.176200 0.001911
0.176400 0.001902
0.176600 0.001893
0.176800 0.001884
0.177000 0.001874
0.177200 0.001865
0.177400 0.001856
0.177600 0.001848
0.177800 0.001839
0.178000 0.001830
0.178200 0.001821
0.178400 0.001813
0.178600 0.001804
0.178800 0.001795
0.179000 0.001787
0.179200 0.001778
0.179400 0.001770
0.179600 0.001762
0.179800 0.001754
0.180000 0.001745
0.180200 0.001737
0.180400 0.001729
0.180600 0.001721
0.180800 0.001713
0.181000 0.001705
0.181200 0.001697
0.181400 0.001690
0.181600 0.001682
0.181800 0.001674
0.182000 0.001667
0.182200 0.001659
0.182400 0.001652
0.182600 0.001644
0.182800 0.001637
0.183000 0.001629
0.183200 0.001622
0.183400 0.001615
0.183600 0.001608
0.183800 0.001601
0.184000 0.001593
0.184200 0.001586
0.184400 0.001580
0.184600 0.001573
0.184800 0.001566
0.185000 0.001559
0.185200 0.001552
0.185400 0.001546
0.185600 0.001539
0.185800 0.001532
0.186000 0.001526
0.186200 0.001519
0.186400 0.001513
0.186600 0.001507
0.186800 0.001500
0.187000 0.001494
0.187200 0.001488
0.187400 0.001482
0.187600 0.001476
0.187800 0.001470
0.188000 0.001464
0.188200 0.001458
0.188400 0.001452
0.188600 0.001446
0.188800 0.001440
0.189000 0.001434
0.189200 0.001429
0.189400 0.001423
0.189600 0.001417
0.189800 0.001412
0.190000 0.001406
0.190200 0.001401
0.190400 0.001395
0.190600 0.001390
0.190800 0.001385
0.191000 0.001380
0.191200 0.001374
0.191400 0.001369
0.191600 0.001364
0.191800 0.001359
0.192000 0.001354
0.192200 0.001349
0.192400 0.001344
0.192600 0.001339
0.192800 0.001335
0.193000 0.001330
0.193200 0.001325
0.193400 0.001320
0.193600 0.001316
0.193800 0.001311
0.194000 0.001307
0.194200 0.001302
0.194400 0.001298
0.194600 0.001293
0.194800 0.001289
0.195000 0.001285
0.195200 0.001281
0.195400 0.001276
0.195600 0.001272
0.195800 0.001268
0.196000 0.001264
0.196200 0.001260
0.196400 0.001256
0.196600 0.001252
0.196800 0.001248
0.197000 0.001244
0.197200 0.001241
0.197400 0.001237
0.197600 0.001233
0.197800 0.001230
0.198000 0.001226
0.198200 0.001222
0.198400 0.001219
0.198600 0.001215
0.198800 0.001212
0.199000 0.001209
0.199200 0.001205
0.199400 0.001202
0.199600 0.001199
0.199800 0.001196
0.200000 0.001192
0.200200 0.001189
0.200400 0.001186
0.200600 0.001183
0.200800 0.001180
0.201000 0.001177
0.201200 0.001174
0.201400 0.001171
0.201600 0.001169
0.201800 0.001166
0.202000 0.001163
0.202200 0.001160
0.202400 0.001158
0.202600 0.001155
0.202800 0.001153
0.203000 0.001150
0.203200 0.001148
0.203400 0.001145
0.203600 0.001143
0.203800 0.001141
0.204000 0.001138
0.204200 0.001136
0.204400 0.001134
0.204600 0.001132
0.204800 0.001130
0.205000 0.001127
0.205200 0.001125
0.205400 0.001123
0.205600 0.001121
0.205800 0.001120
0.206000 0.001118
0.206200 0.001116
0.206400 0.001114
0.206600 0.001112
0.206800 0.001111
0.207000 0.001109
0.207200 0.001107
0.207400 0.001106
0.207600 0.001104
0.207800 0.001103
0.208000 0.001101
0.208200 0.001100
0.208400 0.001098
0.208600 0.001097
0.208800 0.001096
0.209000 0.001095
0.209200 0.001093
0.209400 0.001092
0.209600 0.001091
0.209800 0.001090
0.210000 0.001089
0.210200 0.001088
0.210400 0.001087
0.210600 0.001086
0.210800 0.001085
0.211000 0.001084
0.211200 0.001084
0.211400 0.001083
0.211600 0.001082
0.211800 0.001081
0.212000 0.001081
0.212200 0.001080
0.212400 0.001080
0.212600 0.001079
0.212800 0.001079
0.213000 0.001078
0.213200 0.001078
0.213400 0.001078
0.213600 0.001077
0.213800 0.001077
0.214000 0.001077
0.214200 0.001077
0.214400 0.001076
0.214600 0.001076
0.214800 0.001076
0.215000 0.001076
0.215200 0.001076
0.215400 0.001076
0.215600 0.001076
0.215800 0.001077
0.216000 0.001077
0.216200 0.001077
0.216400 0.001077
0.216600 0.001078
0.216800 0.001078
0.217000 0.001078
0.217200 0.001079
0.217400 0.001079
0.217600 0.001080
0.217800 0.001080
0.218000 0.001081
0.218200 0.001082
0.218400 0.001082
0.218600 0.001083
0.218800 0.001084
0.219000 0.001084
0.219200 0.001085
0.219400 0.001086
0.219600 0.001087
0.219800 0.001088
0.220000 0.001089
0.220200 0.001090
0.220400 0.001091
0.220600 0.001092
0.220800 0.001094
0.221000 0.001095
0.221200 0.001096
0.221400 0.001097
0.221600 0.001099
0.221800 0.001100
0.222000 0.001101
0.222200 0.001103
0.222400 0.001104
0.222600 0.001106
0.222800 0.001108
0.223000 0.001109
0.223200 0.001111
0.223400 0.001113
0.223600 0.001114
0.223800 0.001116
0.224000 0.001118
0.224200 0.001120
0.224400 0.001122
0.224600 0.001124
0.224800 0.001126
0.225000 0.001128
0.225200 0.001130
0.225400 0.001132
0.225600 0.001134
0.225800 0.001136
0.226000 0.001139
0.226200 0.001141
0.226400 0.001143
0.226600 0.001146
0.226800 0.001148
0.227000 0.001151
0.227200 0.001153
0.227400 0.001156
0.227600 0.001158
0.227800 0.001161
0.228000 0.001164
0.228200 0.001166
0.228400 0.001169
0.228600 0.001172
0.228800 0.001175
0.229000 0.001178
0.229200 0.001181
0.229400 0.001184
0.229600 0.001187
0.229800 0.001190
0.230000 0.001193
0.230200 0.001196
0.230400 0.001199
0.230600 0.001202
0.230800 0.001206
0.231000 0.001209
0.231200 0.001212
0.231400 0.001216
0.231600 0.001219
0.231800 0.001223
0.232000 0.001226
0.232200 0.001230
0.232400 0.001234
0.232600 0.001237
0.232800 0.001241
0.233000 0.001245
0.233200 0.001249
0.233400 0.001253
0.233600 0.001257
0.233800 0.001261
0.234000 0.001265
0.234200 0.001269
0.234400 0.001273
0.234600 0.001277
0.234800 0.001281
0.235000 0.001285
0.235200 0.001290
0.235400 0.001294
0.235600 0.001298
0.235800 0.001303
0.236000 0.001307
0.236200 0.001312
0.236400 0.001317
0.236600 0.001321
0.236800 0.001326
0.237000 0.001331
0.237200 0.001335
0.237400 0.001340
0.237600 0.001345
0.237800 0.001350
0.238000 0.001355
0.238200 0.001360
0.238400 0.001365
0.238600 0.001370
0.238800 0.001375
0.239000 0.001380
0.239200 0.001386
0.239400 0.001391
0.239600 0.001396
0.239800 0.001402
0.240000 0.001407
0.240200 0.001413
0.240400 0.001418
0.240600 0.001424
0.240800 0.001429
0.241000 0.001435
0.241200 0.001441
0.241400 0.001447
0.241600 0.001453
0.241800 0.001458
0.242000 0.001464
0.242200 0.001470
0.242400 0.001477
0.242600 0.001483
0.242800 0.001489
0.243000 0.001495
0.243200 0.001501
0.243400 0.001508
0.243600 0.001514
0.243800 0.001520
0.244000 0.001527
0.244200 0.001533
0.244400 0.001540
0.244600 0.001547
0.244800 0.001553
0.245000 0.001560
0.245200 0.001567
0.245400 0.001574
0.245600 0.001581
0.245800 0.001588
0.246000 0.001595
0.246200 0.001602
0.246400 0.001609
0.246600 0.001616
0.246800 0.001623
0.247000 0.001630
0.247200 0.001638
0.247400 0.001645
0.247600 0.001653
0.247800 0.001660
0.248000 0.001668
0.248200 0.001675
0.248400 0.001683
0.248600 0.001691
0.248800 0.001699
0.249000 0.001706
0.249200 0.001714
0.249400 0.001722
0.249600 0.001730
0.249800 0.001738
0.250000 0.001747
0.250200 0.001755
0.250400 0.001763
0.250600 0.001771
0.250800 0.001780
0.251000 0.001788
0.251200 0.001797
0.251400 0.001805
0.251600 0.001814
0.251800 0.001823
0.252000 0.001831
0.252200 0.001840
0.252400 0.001849
0.252600 0.001858
0.252800 0.001867
0.253000 0.001876
0.253200 0.001885
0.253400 0.001894
0.253600 0.001903
0.253800 0.001913
0.254000 0.001922
0.254200 0.001931
0.254400 0.001941
0.254600 0.001950
0.254800 0.001960
0.255000 0.001970
0.255200 0.001980
0.255400 0.001989
0.255600 0.001999
0.255800 0.002009
0.256000 0.002019
0.256200 0.002029
0.256400 0.002039
0.256600 0.002050
0.256800 0.002060
0.257000 0.002070
0.257200 0.002081
0.257400 0.002091
0.257600 0.002102
0.257800 0.002112
0.258000 0.002123
0.258200 0.002134
0.258400 0.002144
0.258600 0.002155
0.258800 0.002166
0.259000 0.002177
0.259200 0.002188
0.259400 0.002199
0.259600 0.002211
0.259800 0.002222
0.260000 0.002233
0.260200 0.002245
0.260400 0.002256
0.260600 0.002268
0.260800 0.002279
0.261000 0.002291
0.261200 0.002303
0.261400 0.002315
0.261600 0.002327
0.261800 0.002339
0.262000 0.002351
0.262200 0.002363
0.262400 0.002375
0.262600 0.002388
0.262800 0.002400
0.263000 0.002412
0.263200 0.002425
0.263400 0.002438
0.263600 0.002450
0.263800 0.002463
0.264000 0.002476
0.264200 0.002489
0.264400 0.002502
0.264600 0.002515
0.264800 0.002528
0.265000 0.002541
0.265200 0.002554
0.265400 0.002568
0.265600 0.002581
0.265800 0.002595
0.266000 0.002608
0.266200 0.002622
0.266400 0.002636
0.266600 0.002650
0.266800 0.002664
0.267000 0.002678
0.267200 0.002692
0.267400 0.002706
0.267600 0.002720
0.267800 0.002735
0.268000 0.002749
0.268200 0.002764
0.268400 0.002778
0.268600 0.002793
0.268800 0.002808
0.269000 0.002823
0.269200 0.002837
0.269400 0.002853
0.269600 0.002868
0.269800 0.002883
0.270000 0.002898
0.270200 0.002913
0.270400 0.002929
0.270600 0.002944
0.270800 0.002960
0.271000 0.002976
0.271200 0.002992
0.271400 0.003008
0.271600 0.003024
0.271800 0.003040
0.272000 0.003056
0.272200 0.003072
0.272400 0.003088
0.272600 0.003105
0.272800 0.003121
0.273000 0.003138
0.273200 0.003155
0.273400 0.003172
0.273600 0.003189
0.273800 0.003206
0.274000 0.003223
0.274200 0.003240
0.274400 0.003257
0.274600 0.003275
0.274800 0.003292
0.275000 0.003310
0.275200 0.003327
0.275400 0.003345
0.275600 0.003363
0.275800 0.003381
0.276000 0.003399
0.276200 0.003417
0.276400 0.003435
0.276600 0.003454
0.276800 0.003472
0.277000 0.003491
0.277200 0.003509
0.277400 0.003528
0.277600 0.003547
0.277800 0.003566
0.278000 0.003585
0.278200 0.003604
0.278400 0.003624
0.278600 0.003643
0.278800 0.003662
0.279000 0.003682
0.279200 0.003702
0.279400 0.003721
0.279600 0.003741
0.279800 0.003761
0.280000 0.003782
0.280200 0.003802
0.280400 0.003822
0.280600 0.003843
0.280800 0.003863
0.281000 0.003884
0.281200 0.003905
0.281400 0.003925
0.281600 0.003946
0.281800 0.003968
0.282000 0.003989
0.282200 0.004010
0.282400 0.004032
0.282600 0.004053
0.282800 0.004075
0.283000 0.004097
0.283200 0.004118
0.283400 0.004140
0.283600 0.004163
0.283800 0.004185
0.284000 0.004207
0.284200 0.004230
0.284400 0.004252
0.284600 0.004275
0.284800 0.004298
0.285000 0.004321
0.285200 0.004344
0.285400 0.004367
0.285600 0.004390
0.285800 0.004414
0.286000 0.004437
0.286200 0.004461
0.286400 0.004485
0.286600 0.004509
0.286800 0.004533
0.287000 0.004557
0.287200 0.004581
0.287400 0.004606
0.287600 0.004630
0.287800 0.004655
0.288000 0.004680
0.288200 0.004705
0.288400 0.004730
0.288600 0.004755
0.288800 0.004780
0.289000 0.004806
0.289200 0.004831
0.289400 0.004857
0.289600 0.004883
0.289800 0.004909
0.290000 0.004935
0.290200 0.004961
0.290400 0.004987
0.290600 0.005014
0.290800 0.005040
0.291000 0.005067
0.291200 0.005094
0.291400 0.005121
0.291600 0.005148
0.291800 0.005176
0.292000 0.005203
0.292200 0.005231
0.292400 0.005258
0.292600 0.005286
0.292800 0.005314
0.293000 0.005342
0.293200 0.005371
0.293400 0.005399
0.293600 0.005428
0.293800 0.005456
0.294000 0.005485
0.294200 0.005514
0.294400 0.005543
0.294600 0.005573
0.294800 0.005602
0.295000 0.005632
0.295200 0.005661
0.295400 0.005691
0.295600 0.005721
0.295800 0.005752
0.296000 0.005782
0.296200 0.005812
0.296400 0.005843
0.296600 0.005874
0.296800 0.005905
0.297000 0.005936
0.297200 0.005967
0.297400 0.005998
0.297600 0.006030
0.297800 0.006062
0.298000 0.006094
0.298200 0.006126
0.298400 0.006158
0.298600 0.006190
0.298800 0.006223
0.299000 0.006255
0.299200 0.006288
0.299400 0.006321
0.299600 0.006354
0.299800 0.006388
0.300000 0.006421
0.300200 0.006455
0.300400 0.006488
0.300600 0.006522
0.300800 0.006556
0.301000 0.006591
0.301200 0.006625
0.301400 0.006660
0.301600 0.006695
0.301800 0.006730
0.302000 0.006765
0.302200 0.006800
0.302400 0.006835
0.302600 0.006871
0.302800 0.006907
0.303000 0.006943
0.303200 0.006979
0.303400 0.007015
0.303600 0.007052
0.303800 0.007089
0.304000 0.007125
0.304200 0.007163
0.304400 0.007200
0.304600 0.007237
0.304800 0.007275
0.305000 0.007312
0.305200 0.007350
0.305400 0.007389
0.305600 0.007427
0.305800 0.007465
0.306000 0.007504
0.306200 0.007543
0.306400 0.007582
0.306600 0.007621
0.306800 0.007661
0.307000 0.007700
0.307200 0.007740
0.307400 0.007780
0.307600 0.007820
0.307800 0.007860
0.308000 0.007901
0.308200 0.007942
0.308400 0.007983
0.308600 0.008024
0.308800 0.008065
0.309000 0.008107
0.309200 0.008148
0.309400 0.008190
0.309600 0.008232
0.309800 0.008275
0.310000 0.008317
0.310200 0.008360
0.310400 0.008403
0.310600 0.008446
0.310800 0.008489
0.311000 0.008533
0.311200 0.008577
0.311400 0.008621
0.311600 0.008665
0.311800 0.008709
0.312000 0.008754
0.312200 0.008798
0.312400 0.008843
0.312600 0.008889
0.312800 0.008934
0.313000 0.008980
0.313200 0.009025
0.313400 0.009071
0.313600 0.009118
0.313800 0.009164
0.314000 0.009211
0.314200 0.009258
0.314400 0.009305
0.314600 0.009352
0.314800 0.009400
0.315000 0.009447
0.315200 0.009495
0.315400 0.009544
0.315600 0.009592
0.315800 0.009641
0.316000 0.009690
0.316200 0.009739
0.316400 0.009788
0.316600 0.009838
0.316800 0.009887
0.317000 0.009937
0.317200 0.009988
0.317400 0.010038
0.317600 0.010089
0.317800 0.010140
0.318000 0.010191
0.318200 0.010242
0.318400 0.010294
0.318600 0.010346
0.318800 0.010398
0.319000 0.010450
0.319200 0.010503
0.319400 0.010556
0.319600 0.010609
0.319800 0.010662
0.320000 0.010716
0.320200 0.010770
0.320400 0.010824
0.320600 0.010878
0.320800 0.010933
0.321000 0.010987
0.321200 0.011042
0.321400 0.011098
0.321600 0.011153
0.321800 0.011209
0.322000 0.011265
0.322200 0.011321
0.322400 0.011378
0.322600 0.011435
0.322800 0.011492
0.323000 0.011549
0.323200 0.011607
0.323400 0.011665
0.323600 0.011723
0.323800 0.011781
0.324000 0.011840
0.324200 0.011899
0.324400 0.011958
0.324600 0.012017
0.324800 0.012077
0.325000 0.012137
0.325200 0.012197
0.325400 0.012258
0.325600 0.012318
0.325800 0.012379
0.326000 0.012441
0.326200 0.012502
0.326400 0.012564
0.326600 0.012626
0.326800 0.012689
0.327000 0.012751
0.327200 0.012814
0.327400 0.012878
0.327600 0.012941
0.327800 0.013005
0.328000 0.013069
0.328200 0.013133
0.328400 0.013198
0.328600 0.013263
0.328800 0.013328
0.329000 0.013394
0.329200 0.013460
0.329400 0.013526
0.329600 0.013592
0.329800 0.013659
0.330000 0.013726
0.330200 0.013793
0.330400 0.013861
0.330600 0.013929
0.330800 0.013997
0.331000 0.014065
0.331200 0.014134
0.331400 0.014203
0.331600 0.014272
0.331800 0.014342
0.332000 0.014412
0.332200 0.014482
0.332400 0.014553
0.332600 0.014624
0.332800 0.014695
0.333000 0.014767
0.333200 0.014838
0.333400 0.014911
0.333600 0.014983
0.333800 0.015056
0.334000 0.015129
0.334200 0.015202
0.334400 0.015276
0.334600 0.015350
0.334800 0.015424
0.335000 0.015499
0.335200 0.015574
0.335400 0.015650
0.335600 0.015725
0.335800 0.015801
0.336000 0.015877
0.336200 0.015954
0.336400 0.016031
0.336600 0.016108
0.336800 0.016186
0.337000 0.016264
0.337200 0.016342
0.337400 0.016421
0.337600 0.016500
0.337800 0.016579
0.338000 0.016659
0.338200 0.016739
0.338400 0.016819
0.338600 0.016900
0.338800 0.016981
0.339000 0.017062
0.339200 0.017144
0.339400 0.017226
0.339600 0.017309
0.339800 0.017391
0.340000 0.017475
0.340200 0.017558
0.340400 0.017642
0.340600 0.017726
0.340800 0.017811
0.341000 0.017896
0.341200 0.017981
0.341400 0.018067
0.341600 0.018153
0.341800 0.018239
0.342000 0.018326
0.342200 0.018413
0.342400 0.018500
0.342600 0.018588
0.342800 0.018676
0.343000 0.018765
0.343200 0.018854
0.343400 0.018943
0.343600 0.019033
0.343800 0.019123
0.344000 0.019213
0.344200 0.019304
0.344400 0.019395
0.344600 0.019487
0.344800 0.019579
0.345000 0.019671
0.345200 0.019764
0.345400 0.019857
0.345600 0.019951
0.345800 0.020045
0.346000 0.020139
0.346200 0.020234
0.346400 0.020329
0.346600 0.020424
0.346800 0.020520
0.347000 0.020616
0.347200 0.020713
0.347400 0.020810
0.347600 0.020908
0.347800 0.021005
0.348000 0.021104
0.348200 0.021202
0.348400 0.021302
0.348600 0.021401
0.348800 0.021501
0.349000 0.021601
0.349200 0.021702
0.349400 0.021803
0.349600 0.021905
0.349800 0.022007
0.350000 0.022109
0.350200 0.022212
0.350400 0.022315
0.350600 0.022419
0.350800 0.022523
0.351000 0.022628
0.351200 0.022733
0.351400 0.022838
0.351600 0.022944
0.351800 0.023050
0.352000 0.023157
0.352200 0.023264
0.352400 0.023372
0.352600 0.023480
0.352800 0.023588
0.353000 0.023697
0.353200 0.023806
0.353400 0.023916
0.353600 0.024026
0.353800 0.024137
0.354000 0.024248
0.354200 0.024360
0.354400 0.024472
0.354600 0.024584
0.354800 0.024697
0.355000 0.024811
0.355200 0.024924
0.355400 0.025039
0.355600 0.025154
0.355800 0.025269
0.356000 0.025384
0.356200 0.025501
0.356400 0.025617
0.356600 0.025734
0.356800 0.025852
0.357000 0.025970
0.357200 0.026088
0.357400 0.026207
0.357600 0.026327
0.357800 0.026447
0.358000 0.026567
0.358200 0.026688
0.358400 0.026809
0.358600 0.026931
0.358800 0.027054
0.359000 0.027177
0.359200 0.027300
0.359400 0.027424
0.359600 0.027548
0.359800 0.027673
0.360000 0.027798
0.360200 0.027924
0.360400 0.028050
0.360600 0.028177
0.360800 0.028304
0.361000 0.028432
0.361200 0.028560
0.361400 0.028689
0.361600 0.028818
0.361800 0.028948
0.362000 0.029079
0.362200 0.029209
0.362400 0.029341
0.362600 0.029473
0.362800 0.029605
0.363000 0.029738
0.363200 0.029871
0.363400 0.030005
0.363600 0.030140
0.363800 0.030275
0.364000 0.030410
0.364200 0.030546
0.364400 0.030683
0.364600 0.030820
0.364800 0.030958
0.365000 0.031096
0.365200 0.031235
0.365400 0.031374
0.365600 0.031514
0.365800 0.031654
0.366000 0.031795
0.366200 0.031937
0.366400 0.032079
0.366600 0.032221
0.366800 0.032364
0.367000 0.032508
0.367200 0.032652
0.367400 0.032797
0.367600 0.032942
0.367800 0.033088
0.368000 0.033234
0.368200 0.033381
0.368400 0.033529
0.368600 0.033677
0.368800 0.033826
0.369000 0.033975
0.369200 0.034125
0.369400 0.034275
0.369600 0.034426
0.369800 0.034578
0.370000 0.034730
0.370200 0.034883
0.370400 0.035036
0.370600 0.035190
0.370800 0.035345
0.371000 0.035500
0.371200 0.035655
0.371400 0.035812
0.371600 0.035969
0.371800 0.036126
0.372000 0.036284
0.372200 0.036443
0.372400 0.036602
0.372600 0.036762
0.372800 0.036922
0.373000 0.037083
0.373200 0.037245
0.373400 0.037407
0.373600 0.037570
0.373800 0.037734
0.374000 0.037898
0.374200 0.038063
0.374400 0.038228
0.374600 0.038394
0.374800 0.038560
0.375000 0.038728
0.375200 0.038896
0.375400 0.039064
0.375600 0.039233
0.375800 0.039403
0.376000 0.039573
0.376200 0.039744
0.376400 0.039916
0.376600 0.040088
0.376800 0.040261
0.377000 0.040435
0.377200 0.040609
0.377400 0.040784
0.377600 0.040959
0.377800 0.041135
0.378000 0.041312
0.378200 0.041490
0.378400 0.041668
0.378600 0.041847
0.378800 0.042026
0.379000 0.042206
0.379200 0.042387
0.379400 0.042568
0.379600 0.042751
0.379800 0.042933
0.380000 0.043117
0.380200 0.043301
0.380400 0.043486
0.380600 0.043671
0.380800 0.043857
0.381000 0.044044
0.381200 0.044232
0.381400 0.044420
0.381600 0.044609
0.381800 0.044798
0.382000 0.044989
0.382200 0.045180
0.382400 0.045371
0.382600 0.045564
0.382800 0.045757
0.383000 0.045951
0.383200 0.046145
0.383400 0.046340
0.383600 0.046536
0.383800 0.046733
0.384000 0.046930
0.384200 0.047128
0.384400 0.047327
0.384600 0.047526
0.384800 0.047726
0.385000 0.047927
0.385200 0.048129
0.385400 0.048331
0.385600 0.048534
0.385800 0.048738
0.386000 0.048942
0.386200 0.049148
0.386400 0.049354
0.386600 0.049560
0.386800 0.049768
0.387000 0.049976
0.387200 0.050185
0.387400 0.050395
0.387600 0.050605
0.387800 0.050816
0.388000 0.051028
0.388200 0.051241
0.388400 0.051455
0.388600 0.051669
0.388800 0.051884
0.389000 0.052099
0.389200 0.052316
0.389400 0.052533
0.389600 0.052751
0.389800 0.052970
0.390000 0.053190
0.390200 0.053410
0.390400 0.053631
0.390600 0.053853
0.390800 0.054076
0.391000 0.054299
0.391200 0.054523
0.391400 0.054749
0.391600 0.054974
0.391800 0.055201
0.392000 0.055428
0.392200 0.055657
0.392400 0.055886
0.392600 0.056115
0.392800 0.056346
0.393000 0.056577
0.393200 0.056810
0.393400 0.057043
0.393600 0.057277
0.393800 0.057511
0.394000 0.057747
0.394200 0.057983
0.394400 0.058220
0.394600 0.058458
0.394800 0.058697
0.395000 0.058936
0.395200 0.059177
0.395400 0.059418
0.395600 0.059660
0.395800 0.059903
0.396000 0.060147
0.396200 0.060391
0.396400 0.060637
0.396600 0.060883
0.396800 0.061130
0.397000 0.061378
0.397200 0.061627
0.397400 0.061876
0.397600 0.062127
0.397800 0.062378
0.398000 0.062630
0.398200 0.062883
0.398400 0.063137
0.398600 0.063392
0.398800 0.063648
0.399000 0.063904
0.399200 0.064162
0.399400 0.064420
0.399600 0.064679
0.399800 0.064939
0.400000 0.065200
0.400200 0.065462
0.400400 0.065724
0.400600 0.065988
0.400800 0.066252
0.401000 0.066518
0.401200 0.066784
0.401400 0.067051
0.401600 0.067319
0.401800 0.067588
0.402000 0.067858
0.402200 0.068129
0.402400 0.068400
0.402600 0.068673
0.402800 0.068946
0.403000 0.069221
0.403200 0.069496
0.403400 0.069772
0.403600 0.070049
0.403800 0.070327
0.404000 0.070606
0.404200 0.070886
0.404400 0.071167
0.404600 0.071449
0.404800 0.071731
0.405000 0.072015
0.405200 0.072299
0.405400 0.072585
0.405600 0.072871
0.405800 0.073159
0.406000 0.073447
0.406200 0.073736
0.406400 0.074026
0.406600 0.074318
0.406800 0.074610
0.407000 0.074903
0.407200 0.075197
0.407400 0.075492
0.407600 0.075788
0.407800 0.076085
0.408000 0.076383
0.408200 0.076682
0.408400 0.076981
0.408600 0.077282
0.408800 0.077584
0.409000 0.077887
0.409200 0.078191
0.409400 0.078495
0.409600 0.078801
0.409800 0.079108
0.410000 0.079416
0.410200 0.079724
0.410400 0.080034
0.410600 0.080345
0.410800 0.080656
0.411000 0.080969
0.411200 0.081283
0.411400 0.081598
0.411600 0.081913
0.411800 0.082230
0.412000 0.082548
0.412200 0.082867
0.412400 0.083186
0.412600 0.083507
0.412800 0.083829
0.413000 0.084152
0.413200 0.084476
0.413400 0.084801
0.413600 0.085127
0.413800 0.085454
0.414000 0.085782
0.414200 0.086111
0.414400 0.086441
0.414600 0.086772
0.414800 0.087104
0.415000 0.087438
0.415200 0.087772
0.415400 0.088107
0.415600 0.088444
0.415800 0.088781
0.416000 0.089120
0.416200 0.089459
0.416400 0.089800
0.416600 0.090142
0.416800 0.090485
0.417000 0.090829
0.417200 0.091174
0.417400 0.091520
0.417600 0.091867
0.417800 0.092215
0.418000 0.092564
0.418200 0.092915
0.418400 0.093266
0.418600 0.093619
0.418800 0.093972
0.419000 0.094327
0.419200 0.094683
0.419400 0.095040
0.419600 0.095398
0.419800 0.095757
0.420000 0.096117
0.420200 0.096479
0.420400 0.096841
0.420600 0.097205
0.420800 0.097569
0.421000 0.097935
0.421200 0.098302
0.421400 0.098670
0.421600 0.099039
0.421800 0.099410
0.422000 0.099781
0.422200 0.100154
0.422400 0.100528
0.422600 0.100902
0.422800 0.101278
0.423000 0.101656
0.423200 0.102034
0.423400 0.102413
0.423600 0.102794
0.423800 0.103176
0.424000 0.103559
0.424200 0.103943
0.424400 0.104328
0.424600 0.104714
0.424800 0.105102
0.425000 0.105490
0.425200 0.105880
0.425400 0.106271
0.425600 0.106664
0.425800 0.107057
0.426000 0.107451
0.426200 0.107847
0.426400 0.108244
0.426600 0.108642
0.426800 0.109042
0.427000 0.109442
0.427200 0.109844
0.427400 0.110247
0.427600 0.110651
0.427800 0.111056
0.428000 0.111462
0.428200 0.111870
0.428400 0.112279
0.428600 0.112689
0.428800 0.113100
0.429000 0.113513
0.429200 0.113927
0.429400 0.114342
0.429600 0.114758
0.429800 0.115175
0.430000 0.115594
0.430200 0.116013
0.430400 0.116435
0.430600 0.116857
0.430800 0.117280
0.431000 0.117705
0.431200 0.118131
0.431400 0.118558
0.431600 0.118987
0.431800 0.119417
0.432000 0.119847
0.432200 0.120280
0.432400 0.120713
0.432600 0.121148
0.432800 0.121584
0.433000 0.122021
0.433200 0.122460
0.433400 0.122899
0.433600 0.123340
0.433800 0.123783
0.434000 0.124226
0.434200 0.124671
0.434400 0.125117
0.434600 0.125565
0.434800 0.126013
0.435000 0.126463
0.435200 0.126914
0.435400 0.127367
0.435600 0.127821
0.435800 0.128276
0.436000 0.128732
0.436200 0.129190
0.436400 0.129649
0.436600 0.130109
0.436800 0.130571
0.437000 0.131034
0.437200 0.131498
0.437400 0.131963
0.437600 0.132430
0.437800 0.132898
0.438000 0.133368
0.438200 0.133838
0.438400 0.134311
0.438600 0.134784
0.438800 0.135259
0.439000 0.135735
0.439200 0.136212
0.439400 0.136691
0.439600 0.137171
0.439800 0.137652
0.440000 0.138135
0.440200 0.138619
0.440400 0.139104
0.440600 0.139591
0.440800 0.140079
0.441000 0.140569
0.441200 0.141059
0.441400 0.141552
0.441600 0.142045
0.441800 0.142540
0.442000 0.143036
0.442200 0.143534
0.442400 0.144033
0.442600 0.144533
0.442800 0.145035
0.443000 0.145538
0.443200 0.146042
0.443400 0.146548
0.443600 0.147055
0.443800 0.147564
0.444000 0.148074
0.444200 0.148585
0.444400 0.149098
0.444600 0.149612
0.444800 0.150127
0.445000 0.150644
0.445200 0.151163
0.445400 0.151682
0.445600 0.152203
0.445800 0.152726
0.446000 0.153250
0.446200 0.153775
0.446400 0.154302
0.446600 0.154830
0.446800 0.155359
0.447000 0.155890
0.447200 0.156423
0.447400 0.156956
0.447600 0.157492
0.447800 0.158028
0.448000 0.158566
0.448200 0.159106
0.448400 0.159647
0.448600 0.160189
0.448800 0.160733
0.449000 0.161278
0.449200 0.161825
0.449400 0.162373
0.449600 0.162922
0.449800 0.163473
0.450000 0.164026
0.450200 0.164580
0.450400 0.165135
0.450600 0.165692
0.450800 0.166250
0.451000 0.166810
0.451200 0.167371
0.451400 0.167934
0.451600 0.168498
0.451800 0.169063
0.452000 0.169630
0.452200 0.170199
0.452400 0.170769
0.452600 0.171340
0.452800 0.171913
0.453000 0.172488
0.453200 0.173064
0.453400 0.173641
0.453600 0.174220
0.453800 0.174801
0.454000 0.175383
0.454200 0.175966
0.454400 0.176551
0.454600 0.177137
0.454800 0.177725
0.455000 0.178315
0.455200 0.178906
0.455400 0.179498
0.455600 0.180092
0.455800 0.180688
0.456000 0.181285
0.456200 0.181883
0.456400 0.182483
0.456600 0.183085
0.456800 0.183688
0.457000 0.184293
0.457200 0.184899
0.457400 0.185507
0.457600 0.186116
0.457800 0.186727
0.458000 0.187340
0.458200 0.187954
0.458400 0.188569
0.458600 0.189187
0.458800 0.189805
0.459000 0.190426
0.459200 0.191048
0.459400 0.191671
0.459600 0.192296
0.459800 0.192923
0.460000 0.193551
0.460200 0.194181
0.460400 0.194813
0.460600 0.195446
0.460800 0.196080
0.461000 0.196717
0.461200 0.197355
0.461400 0.197994
0.461600 0.198636
0.461800 0.199279
0.462000 0.199923
0.462200 0.200569
0.462400 0.201217
0.462600 0.201867
0.462800 0.202518
0.463000 0.203171
0.463200 0.203826
0.463400 0.204482
0.463600 0.205141
0.463800 0.205800
0.464000 0.206462
0.464200 0.207125
0.464400 0.207790
0.464600 0.208457
0.464800 0.209126
0.465000 0.209796
0.465200 0.210469
0.465400 0.211143
0.465600 0.211819
0.465800 0.212496
0.466000 0.213176
0.466200 0.213857
0.466400 0.214541
0.466600 0.215226
0.466800 0.215913
0.467000 0.216602
0.467200 0.217293
0.467400 0.217986
0.467600 0.218681
0.467800 0.219378
0.468000 0.220077
0.468200 0.220779
0.468400 0.221482
0.468600 0.222187
0.468800 0.222894
0.469000 0.223604
0.469200 0.224316
0.469400 0.225030
0.469600 0.225746
0.469800 0.226464
0.470000 0.227185
0.470200 0.227908
0.470400 0.228633
0.470600 0.229361
0.470800 0.230091
0.471000 0.230824
0.471200 0.231559
0.471400 0.232297
0.471600 0.233037
0.471800 0.233780
0.472000 0.234525
0.472200 0.235273
0.472400 0.236025
0.472600 0.236778
0.472800 0.237535
0.473000 0.238295
0.473200 0.239057
0.473400 0.239823
0.473600 0.240592
0.473800 0.241364
0.474000 0.242139
0.474200 0.242917
0.474400 0.243699
0.474600 0.244484
0.474800 0.245273
0.475000 0.246065
0.475200 0.246861
0.475400 0.247661
0.475600 0.248465
0.475800 0.249272
0.476000 0.250084
0.476200 0.250900
0.476400 0.251720
0.476600 0.252544
0.476800 0.253373
0.477000 0.254206
0.477200 0.255045
0.477400 0.255887
0.477600 0.256735
0.477800 0.257588
0.478000 0.258446
0.478200 0.259310
0.478400 0.260178
0.478600 0.261053
0.478800 0.261933
0.479000 0.262819
0.479200 0.263712
0.479400 0.264610
0.479600 0.265515
0.479800 0.266427
0.480000 0.267346
0.480200 0.268271
0.480400 0.269204
0.480600 0.270144
0.480800 0.271092
0.481000 0.272048
0.481200 0.273011
0.481400 0.273983
0.481600 0.274964
0.481800 0.275953
0.482000 0.276952
0.482200 0.277960
0.482400 0.278977
0.482600 0.280005
0.482800 0.281042
0.483000 0.282090
0.483200 0.283149
0.483400 0.284219
0.483600 0.285300
0.483800 0.286393
0.484000 0.287498
0.484200 0.288616
0.484400 0.289746
0.484600 0.290890
0.484800 0.292047
0.485000 0.293218
0.485200 0.294404
0.485400 0.295604
0.485600 0.296820
0.485800 0.298051
0.486000 0.299299
0.486200 0.300563
0.486400 0.301844
0.486600 0.303143
0.486800 0.304460
0.487000 0.305796
0.487200 0.307150
0.487400 0.308525
0.487600 0.309920
0.487800 0.311335
0.488000 0.312772
0.488200 0.314231
0.488400 0.315713
0.488600 0.317218
0.488800 0.318747
0.489000 0.320300
0.489200 0.321879
0.489400 0.323483
0.489600 0.325115
0.489800 0.326774
0.490000 0.328461
0.490200 0.330176
0.490400 0.331922
0.490600 0.333698
0.490800 0.335505
0.491000 0.337345
0.491200 0.339218
0.491400 0.341124
0.491600 0.343065
0.491800 0.345042
0.492000 0.347055
0.492200 0.349106
0.492400 0.351195
0.492600 0.353324
0.492800 0.355493
0.493000 0.357703
0.493200 0.359956
0.493400 0.362253
0.493600 0.364594
0.493800 0.366981
0.494000 0.369415
0.494200 0.371896
0.494400 0.374427
0.494600 0.377008
0.494800 0.379640
0.495000 0.382326
0.495200 0.385064
0.495400 0.387859
0.495600 0.390709
0.495800 0.393617
0.496000 0.396584
0.496200 0.399612
0.496400 0.402701
0.496600 0.405853
0.496800 0.409070
0.497000 0.412352
0.497200 0.415702
0.497400 0.419120
0.497600 0.422608
0.497800 0.426168
0.498000 0.429801
0.498200 0.433509
0.498400 0.437293
0.498600 0.441154
0.498800 0.445095
0.499000 0.449116
0.499200 0.453220
0.499400 0.457408
0.499600 0.461681
0.499800 0.466042
0.500000 0.470491
0.500200 0.475031
0.500400 0.479663
0.500600 0.484389
0.500800 0.489211
0.501000 0.494130
0.501200 0.499148
0.501400 0.504267
0.501600 0.509489
0.501800 0.514814
0.502000 0.520246
0.502200 0.525785
0.502400 0.531434
0.502600 0.537194
0.502800 0.543067
0.503000 0.549056
0.503200 0.555160
0.503400 0.561383
0.503600 0.567727
0.503800 0.574192
0.504000 0.580781
0.504200 0.587496
0.504400 0.594338
0.504600 0.601309
0.504800 0.608411
0.505000 0.615646
0.505200 0.623015
0.505400 0.630520
0.505600 0.638163
0.505800 0.645946
0.506000 0.653870
0.506200 0.661937
0.506400 0.670149
0.506600 0.678506
0.506800 0.687012
0.507000 0.695668
0.507200 0.704475
0.507400 0.713434
0.507600 0.722548
0.507800 0.731818
0.508000 0.741246
0.508200 0.750832
0.508400 0.760578
0.508600 0.770486
0.508800 0.780558
0.509000 0.790793
0.509200 0.801195
0.509400 0.811764
0.509600 0.822501
0.509800 0.833407
0.510000 0.844484
0.510200 0.855733
0.510400 0.867155
0.510600 0.878751
0.510800 0.890521
0.511000 0.902467
0.511200 0.914590
0.511400 0.926890
0.511600 0.939369
0.511800 0.952026
0.512000 0.964863
0.512200 0.977879
0.512400 0.991077
0.512600 1.004455
0.512800 1.018015
0.513000 1.031757
0.513200 1.045680
0.513400 1.059786
0.513600 1.074074
0.513800 1.088544
0.514000 1.103197
0.514200 1.118032
0.514400 1.133049
0.514600 1.148247
0.514800 1.163627
0.515000 1.179187
0.515200 1.194928
0.515400 1.210849
0.515600 1.226949
0.515800 1.243227
0.516000 1.259683
0.516200 1.276315
0.516400 1.293122
0.516600 1.310104
0.516800 1.327258
0.517000 1.344584
0.517200 1.362081
0.517400 1.379746
0.517600 1.397578
0.517800 1.415576
0.518000 1.433737
0.518200 1.452060
0.518400 1.470543
0.518600 1.489182
0.518800 1.507978
0.519000 1.526926
0.519200 1.546024
0.519400 1.565271
0.519600 1.584663
0.519800 1.604197
0.520000 1.623871
0.520200 1.643682
0.520400 1.663627
0.520600 1.683702
0.520800 1.703905
0.521000 1.724231
0.521200 1.744678
0.521400 1.765242
0.521600 1.785919
0.521800 1.806706
0.522000 1.827598
0.522200 1.848592
0.522400 1.869683
0.522600 1.890868
0.522800 1.912141
0.523000 1.933500
0.523200 1.954938
0.523400 1.976453
0.523600 1.998038
0.523800 2.019690
0.524000 2.041403
0.524200 2.063172
0.524400 2.084993
0.524600 2.106861
0.524800 2.128769
0.525000 2.150714
0.525200 2.172689
0.525400 2.194689
0.525600 2.216708
0.525800 2.238742
0.526000 2.260784
0.526200 2.282828
0.526400 2.304870
0.526600 2.326902
0.526800 2.348919
0.527000 2.370915
0.527200 2.392884
0.527400 2.414820
0.527600 2.436717
0.527800 2.458568
0.528000 2.480368
0.528200 2.502109
0.528400 2.523786
0.528600 2.545392
0.528800 2.566921
0.529000 2.588366
0.529200 2.609721
0.529400 2.630979
0.529600 2.652134
0.529800 2.673180
0.530000 2.694109
0.530200 2.714916
0.530400 2.735593
0.530600 2.756134
0.530800 2.776533
0.531000 2.796782
0.531200 2.816876
0.531400 2.836808
0.531600 2.856571
0.531800 2.876159
0.532000 2.895565
0.532200 2.914782
0.532400 2.933805
0.532600 2.952627
0.532800 2.971241
0.533000 2.989642
0.533200 3.007822
0.533400 3.025776
0.533600 3.043498
0.533800 3.060981
0.534000 3.078219
0.534200 3.095206
0.534400 3.111937
0.534600 3.128405
0.534800 3.144605
0.535000 3.160530
0.535200 3.176176
0.535400 3.191537
0.535600 3.206607
0.535800 3.221381
0.536000 3.235854
0.536200 3.250020
0.536400 3.263874
0.536600 3.277412
0.536800 3.290629
0.537000 3.303519
0.537200 3.316079
0.537400 3.328303
0.537600 3.340188
0.537800 3.351729
0.538000 3.362922
0.538200 3.373763
0.538400 3.384248
0.538600 3.394373
0.538800 3.404135
0.539000 3.413530
0.539200 3.422556
0.539400 3.431208
0.539600 3.439484
0.539800 3.447381
0.540000 3.454896
0.540200 3.462028
0.540400 3.468772
0.540600 3.475127
0.540800 3.481092
0.541000 3.486663
0.541200 3.491840
0.541400 3.496620
0.541600 3.501002
0.541800 3.504986
0.542000 3.508569
0.542200 3.511751
0.542400 3.514531
0.542600 3.516908
0.542800 3.518883
0.543000 3.520454
0.543200 3.521622
0.543400 3.522386
0.543600 3.522747
0.543800 3.522706
0.544000 3.522263
0.544200 3.521418
0.544400 3.520172
0.544600 3.518527
0.544800 3.516484
0.545000 3.514043
0.545200 3.511208
0.545400 3.507979
0.545600 3.504358
0.545800 3.500347
0.546000 3.495949
0.546200 3.491166
0.546400 3.486000
0.546600 3.480454
0.546800 3.474531
0.547000 3.468233
0.547200 3.461565
0.547400 3.454528
0.547600 3.447128
0.547800 3.439366
0.548000 3.431247
0.548200 3.422775
0.548400 3.413953
0.548600 3.404786
0.548800 3.395278
0.549000 3.385433
0.549200 3.375255
0.549400 3.364750
0.549600 3.353922
0.549800 3.342775
0.550000 3.331315
0.550200 3.319547
0.550400 3.307475
0.550600 3.295106
0.550800 3.282444
0.551000 3.269494
0.551200 3.256263
0.551400 3.242756
0.551600 3.228979
0.551800 3.214937
0.552000 3.200636
0.552200 3.186082
0.552400 3.171281
0.552600 3.156239
0.552800 3.140963
0.553000 3.125458
0.553200 3.109730
0.553400 3.093787
0.553600 3.077634
0.553800 3.061277
0.554000 3.044723
0.554200 3.027978
0.554400 3.011050
0.554600 2.993943
0.554800 2.976666
0.555000 2.959224
0.555200 2.941623
0.555400 2.923872
0.555600 2.905975
0.555800 2.887940
0.556000 2.869773
0.556200 2.851480
0.556400 2.833069
0.556600 2.814546
0.556800 2.795917
0.557000 2.777189
0.557200 2.758368
0.557400 2.739461
0.557600 2.720475
0.557800 2.701415
0.558000 2.682288
0.558200 2.663101
0.558400 2.643859
0.558600 2.624570
0.558800 2.605238
0.559000 2.585871
0.559200 2.566475
0.559400 2.547055
0.559600 2.527618
0.559800 2.508169
0.560000 2.488714
0.560200 2.469260
0.560400 2.449812
0.560600 2.430375
0.560800 2.410956
0.561000 2.391559
0.561200 2.372190
0.561400 2.352856
0.561600 2.333560
0.561800 2.314308
0.562000 2.295105
0.562200 2.275956
0.562400 2.256867
0.562600 2.237842
0.562800 2.218886
0.563000 2.200003
0.563200 2.181198
0.563400 2.162476
0.563600 2.143841
0.563800 2.125297
0.564000 2.106849
0.564200 2.088500
0.564400 2.070255
0.564600 2.052117
0.564800 2.034091
0.565000 2.016180
0.565200 1.998387
0.565400 1.980716
0.565600 1.963171
0.565800 1.945755
0.566000 1.928470
0.566200 1.911321
0.566400 1.894309
0.566600 1.877438
0.566800 1.860711
0.567000 1.844131
0.567200 1.827699
0.567400 1.811418
0.567600 1.795291
0.567800 1.779320
0.568000 1.763507
0.568200 1.747854
0.568400 1.732363
0.568600 1.717036
0.568800 1.701874
0.569000 1.686880
0.569200 1.672055
0.569400 1.657399
0.569600 1.642916
0.569800 1.628605
0.570000 1.614469
0.570200 1.600507
0.570400 1.586722
0.570600 1.573114
0.570800 1.559683
0.571000 1.546431
0.571200 1.533358
0.571400 1.520465
0.571600 1.507752
0.571800 1.495220
0.572000 1.482868
0.572200 1.470697
0.572400 1.458708
0.572600 1.446899
0.572800 1.435272
0.573000 1.423826
0.573200 1.412561
0.573400 1.401477
0.573600 1.390573
0.573800 1.379849
0.574000 1.369305
0.574200 1.358939
0.574400 1.348753
0.574600 1.338744
0.574800 1.328912
0.575000 1.319257
0.575200 1.309777
0.575400 1.300473
0.575600 1.291342
0.575800 1.282384
0.576000 1.273598
0.576200 1.264983
0.576400 1.256538
0.576600 1.248261
0.576800 1.240152
0.577000 1.232208
0.577200 1.224430
0.577400 1.216816
0.577600 1.209363
0.577800 1.202072
0.578000 1.194940
0.578200 1.187966
0.578400 1.181149
0.578600 1.174486
0.578800 1.167977
0.579000 1.161621
0.579200 1.155414
0.579400 1.149356
0.579600 1.143446
0.579800 1.137680
0.580000 1.132059
0.580200 1.126580
0.580400 1.121241
0.580600 1.116041
0.580800 1.110978
0.581000 1.106050
0.581200 1.101256
0.581400 1.096593
0.581600 1.092060
0.581800 1.087656
0.582000 1.083378
0.582200 1.079225
0.582400 1.075194
0.582600 1.071285
0.582800 1.067495
0.583000 1.063822
0.583200 1.060265
0.583400 1.056822
0.583600 1.053491
0.583800 1.050270
0.584000 1.047158
0.584200 1.044153
0.584400 1.041253
0.584600 1.038456
0.584800 1.035760
0.585000 1.033164
0.585200 1.030666
0.585400 1.028265
0.585600 1.025958
0.585800 1.023743
0.586000 1.021620
0.586200 1.019586
0.586400 1.017641
0.586600 1.015781
0.586800 1.014006
0.587000 1.012313
0.587200 1.010702
0.587400 1.009170
0.587600 1.007717
0.587800 1.006339
0.588000 1.005037
0.588200 1.003808
0.588400 1.002651
0.588600 1.001565
0.588800 1.000547
0.589000 0.999597
0.589200 0.998712
0.589400 0.997892
0.589600 0.997136
0.589800 0.996440
0.590000 0.995806
0.590200 0.995230
0.590400 0.994712
0.590600 0.994250
0.590800 0.993843
0.591000 0.993490
0.591200 0.993189
0.591400 0.992940
0.591600 0.992740
0.591800 0.992590
0.592000 0.992487
0.592200 0.992430
0.592400 0.992419
0.592600 0.992452
0.592800 0.992528
0.593000 0.992646
0.593200 0.992805
0.593400 0.993004
0.593600 0.993241
0.593800 0.993517
0.594000 0.993829
0.594200 0.994178
0.594400 0.994561
0.594600 0.994978
0.594800 0.995429
0.595000 0.995911
0.595200 0.996425
0.595400 0.996969
0.595600 0.997543
0.595800 0.998146
0.596000 0.998777
0.596200 0.999434
0.596400 1.000119
0.596600 1.000828
0.596800 1.001563
0.597000 1.002322
0.597200 1.003105
0.597400 1.003910
0.597600 1.004737
0.597800 1.005586
0.598000 1.006455
0.598200 1.007345
0.598400 1.008254
0.598600 1.009183
0.598800 1.010129
0.599000 1.011094
0.599200 1.012075
0.599400 1.013074
0.599600 1.014088
0.599800 1.015118
0.600000 1.016163
0.600200 1.017223
0.600400 1.018297
0.600600 1.019385
0.600800 1.020486
0.601000 1.021600
0.601200 1.022726
0.601400 1.023864
0.601600 1.025014
0.601800 1.026174
0.602000 1.027346
0.602200 1.028528
0.602400 1.029720
0.602600 1.030921
0.602800 1.032132
0.603000 1.033352
0.603200 1.034580
0.603400 1.035817
0.603600 1.037062
0.603800 1.038315
0.604000 1.039575
0.604200 1.040842
0.604400 1.042116
0.604600 1.043396
0.604800 1.044683
0.605000 1.045976
0.605200 1.047275
0.605400 1.048579
0.605600 1.049889
0.605800 1.051204
0.606000 1.052524
0.606200 1.053849
0.606400 1.055178
0.606600 1.056512
0.606800 1.057849
0.607000 1.059191
0.607200 1.060536
0.607400 1.061885
0.607600 1.063238
0.607800 1.064593
0.608000 1.065952
0.608200 1.067314
0.608400 1.068679
0.608600 1.070046
0.608800 1.071416
0.609000 1.072788
0.609200 1.074162
0.609400 1.075539
0.609600 1.076918
0.609800 1.078298
0.610000 1.079681
0.610200 1.081065
0.610400 1.082450
0.610600 1.083837
0.610800 1.085226
0.611000 1.086615
0.611200 1.088006
0.611400 1.089398
0.611600 1.090791
0.611800 1.092185
0.612000 1.093580
0.612200 1.094975
0.612400 1.096372
0.612600 1.097768
0.612800 1.099166
0.613000 1.100563
0.613200 1.101962
0.613400 1.103360
0.613600 1.104759
0.613800 1.106158
0.614000 1.107557
0.614200 1.108956
0.614400 1.110356
0.614600 1.111755
0.614800 1.113154
0.615000 1.114553
0.615200 1.115952
0.615400 1.117351
0.615600 1.118750
0.615800 1.120148
0.616000 1.121546
0.616200 1.122943
0.616400 1.124340
0.616600 1.125737
0.616800 1.127133
0.617000 1.128529
0.617200 1.129924
0.617400 1.131318
0.617600 1.132712
0.617800 1.134106
0.618000 1.135498
0.618200 1.136890
0.618400 1.138281
0.618600 1.139671
0.618800 1.141061
0.619000 1.142449
0.619200 1.143837
0.619400 1.145224
0.619600 1.146610
0.619800 1.147995
0.620000 1.149380
0.620200 1.150763
0.620400 1.152145
0.620600 1.153526
0.620800 1.154906
0.621000 1.156286
0.621200 1.157664
0.621400 1.159041
0.621600 1.160417
0.621800 1.161791
0.622000 1.163165
0.622200 1.164537
0.622400 1.165909
0.622600 1.167279
0.622800 1.168648
0.623000 1.170015
0.623200 1.171382
0.623400 1.172747
0.623600 1.174111
0.623800 1.175473
0.624000 1.176834
0.624200 1.178194
0.624400 1.179553
0.624600 1.180910
0.624800 1.182266
0.625000 1.183621
0.625200 1.184974
0.625400 1.186326
0.625600 1.187676
0.625800 1.189025
0.626000 1.190373
0.626200 1.191719
0.626400 1.193063
0.626600 1.194407
0.626800 1.195748
0.627000 1.197089
0.627200 1.198427
0.627400 1.199765
0.627600 1.201100
0.627800 1.202434
0.628000 1.203767
0.628200 1.205098
0.628400 1.206428
0.628600 1.207755
0.628800 1.209082
0.629000 1.210407
0.629200 1.211730
0.629400 1.213051
0.629600 1.214371
0.629800 1.215689
0.630000 1.217006
0.630200 1.218321
0.630400 1.219634
0.630600 1.220946
0.630800 1.222256
0.631000 1.223564
0.631200 1.224871
0.631400 1.226176
0.631600 1.227479
0.631800 1.228780
0.632000 1.230080
0.632200 1.231378
0.632400 1.232674
0.632600 1.233969
0.632800 1.235261
0.633000 1.236552
0.633200 1.237841
0.633400 1.239128
0.633600 1.240414
0.633800 1.241697
0.634000 1.242979
0.634200 1.244259
0.634400 1.245537
0.634600 1.246814
0.634800 1.248088
0.635000 1.249361
0.635200 1.250631
0.635400 1.251900
0.635600 1.253167
0.635800 1.254432
0.636000 1.255695
0.636200 1.256956
0.636400 1.258215
0.636600 1.259472
0.636800 1.260728
0.637000 1.261981
0.637200 1.263232
0.637400 1.264482
0.637600 1.265729
0.637800 1.266975
0.638000 1.268218
0.638200 1.269460
0.638400 1.270699
0.638600 1.271936
0.638800 1.273172
0.639000 1.274405
0.639200 1.275636
0.639400 1.276865
0.639600 1.278092
0.639800 1.279318
0.640000 1.280541
0.640200 1.281761
0.640400 1.282980
0.640600 1.284197
0.640800 1.285411
0.641000 1.286624
0.641200 1.287834
0.641400 1.289042
0.641600 1.290248
0.641800 1.291452
0.642000 1.292654
0.642200 1.293853
0.642400 1.295051
0.642600 1.296246
0.642800 1.297439
0.643000 1.298629
0.643200 1.299818
0.643400 1.301004
0.643600 1.302188
0.643800 1.303370
0.644000 1.304550
0.644200 1.305727
0.644400 1.306902
0.644600 1.308075
0.644800 1.309245
0.645000 1.310413
0.645200 1.311579
0.645400 1.312743
0.645600 1.313904
0.645800 1.315063
0.646000 1.316220
0.646200 1.317374
0.646400 1.318526
0.646600 1.319676
0.646800 1.320823
0.647000 1.321968
0.647200 1.323110
0.647400 1.324250
0.647600 1.325388
0.647800 1.326524
0.648000 1.327656
0.648200 1.328787
0.648400 1.329915
0.648600 1.331041
0.648800 1.332164
0.649000 1.333285
0.649200 1.334403
0.649400 1.335519
0.649600 1.336632
0.649800 1.337743
0.650000 1.338852
0.650200 1.339958
0.650400 1.341061
0.650600 1.342162
0.650800 1.343261
0.651000 1.344356
0.651200 1.345450
0.651400 1.346541
0.651600 1.347629
0.651800 1.348715
0.652000 1.349798
0.652200 1.350879
0.652400 1.351957
0.652600 1.353032
0.652800 1.354105
0.653000 1.355175
0.653200 1.356243
0.653400 1.357308
0.653600 1.358370
0.653800 1.359430
0.654000 1.360487
0.654200 1.361542
0.654400 1.362594
0.654600 1.363643
0.654800 1.364689
0.655000 1.365733
0.655200 1.366774
0.655400 1.367813
0.655600 1.368849
0.655800 1.369882
0.656000 1.370912
0.656200 1.371940
0.656400 1.372965
0.656600 1.373987
0.656800 1.375007
0.657000 1.376023
0.657200 1.377037
0.657400 1.378049
0.657600 1.379057
0.657800 1.380063
0.658000 1.381066
0.658200 1.382066
0.658400 1.383063
0.658600 1.384058
0.658800 1.385049
0.659000 1.386038
0.659200 1.387024
0.659400 1.388007
0.659600 1.388988
0.659800 1.389965
0.660000 1.390940
0.660200 1.391912
0.660400 1.392881
0.660600 1.393847
0.660800 1.394810
0.661000 1.395771
0.661200 1.396728
0.661400 1.397682
0.661600 1.398634
0.661800 1.399583
0.662000 1.400529
0.662200 1.401471
0.662400 1.402411
0.662600 1.403348
0.662800 1.404282
0.663000 1.405214
0.663200 1.406142
0.663400 1.407067
0.663600 1.407989
0.663800 1.408908
0.664000 1.409824
0.664200 1.410738
0.664400 1.411648
0.664600 1.412555
0.664800 1.413459
0.665000 1.414360
0.665200 1.415259
0.665400 1.416154
0.665600 1.417046
0.665800 1.417935
0.666000 1.418821
0.666200 1.419704
0.666400 1.420584
0.666600 1.421460
0.666800 1.422334
0.667000 1.423205
0.667200 1.424072
0.667400 1.424937
0.667600 1.425798
0.667800 1.426656
0.668000 1.427511
0.668200 1.428363
0.668400 1.429212
0.668600 1.430058
0.668800 1.430900
0.669000 1.431740
0.669200 1.432576
0.669400 1.433409
0.669600 1.434239
0.669800 1.435066
0.670000 1.435889
0.670200 1.436710
0.670400 1.437527
0.670600 1.438341
0.670800 1.439152
0.671000 1.439959
0.671200 1.440764
0.671400 1.441565
0.671600 1.442363
0.671800 1.443158
0.672000 1.443949
0.672200 1.444737
0.672400 1.445522
0.672600 1.446304
0.672800 1.447082
0.673000 1.447858
0.673200 1.448630
0.673400 1.449398
0.673600 1.450164
0.673800 1.450926
0.674000 1.451685
0.674200 1.452440
0.674400 1.453192
0.674600 1.453941
0.674800 1.454687
0.675000 1.455429
0.675200 1.456168
0.675400 1.456903
0.675600 1.457636
0.675800 1.458364
0.676000 1.459090
0.676200 1.459812
0.676400 1.460531
0.676600 1.461247
0.676800 1.461959
0.677000 1.462667
0.677200 1.463373
0.677400 1.464075
0.677600 1.464773
0.677800 1.465468
0.678000 1.466160
0.678200 1.466848
0.678400 1.467533
0.678600 1.468215
0.678800 1.468893
0.679000 1.469568
0.679200 1.470239
0.679400 1.470907
0.679600 1.471571
0.679800 1.472232
0.680000 1.472890
0.680200 1.473544
0.680400 1.474194
0.680600 1.474841
0.680800 1.475485
0.681000 1.476125
0.681200 1.476762
0.681400 1.477395
0.681600 1.478024
0.681800 1.478651
0.682000 1.479273
0.682200 1.479892
0.682400 1.480508
0.682600 1.481120
0.682800 1.481729
0.683000 1.482334
0.683200 1.482936
0.683400 1.483534
0.683600 1.484128
0.683800 1.484719
0.684000 1.485307
0.684200 1.485891
0.684400 1.486471
0.684600 1.487048
0.684800 1.487621
0.685000 1.488190
0.685200 1.488757
0.685400 1.489319
0.685600 1.489878
0.685800 1.490433
0.686000 1.490985
0.686200 1.491533
0.686400 1.492078
0.686600 1.492619
0.686800 1.493156
0.687000 1.493690
0.687200 1.494220
0.687400 1.494747
0.687600 1.495269
0.687800 1.495789
0.688000 1.496304
0.688200 1.496816
0.688400 1.497325
0.688600 1.497830
0.688800 1.498331
0.689000 1.498828
0.689200 1.499322
0.689400 1.499812
0.689600 1.500299
0.689800 1.500781
0.690000 1.501261
0.690200 1.501736
0.690400 1.502208
0.690600 1.502676
0.690800 1.503141
0.691000 1.503601
0.691200 1.504058
0.691400 1.504512
0.691600 1.504962
0.691800 1.505408
0.692000 1.505850
0.692200 1.506289
0.692400 1.506723
0.692600 1.507155
0.692800 1.507582
0.693000 1.508006
0.693200 1.508426
0.693400 1.508842
0.693600 1.509255
0.693800 1.509664
0.694000 1.510069
0.694200 1.510470
0.694400 1.510868
0.694600 1.511262
0.694800 1.511652
0.695000 1.512039
0.695200 1.512421
0.695400 1.512800
0.695600 1.513175
0.695800 1.513547
0.696000 1.513915
0.696200 1.514278
0.696400 1.514639
0.696600 1.514995
0.696800 1.515348
0.697000 1.515696
0.697200 1.516041
0.697400 1.516383
0.697600 1.516720
0.697800 1.517054
0.698000 1.517384
0.698200 1.517710
0.698400 1.518032
0.698600 1.518351
0.698800 1.518666
0.699000 1.518977
0.699200 1.519284
0.699400 1.519587
0.699600 1.519887
0.699800 1.520182
0.700000 1.520474
0.700200 1.520762
0.700400 1.521047
0.700600 1.521327
0.700800 1.521604
0.701000 1.521877
0.701200 1.522146
0.701400 1.522411
0.701600 1.522672
0.701800 1.522930
0.702000 1.523184
0.702200 1.523433
0.702400 1.523679
0.702600 1.523922
0.702800 1.524160
0.703000 1.524395
0.703200 1.524625
0.703400 1.524852
0.703600 1.525075
0.703800 1.525294
0.704000 1.525510
0.704200 1.525721
0.704400 1.525929
0.704600 1.526133
0.704800 1.526333
0.705000 1.526529
0.705200 1.526721
0.705400 1.526909
0.705600 1.527094
0.705800 1.527275
0.706000 1.527451
0.706200 1.527624
0.706400 1.527793
0.706600 1.527959
0.706800 1.528120
0.707000 1.528278
0.707200 1.528431
0.707400 1.528581
0.707600 1.528727
0.707800 1.528869
0.708000 1.529007
0.708200 1.529141
0.708400 1.529272
0.708600 1.529398
0.708800 1.529521
0.709000 1.529640
0.709200 1.529755
0.709400 1.529866
0.709600 1.529973
0.709800 1.530077
0.710000 1.530176
0.710200 1.530272
0.710400 1.530364
0.710600 1.530451
0.710800 1.530535
0.711000 1.530616
0.711200 1.530692
0.711400 1.530764
0.711600 1.530833
0.711800 1.530897
0.712000 1.530958
0.712200 1.531015
0.712400 1.531068
0.712600 1.531117
0.712800 1.531163
0.713000 1.531204
0.713200 1.531242
0.713400 1.531275
0.713600 1.531305
0.713800 1.531331
0.714000 1.531353
0.714200 1.531371
0.714400 1.531386
0.714600 1.531396
0.714800 1.531403
0.715000 1.531406
0.715200 1.531405
0.715400 1.531400
0.715600 1.531391
0.715800 1.531378
0.716000 1.531362
0.716200 1.531342
0.716400 1.531317
0.716600 1.531289
0.716800 1.531257
0.717000 1.531222
0.717200 1.531182
0.717400 1.531139
0.717600 1.531091
0.717800 1.531040
0.718000 1.530985
0.718200 1.530927
0.718400 1.530864
0.718600 1.530798
0.718800 1.530727
0.719000 1.530653
0.719200 1.530575
0.719400 1.530494
0.719600 1.530408
0.719800 1.530319
0.720000 1.530226
0.720200 1.530129
0.720400 1.530028
0.720600 1.529924
0.720800 1.529815
0.721000 1.529703
0.721200 1.529587
0.721400 1.529468
0.721600 1.529344
0.721800 1.529217
0.722000 1.529086
0.722200 1.528951
0.722400 1.528813
0.722600 1.528670
0.722800 1.528524
0.723000 1.528374
0.723200 1.528221
0.723400 1.528064
0.723600 1.527903
0.723800 1.527738
0.724000 1.527570
0.724200 1.527397
0.724400 1.527222
0.724600 1.527042
0.724800 1.526859
0.725000 1.526672
0.725200 1.526481
0.725400 1.526287
0.725600 1.526089
0.725800 1.525887
0.726000 1.525682
0.726200 1.525473
0.726400 1.525260
0.726600 1.525044
0.726800 1.524824
0.727000 1.524601
0.727200 1.524374
0.727400 1.524143
0.727600 1.523909
0.727800 1.523671
0.728000 1.523429
0.728200 1.523184
0.728400 1.522936
0.728600 1.522684
0.728800 1.522428
0.729000 1.522169
0.729200 1.521906
0.729400 1.521640
0.729600 1.521370
0.729800 1.521097
0.730000 1.520820
0.730200 1.520540
0.730400 1.520257
0.730600 1.519970
0.730800 1.519679
0.731000 1.519385
0.731200 1.519088
0.731400 1.518788
0.731600 1.518484
0.731800 1.518176
0.732000 1.517866
0.732200 1.517552
0.732400 1.517234
0.732600 1.516914
0.732800 1.516590
0.733000 1.516263
0.733200 1.515932
0.733400 1.515598
0.733600 1.515262
0.733800 1.514922
0.734000 1.514578
0.734200 1.514232
0.734400 1.513882
0.734600 1.513530
0.734800 1.513174
0.735000 1.512815
0.735200 1.512453
0.735400 1.512088
0.735600 1.511720
0.735800 1.511349
0.736000 1.510975
0.736200 1.510598
0.736400 1.510218
0.736600 1.509835
0.736800 1.509450
0.737000 1.509061
0.737200 1.508670
0.737400 1.508276
0.737600 1.507879
0.737800 1.507479
0.738000 1.507076
0.738200 1.506671
0.738400 1.506263
0.738600 1.505853
0.738800 1.505440
0.739000 1.505024
0.739200 1.504606
0.739400 1.504185
0.739600 1.503761
0.739800 1.503336
0.740000 1.502907
0.740200 1.502477
0.740400 1.502044
0.740600 1.501609
0.740800 1.501171
0.741000 1.500731
0.741200 1.500289
0.741400 1.499845
0.741600 1.499398
0.741800 1.498950
0.742000 1.498499
0.742200 1.498047
0.742400 1.497592
0.742600 1.497136
0.742800 1.496677
0.743000 1.496217
0.743200 1.495755
0.743400 1.495291
0.743600 1.494825
0.743800 1.494358
0.744000 1.493889
0.744200 1.493419
0.744400 1.492947
0.744600 1.492474
0.744800 1.491999
0.745000 1.491523
0.745200 1.491045
0.745400 1.490567
0.745600 1.490087
0.745800 1.489606
0.746000 1.489124
0.746200 1.488641
0.746400 1.488157
0.746600 1.487672
0.746800 1.487186
0.747000 1.486699
0.747200 1.486212
0.747400 1.485724
0.747600 1.485235
0.747800 1.484746
0.748000 1.484257
0.748200 1.483767
0.748400 1.483277
0.748600 1.482787
0.748800 1.482296
0.749000 1.481806
0.749200 1.481315
0.749400 1.480825
0.749600 1.480335
0.749800 1.479845
0.750000 1.479355
0.750200 1.478866
0.750400 1.478377
0.750600 1.477889
0.750800 1.477402
0.751000 1.476915
0.751200 1.476429
0.751400 1.475944
0.751600 1.475461
0.751800 1.474978
0.752000 1.474497
0.752200 1.474016
0.752400 1.473538
0.752600 1.473061
0.752800 1.472585
0.753000 1.472112
0.753200 1.471640
0.753400 1.471170
0.753600 1.470702
0.753800 1.470237
0.754000 1.469773
0.754200 1.469313
0.754400 1.468854
0.754600 1.468399
0.754800 1.467946
0.755000 1.467496
0.755200 1.467049
0.755400 1.466605
0.755600 1.466165
0.755800 1.465728
0.756000 1.465294
0.756200 1.464864
0.756400 1.464438
0.756600 1.464016
0.756800 1.463598
0.757000 1.463185
0.757200 1.462775
0.757400 1.462370
0.757600 1.461970
0.757800 1.461575
0.758000 1.461185
0.758200 1.460800
0.758400 1.460420
0.758600 1.460045
0.758800 1.459676
0.759000 1.459313
0.759200 1.458956
0.759400 1.458605
0.759600 1.458261
0.759800 1.457922
0.760000 1.457591
0.760200 1.457266
0.760400 1.456948
0.760600 1.456637
0.760800 1.456334
0.761000 1.456038
0.761200 1.455750
0.761400 1.455470
0.761600 1.455198
0.761800 1.454934
0.762000 1.454679
0.762200 1.454432
0.762400 1.454194
0.762600 1.453966
0.762800 1.453746
0.763000 1.453537
0.763200 1.453336
0.763400 1.453146
0.763600 1.452966
0.763800 1.452797
0.764000 1.452638
0.764200 1.452489
0.764400 1.452352
0.764600 1.452226
0.764800 1.452112
0.765000 1.452009
0.765200 1.451918
0.765400 1.451840
0.765600 1.451774
0.765800 1.451720
0.766000 1.451680
0.766200 1.451652
0.766400 1.451638
0.766600 1.451638
0.766800 1.451652
0.767000 1.451680
0.767200 1.451722
0.767400 1.451779
0.767600 1.451851
0.767800 1.451938
0.768000 1.452041
0.768200 1.452160
0.768400 1.452294
0.768600 1.452445
0.768800 1.452613
0.769000 1.452797
0.769200 1.452999
0.769400 1.453218
0.769600 1.453455
0.769800 1.453710
0.770000 1.453983
0.770200 1.454274
0.770400 1.454585
0.770600 1.454915
0.770800 1.455264
0.771000 1.455634
0.771200 1.456023
0.771400 1.456433
0.771600 1.456863
0.771800 1.457315
0.772000 1.457788
0.772200 1.458282
0.772400 1.458799
0.772600 1.459338
0.772800 1.459899
0.773000 1.460484
0.773200 1.461091
0.773400 1.461723
0.773600 1.462378
0.773800 1.463057
0.774000 1.463762
0.774200 1.464491
0.774400 1.465245
0.774600 1.466025
0.774800 1.466830
0.775000 1.467662
0.775200 1.468521
0.775400 1.469407
0.775600 1.470319
0.775800 1.471260
0.776000 1.472228
0.776200 1.473225
0.776400 1.474251
0.776600 1.475305
0.776800 1.476389
0.777000 1.477502
0.777200 1.478646
0.777400 1.479820
0.777600 1.481024
0.777800 1.482260
0.778000 1.483528
0.778200 1.484827
0.778400 1.486158
0.778600 1.487522
0.778800 1.488919
0.779000 1.490348
0.779200 1.491812
0.779400 1.493309
0.779600 1.494841
0.779800 1.496408
0.780000 1.498009
0.780200 1.499646
0.780400 1.501318
0.780600 1.503027
0.780800 1.504772
0.781000 1.506554
0.781200 1.508373
0.781400 1.510229
0.781600 1.512123
0.781800 1.514055
0.782000 1.516026
0.782200 1.518036
0.782400 1.520085
0.782600 1.522174
0.782800 1.524302
0.783000 1.526471
0.783200 1.528680
0.783400 1.530930
0.783600 1.533222
0.783800 1.535555
0.784000 1.537930
0.784200 1.540347
0.784400 1.542807
0.784600 1.545309
0.784800 1.547855
0.785000 1.550445
0.785200 1.553078
0.785400 1.555756
0.785600 1.558478
0.785800 1.561245
0.786000 1.564057
0.786200 1.566914
0.786400 1.569817
0.786600 1.572766
0.786800 1.575762
0.787000 1.578804
0.787200 1.581892
0.787400 1.585028
0.787600 1.588212
0.787800 1.591443
0.788000 1.594722
0.788200 1.598049
0.788400 1.601425
0.788600 1.604850
0.788800 1.608323
0.789000 1.611846
0.789200 1.615418
0.789400 1.619040
0.789600 1.622712
0.789800 1.626435
0.790000 1.630207
0.790200 1.634030
0.790400 1.637904
0.790600 1.641829
0.790800 1.645805
0.791000 1.649832
0.791200 1.653912
0.791400 1.658042
0.791600 1.662225
0.791800 1.666460
0.792000 1.670747
0.792200 1.675086
0.792400 1.679478
0.792600 1.683922
0.792800 1.688420
0.793000 1.692970
0.793200 1.697573
0.793400 1.702229
0.793600 1.706939
0.793800 1.711702
0.794000 1.716518
0.794200 1.721387
0.794400 1.726310
0.794600 1.731287
0.794800 1.736317
0.795000 1.741401
0.795200 1.746539
0.795400 1.751730
0.795600 1.756975
0.795800 1.762273
0.796000 1.767626
0.796200 1.773032
0.796400 1.778491
0.796600 1.784004
0.796800 1.789571
0.797000 1.795191
0.797200 1.800865
0.797400 1.806592
0.797600 1.812372
0.797800 1.818205
0.798000 1.824091
0.798200 1.830031
0.798400 1.836023
0.798600 1.842068
0.798800 1.848165
0.799000 1.854314
0.799200 1.860516
0.799400 1.866770
0.799600 1.873075
0.799800 1.879432
0.800000 1.885841
0.800200 1.892300
0.800400 1.898811
0.800600 1.905372
0.800800 1.911983
0.801000 1.918644
0.801200 1.925356
0.801400 1.932116
0.801600 1.938926
0.801800 1.945785
0.802000 1.952692
0.802200 1.959648
0.802400 1.966651
0.802600 1.973702
0.802800 1.980799
0.803000 1.987943
0.803200 1.995134
0.803400 2.002370
0.803600 2.009652
0.803800 2.016979
0.804000 2.024350
0.804200 2.031765
0.804400 2.039223
0.804600 2.046724
0.804800 2.054268
0.805000 2.061854
0.805200 2.069482
0.805400 2.077150
0.805600 2.084858
0.805800 2.092606
0.806000 2.100394
0.806200 2.108219
0.806400 2.116083
0.806600 2.123984
0.806800 2.131922
0.807000 2.139896
0.807200 2.147905
0.807400 2.155948
0.807600 2.164026
0.807800 2.172137
0.808000 2.180280
0.808200 2.188455
0.808400 2.196662
0.808600 2.204898
0.808800 2.213165
0.809000 2.221460
0.809200 2.229783
0.809400 2.238133
0.809600 2.246510
0.809800 2.254912
0.810000 2.263339
0.810200 2.271790
0.810400 2.280264
0.810600 2.288760
0.810800 2.297277
0.811000 2.305815
0.811200 2.314372
0.811400 2.322948
0.811600 2.331542
0.811800 2.340153
0.812000 2.348779
0.812200 2.357420
0.812400 2.366075
0.812600 2.374743
0.812800 2.383423
0.813000 2.392114
0.813200 2.400815
0.813400 2.409526
0.813600 2.418244
0.813800 2.426969
0.814000 2.435700
0.814200 2.444436
0.814400 2.453176
0.814600 2.461919
0.814800 2.470664
0.815000 2.479409
0.815200 2.488155
0.815400 2.496899
0.815600 2.505640
0.815800 2.514379
0.816000 2.523112
0.816200 2.531841
0.816400 2.540562
0.816600 2.549277
0.816800 2.557982
0.817000 2.566678
0.817200 2.575362
0.817400 2.584035
0.817600 2.592696
0.817800 2.601342
0.818000 2.609973
0.818200 2.618588
0.818400 2.627186
0.818600 2.635767
0.818800 2.644328
0.819000 2.652869
0.819200 2.661390
0.819400 2.669888
0.819600 2.678364
0.819800 2.686816
0.820000 2.695243
0.820200 2.703645
0.820400 2.712021
0.820600 2.720369
0.820800 2.728690
0.821000 2.736982
0.821200 2.745245
0.821400 2.753477
0.821600 2.761679
0.821800 2.769849
0.822000 2.777988
0.822200 2.786094
0.822400 2.794168
0.822600 2.802208
0.822800 2.810214
0.823000 2.818187
0.823200 2.826125
0.823400 2.834030
0.823600 2.841899
0.823800 2.849735
0.824000 2.857535
0.824200 2.865302
0.824400 2.873035
0.824600 2.880734
0.824800 2.888399
0.825000 2.896032
0.825200 2.903633
0.825400 2.911202
0.825600 2.918741
0.825800 2.926250
0.826000 2.933731
0.826200 2.941184
0.826400 2.948612
0.826600 2.956015
0.826800 2.963395
0.827000 2.970755
0.827200 2.978096
0.827400 2.985421
0.827600 2.992731
0.827800 3.000029
0.828000 3.007319
0.828200 3.014603
0.828400 3.021884
0.828600 3.029166
0.828800 3.036451
0.829000 3.043746
0.829200 3.051052
0.829400 3.058375
0.829600 3.065720
0.829800 3.073090
0.830000 3.080492
0.830200 3.087931
0.830400 3.095413
0.830600 3.102943
0.830800 3.110529
0.831000 3.118176
0.831200 3.125893
0.831400 3.133686
0.831600 3.141563
0.831800 3.149533
0.832000 3.157603
0.832200 3.165783
0.832400 3.174082
0.832600 3.182510
0.832800 3.191077
0.833000 3.199793
0.833200 3.208669
0.833400 3.217717
0.833600 3.226947
0.833800 3.236374
0.834000 3.246008
0.834200 3.255864
0.834400 3.265954
0.834600 3.276293
0.834800 3.286896
0.835000 3.297776
0.835200 3.308951
0.835400 3.320434
0.835600 3.332243
0.835800 3.344395
0.836000 3.356907
0.836200 3.369796
0.836400 3.383081
0.836600 3.396780
0.836800 3.410913
0.837000 3.425499
0.837200 3.440557
0.837400 3.456109
0.837600 3.472176
0.837800 3.488777
0.838000 3.505936
0.838200 3.523673
0.838400 3.542012
0.838600 3.560975
0.838800 3.580585
0.839000 3.600865
0.839200 3.621840
0.839400 3.643532
0.839600 3.665966
0.839800 3.689167
0.840000 3.713158
0.840200 3.737965
0.840400 3.763612
0.840600 3.790125
0.840800 3.817527
0.841000 3.845845
0.841200 3.875102
0.841400 3.905325
0.841600 3.936537
0.841800 3.968763
0.842000 4.002027
0.842200 4.036355
0.842400 4.071769
0.842600 4.108293
0.842800 4.145951
0.843000 4.184765
0.843200 4.224757
0.843400 4.265949
0.843600 4.308363
0.843800 4.352018
0.844000 4.396934
0.844200 4.443131
0.844400 4.490626
0.844600 4.539436
0.844800 4.589578
0.845000 4.641068
0.845200 4.693918
0.845400 4.748143
0.845600 4.803753
0.845800 4.860760
0.846000 4.919173
0.846200 4.978999
0.846400 5.040244
0.846600 5.102914
0.846800 5.167012
0.847000 5.232539
0.847200 5.299495
0.847400 5.367878
0.847600 5.437685
0.847800 5.508910
0.848000 5.581545
0.848200 5.655581
0.848400 5.731007
0.848600 5.807809
0.848800 5.885972
0.849000 5.965477
0.849200 6.046304
0.849400 6.128432
0.849600 6.211836
0.849800 6.296490
0.850000 6.382363
0.850200 6.469425
0.850400 6.557643
0.850600 6.646979
0.850800 6.737396
0.851000 6.828853
0.851200 6.921306
0.851400 7.014711
0.851600 7.109018
0.851800 7.204179
0.852000 7.300139
0.852200 7.396845
0.852400 7.494238
0.852600 7.592261
0.852800 7.690850
0.853000 7.789942
0.853200 7.889471
0.853400 7.989369
0.853600 8.089567
0.853800 8.189991
0.854000 8.290568
0.854200 8.391223
0.854400 8.491878
0.854600 8.592454
0.854800 8.692870
0.855000 8.793044
0.855200 8.892892
0.855400 8.992331
0.855600 9.091273
0.855800 9.189633
0.856000 9.287322
0.856200 9.384251
0.856400 9.480331
0.856600 9.575472
0.856800 9.669583
0.857000 9.762573
0.857200 9.854352
0.857400 9.944829
0.857600 10.033912
0.857800 10.121511
0.858000 10.207535
0.858200 10.291894
0.858400 10.374499
0.858600 10.455262
0.858800 10.534095
0.859000 10.610912
0.859200 10.685626
0.859400 10.758155
0.859600 10.828416
0.859800 10.896328
0.860000 10.961812
0.860200 11.024791
0.860400 11.085190
0.860600 11.142936
0.860800 11.197958
0.861000 11.250189
0.861200 11.299563
0.861400 11.346016
0.861600 11.389490
0.861800 11.429926
0.862000 11.467270
0.862200 11.501472
0.862400 11.532483
0.862600 11.560258
0.862800 11.584757
0.863000 11.605942
0.863200 11.623778
0.863400 11.638234
0.863600 11.649285
0.863800 11.656905
0.864000 11.661076
0.864200 11.661781
0.864400 11.659009
0.864600 11.652751
0.864800 11.643004
0.865000 11.629765
0.865200 11.613040
0.865400 11.592834
0.865600 11.569160
0.865800 11.542031
0.866000 11.511467
0.866200 11.477490
0.866400 11.440127
0.866600 11.399406
0.866800 11.355362
0.867000 11.308032
0.867200 11.257456
0.867400 11.203679
0.867600 11.146747
0.867800 11.086711
0.868000 11.023626
0.868200 10.957548
0.868400 10.888536
0.868600 10.816655
0.868800 10.741969
0.869000 10.664546
0.869200 10.584457
0.869400 10.501776
0.869600 10.416578
0.869800 10.328940
0.870000 10.238942
0.870200 10.146666
0.870400 10.052194
0.870600 9.955613
0.870800 9.857007
0.871000 9.756465
0.871200 9.654075
0.871400 9.549928
0.871600 9.444114
0.871800 9.336725
0.872000 9.227853
0.872200 9.117591
0.872400 9.006031
0.872600 8.893268
0.872800 8.779393
0.873000 8.664501
0.873200 8.548683
0.873400 8.432034
0.873600 8.314644
0.873800 8.196605
0.874000 8.078008
0.874200 7.958943
0.874400 7.839498
0.874600 7.719762
0.874800 7.599821
0.875000 7.479760
0.875200 7.359664
0.875400 7.239614
0.875600 7.119691
0.875800 6.999975
0.876000 6.880543
0.876200 6.761470
0.876400 6.642831
0.876600 6.524695
0.876800 6.407135
0.877000 6.290215
0.877200 6.174003
0.877400 6.058561
0.877600 5.943950
0.877800 5.830229
0.878000 5.717454
0.878200 5.605678
0.878400 5.494954
0.878600 5.385331
0.878800 5.276855
0.879000 5.169571
0.879200 5.063521
0.879400 4.958744
0.879600 4.855278
0.879800 4.753158
0.880000 4.652416
0.880200 4.553082
0.880400 4.455184
0.880600 4.358747
0.880800 4.263794
0.881000 4.170348
0.881200 4.078425
0.881400 3.988043
0.881600 3.899216
0.881800 3.811956
0.882000 3.726274
0.882200 3.642178
0.882400 3.559674
0.882600 3.478766
0.882800 3.399458
0.883000 3.321750
0.883200 3.245641
0.883400 3.171129
0.883600 3.098209
0.883800 3.026875
0.884000 2.957121
0.884200 2.888938
0.884400 2.822316
0.884600 2.757242
0.884800 2.693706
0.885000 2.631693
0.885200 2.571188
0.885400 2.512176
0.885600 2.454639
0.885800 2.398560
0.886000 2.343920
0.886200 2.290700
0.886400 2.238880
0.886600 2.188438
0.886800 2.139353
0.887000 2.091603
0.887200 2.045166
0.887400 2.000018
0.887600 1.956136
0.887800 1.913496
0.888000 1.872074
0.888200 1.831845
0.888400 1.792785
0.888600 1.754869
0.888800 1.718072
0.889000 1.682370
0.889200 1.647736
0.889400 1.614146
0.889600 1.581575
0.889800 1.549997
0.890000 1.519389
0.890200 1.489725
0.890400 1.460980
0.890600 1.433131
0.890800 1.406152
0.891000 1.380020
0.891200 1.354712
0.891400 1.330203
0.891600 1.306470
0.891800 1.283492
0.892000 1.261244
0.892200 1.239706
0.892400 1.218855
0.892600 1.198671
0.892800 1.179131
0.893000 1.160215
0.893200 1.141904
0.893400 1.124177
0.893600 1.107015
0.893800 1.090399
0.894000 1.074312
0.894200 1.058733
0.894400 1.043647
0.894600 1.029036
0.894800 1.014883
0.895000 1.001172
0.895200 0.987888
0.895400 0.975014
0.895600 0.962536
0.895800 0.950439
0.896000 0.938710
0.896200 0.927335
0.896400 0.916299
0.896600 0.905592
0.896800 0.895200
0.897000 0.885111
0.897200 0.875314
0.897400 0.865797
0.897600 0.856550
0.897800 0.847563
0.898000 0.838824
0.898200 0.830325
0.898400 0.822057
0.898600 0.814009
0.898800 0.806174
0.899000 0.798544
0.899200 0.791109
0.899400 0.783863
0.899600 0.776798
0.899800 0.769907
0.900000 0.763183
0.900200 0.756620
0.900400 0.750211
0.900600 0.743951
0.900800 0.737833
0.901000 0.731852
0.901200 0.726003
0.901400 0.720281
0.901600 0.714680
0.901800 0.709197
0.902000 0.703826
0.902200 0.698565
0.902400 0.693407
0.902600 0.688351
0.902800 0.683391
0.903000 0.678525
0.903200 0.673748
0.903400 0.669059
0.903600 0.664454
0.903800 0.659929
0.904000 0.655483
0.904200 0.651112
0.904400 0.646814
0.904600 0.642586
0.904800 0.638427
0.905000 0.634334
0.905200 0.630304
0.905400 0.626337
0.905600 0.622429
0.905800 0.618580
0.906000 0.614787
0.906200 0.611049
0.906400 0.607364
0.906600 0.603731
0.906800 0.600149
0.907000 0.596615
0.907200 0.593129
0.907400 0.589689
0.907600 0.586294
0.907800 0.582944
0.908000 0.579636
0.908200 0.576371
0.908400 0.573146
0.908600 0.569961
0.908800 0.566815
0.909000 0.563708
0.909200 0.560638
0.909400 0.557604
0.909600 0.554607
0.909800 0.551644
0.910000 0.548716
0.910200 0.545821
0.910400 0.542959
0.910600 0.540130
0.910800 0.537332
0.911000 0.534565
0.911200 0.531830
0.911400 0.529124
0.911600 0.526447
0.911800 0.523800
0.912000 0.521181
0.912200 0.518590
0.912400 0.516026
0.912600 0.513490
0.912800 0.510980
0.913000 0.508497
0.913200 0.506039
0.913400 0.503607
0.913600 0.501199
0.913800 0.498817
0.914000 0.496458
0.914200 0.494123
0.914400 0.491812
0.914600 0.489524
0.914800 0.487259
0.915000 0.485016
0.915200 0.482795
0.915400 0.480596
0.915600 0.478418
0.915800 0.476262
0.916000 0.474127
0.916200 0.472012
0.916400 0.469917
0.916600 0.467842
0.916800 0.465787
0.917000 0.463752
0.917200 0.461735
0.917400 0.459738
0.917600 0.457759
0.917800 0.455798
0.918000 0.453855
0.918200 0.451931
0.918400 0.450023
0.918600 0.448133
0.918800 0.446260
0.919000 0.444404
0.919200 0.442565
0.919400 0.440742
0.919600 0.438935
0.919800 0.437144
0.920000 0.435368
0.920200 0.433608
0.920400 0.431864
0.920600 0.430134
0.920800 0.428419
0.921000 0.426718
0.921200 0.425032
0.921400 0.423360
0.921600 0.421703
0.921800 0.420058
0.922000 0.418428
0.922200 0.416811
0.922400 0.415207
0.922600 0.413616
0.922800 0.412037
0.923000 0.410472
0.923200 0.408919
0.923400 0.407378
0.923600 0.405849
0.923800 0.404332
0.924000 0.402827
0.924200 0.401333
0.924400 0.399851
0.924600 0.398380
0.924800 0.396920
0.925000 0.395471
0.925200 0.394032
0.925400 0.392604
0.925600 0.391187
0.925800 0.389780
0.926000 0.388383
0.926200 0.386996
0.926400 0.385619
0.926600 0.384251
0.926800 0.382893
0.927000 0.381545
0.927200 0.380206
0.927400 0.378875
0.927600 0.377554
0.927800 0.376242
0.928000 0.374938
0.928200 0.373643
0.928400 0.372357
0.928600 0.371078
0.928800 0.369808
0.929000 0.368547
0.929200 0.367293
0.929400 0.366047
0.929600 0.364808
0.929800 0.363578
0.930000 0.362355
0.930200 0.361139
0.930400 0.359930
0.930600 0.358729
0.930800 0.357535
0.931000 0.356348
0.931200 0.355168
0.931400 0.353994
0.931600 0.352827
0.931800 0.351667
0.932000 0.350513
0.932200 0.349366
0.932400 0.348225
0.932600 0.347090
0.932800 0.345961
0.933000 0.344839
0.933200 0.343722
0.933400 0.342611
0.933600 0.341506
0.933800 0.340407
0.934000 0.339313
0.934200 0.338225
0.934400 0.337142
0.934600 0.336065
0.934800 0.334993
0.935000 0.333926
0.935200 0.332864
0.935400 0.331807
0.935600 0.330756
0.935800 0.329709
0.936000 0.328668
0.936200 0.327631
0.936400 0.326598
0.936600 0.325571
0.936800 0.324548
0.937000 0.323530
0.937200 0.322516
0.937400 0.321507
0.937600 0.320502
0.937800 0.319501
0.938000 0.318505
0.938200 0.317512
0.938400 0.316524
0.938600 0.315540
0.938800 0.314561
0.939000 0.313585
0.939200 0.312613
0.939400 0.311645
0.939600 0.310681
0.939800 0.309720
0.940000 0.308764
0.940200 0.307811
0.940400 0.306861
0.940600 0.305916
0.940800 0.304974
0.941000 0.304035
0.941200 0.303100
0.941400 0.302169
0.941600 0.301240
0.941800 0.300316
0.942000 0.299394
0.942200 0.298476
0.942400 0.297561
0.942600 0.296649
0.942800 0.295741
0.943000 0.294836
0.943200 0.293933
0.943400 0.293034
0.943600 0.292138
0.943800 0.291245
0.944000 0.290355
0.944200 0.289468
0.944400 0.288584
0.944600 0.287703
0.944800 0.286824
0.945000 0.285949
0.945200 0.285076
0.945400 0.284206
0.945600 0.283339
0.945800 0.282474
0.946000 0.281612
0.946200 0.280753
0.946400 0.279897
0.946600 0.279043
0.946800 0.278192
0.947000 0.277343
0.947200 0.276497
0.947400 0.275654
0.947600 0.274813
0.947800 0.273974
0.948000 0.273138
0.948200 0.272305
0.948400 0.271474
0.948600 0.270645
0.948800 0.269819
0.949000 0.268995
0.949200 0.268173
0.949400 0.267354
0.949600 0.266537
0.949800 0.265723
0.950000 0.264911
0.950200 0.264101
0.950400 0.263293
0.950600 0.262487
0.950800 0.261684
0.951000 0.260883
0.951200 0.260084
0.951400 0.259288
0.951600 0.258493
0.951800 0.257701
0.952000 0.256911
0.952200 0.256123
0.952400 0.255337
0.952600 0.254553
0.952800 0.253771
0.953000 0.252992
0.953200 0.252214
0.953400 0.251439
0.953600 0.250665
0.953800 0.249894
0.954000 0.249124
0.954200 0.248357
0.954400 0.247592
0.954600 0.246828
0.954800 0.246067
0.955000 0.245307
0.955200 0.244550
0.955400 0.243794
0.955600 0.243041
0.955800 0.242289
0.956000 0.241539
0.956200 0.240792
0.956400 0.240046
0.956600 0.239302
0.956800 0.238560
0.957000 0.237819
0.957200 0.237081
0.957400 0.236345
0.957600 0.235610
0.957800 0.234877
0.958000 0.234146
0.958200 0.233417
0.958400 0.232690
0.958600 0.231965
0.958800 0.231241
0.959000 0.230519
0.959200 0.229799
0.959400 0.229081
0.959600 0.228365
0.959800 0.227650
0.960000 0.226937
0.960200 0.226226
0.960400 0.225517
0.960600 0.224810
0.960800 0.224104
0.961000 0.223400
0.961200 0.222698
0.961400 0.221997
0.961600 0.221298
0.961800 0.220601
0.962000 0.219906
0.962200 0.219212
0.962400 0.218521
0.962600 0.217830
0.962800 0.217142
0.963000 0.216455
0.963200 0.215770
0.963400 0.215087
0.963600 0.214405
0.963800 0.213725
0.964000 0.213047
0.964200 0.212370
0.964400 0.211696
0.964600 0.211022
0.964800 0.210351
0.965000 0.209681
0.965200 0.209012
0.965400 0.208346
0.965600 0.207681
0.965800 0.207018
0.966000 0.206356
0.966200 0.205696
0.966400 0.205038
0.966600 0.204381
0.966800 0.203726
0.967000 0.203072
0.967200 0.202420
0.967400 0.201770
0.967600 0.201121
0.967800 0.200474
0.968000 0.199829
0.968200 0.199185
0.968400 0.198543
0.968600 0.197902
0.968800 0.197263
0.969000 0.196626
0.969200 0.195990
0.969400 0.195356
0.969600 0.194723
0.969800 0.194092
0.970000 0.193463
0.970200 0.192835
0.970400 0.192208
0.970600 0.191584
0.970800 0.190960
0.971000 0.190339
0.971200 0.189719
0.971400 0.189100
0.971600 0.188483
0.971800 0.187868
0.972000 0.187254
0.972200 0.186642
0.972400 0.186031
0.972600 0.185422
0.972800 0.184814
0.973000 0.184208
0.973200 0.183604
0.973400 0.183000
0.973600 0.182399
0.973800 0.181799
0.974000 0.181200
0.974200 0.180604
0.974400 0.180008
0.974600 0.179414
0.974800 0.178822
0.975000 0.178231
0.975200 0.177642
0.975400 0.177054
0.975600 0.176467
0.975800 0.175883
0.976000 0.175299
0.976200 0.174717
0.976400 0.174137
0.976600 0.173558
0.976800 0.172981
0.977000 0.172405
0.977200 0.171831
0.977400 0.171258
0.977600 0.170686
0.977800 0.170117
0.978000 0.169548
0.978200 0.168981
0.978400 0.168416
0.978600 0.167852
0.978800 0.167289
0.979000 0.166728
0.979200 0.166168
0.979400 0.165610
0.979600 0.165054
0.979800 0.164498
0.980000 0.163945
0.980200 0.163392
0.980400 0.162841
0.980600 0.162292
0.980800 0.161744
0.981000 0.161197
0.981200 0.160652
0.981400 0.160109
0.981600 0.159566
0.981800 0.159026
0.982000 0.158486
0.982200 0.157948
0.982400 0.157412
0.982600 0.156877
0.982800 0.156343
0.983000 0.155811
0.983200 0.155280
0.983400 0.154751
0.983600 0.154223
0.983800 0.153696
0.984000 0.153171
0.984200 0.152647
0.984400 0.152125
0.984600 0.151604
0.984800 0.151085
0.985000 0.150567
0.985200 0.150050
0.985400 0.149534
0.985600 0.149021
0.985800 0.148508
0.986000 0.147997
0.986200 0.147487
0.986400 0.146979
0.986600 0.146472
0.986800 0.145966
0.987000 0.145462
0.987200 0.144959
0.987400 0.144457
0.987600 0.143957
0.987800 0.143458
0.988000 0.142961
0.988200 0.142465
0.988400 0.141970
0.988600 0.141477
0.988800 0.140985
0.989000 0.140494
0.989200 0.140005
0.989400 0.139517
0.989600 0.139031
0.989800 0.138545
0.990000 0.138062
0.990200 0.137579
0.990400 0.137098
0.990600 0.136618
0.990800 0.136139
0.991000 0.135662
0.991200 0.135186
0.991400 0.134712
0.991600 0.134239
0.991800 0.133767
0.992000 0.133296
0.992200 0.132827
0.992400 0.132359
0.992600 0.131892
0.992800 0.131427
0.993000 0.130963
0.993200 0.130500
0.993400 0.130039
0.993600 0.129579
0.993800 0.129120
0.994000 0.128663
0.994200 0.128206
0.994400 0.127751
0.994600 0.127298
0.994800 0.126846
0.995000 0.126394
0.995200 0.125945
0.995400 0.125496
0.995600 0.125049
0.995800 0.124603
0.996000 0.124158
0.996200 0.123715
0.996400 0.123273
0.996600 0.122832
0.996800 0.122393
0.997000 0.121954
0.997200 0.121517
0.997400 0.121081
0.997600 0.120647
0.997800 0.120214
0.998000 0.119782
0.998200 0.119351
0.998400 0.118921
0.998600 0.118493
0.998800 0.118066
0.999000 0.117640
0.999200 0.117216
0.999400 0.116792
0.999600 0.116370
0.999800 0.115949
