0.000000 2.104500
0.000200 2.109254
0.000400 2.114051
0.000600 2.118892
0.000800 2.123777
0.001000 2.128706
0.001200 2.133678
0.001400 2.138693
0.001600 2.143753
0.001800 2.148857
0.002000 2.154004
0.002200 2.159195
0.002400 2.164431
0.002600 2.169710
0.002800 2.175033
0.003000 2.180400
0.003200 2.185812
0.003400 2.191267
0.003600 2.196766
0.003800 2.202309
0.004000 2.207897
0.004200 2.213528
0.004400 2.219203
0.004600 2.224922
0.004800 2.230685
0.005000 2.236492
0.005200 2.242343
0.005400 2.248238
0.005600 2.254176
0.005800 2.260158
0.006000 2.266184
0.006200 2.272254
0.006400 2.278367
0.006600 2.284523
0.006800 2.290723
0.007000 2.296966
0.007200 2.303252
0.007400 2.309582
0.007600 2.315955
0.007800 2.322370
0.008000 2.328829
0.008200 2.335330
0.008400 2.341874
0.008600 2.348460
0.008800 2.355089
0.009000 2.361760
0.009200 2.368473
0.009400 2.375228
0.009600 2.382026
0.009800 2.388864
0.010000 2.395745
0.010200 2.402666
0.010400 2.409629
0.010600 2.416633
0.010800 2.423678
0.011000 2.430764
0.011200 2.437890
0.011400 2.445056
0.011600 2.452263
0.011800 2.459509
0.012000 2.466795
0.012200 2.474121
0.012400 2.481486
0.012600 2.488890
0.012800 2.496333
0.013000 2.503814
0.013200 2.511334
0.013400 2.518892
0.013600 2.526487
0.013800 2.534121
0.014000 2.541791
0.014200 2.549499
0.014400 2.557243
0.014600 2.565024
0.014800 2.572841
0.015000 2.580694
0.015200 2.588582
0.015400 2.596506
0.015600 2.604465
0.015800 2.612459
0.016000 2.620486
0.016200 2.628548
0.016400 2.636644
0.016600 2.644773
0.016800 2.652935
0.017000 2.661129
0.017200 2.669356
0.017400 2.677615
0.017600 2.685905
0.017800 2.694227
0.018000 2.702579
0.018200 2.710962
0.018400 2.719375
0.018600 2.727817
0.018800 2.736289
0.019000 2.744790
0.019200 2.753319
0.019400 2.761876
0.019600 2.770461
0.019800 2.779072
0.020000 2.787711
0.020200 2.796376
0.020400 2.805066
0.020600 2.813782
0.020800 2.822523
0.021000 2.831288
0.021200 2.840078
0.021400 2.848891
0.021600 2.857726
0.021800 2.866585
0.022000 2.875465
0.022200 2.884367
0.022400 2.893291
0.022600 2.902234
0.022800 2.911198
0.023000 2.920181
0.023200 2.929183
0.023400 2.938204
0.023600 2.947243
0.023800 2.956299
0.024000 2.965372
0.024200 2.974461
0.024400 2.983566
0.024600 2.992686
0.024800 3.001821
0.025000 3.010970
0.025200 3.020132
0.025400 3.029308
0.025600 3.038496
0.025800 3.047695
0.026000 3.056906
0.026200 3.066127
0.026400 3.075358
0.026600 3.084598
0.026800 3.093848
0.027000 3.103105
0.027200 3.112370
0.027400 3.121642
0.027600 3.130920
0.027800 3.140203
0.028000 3.149492
0.028200 3.158785
0.028400 3.168082
0.028600 3.177382
0.028800 3.186684
0.029000 3.195988
0.029200 3.205293
0.029400 3.214599
0.029600 3.223904
0.029800 3.233208
0.030000 3.242511
0.030200 3.251811
0.030400 3.261109
0.030600 3.270403
0.030800 3.279692
0.031000 3.288977
0.031200 3.298256
0.031400 3.307528
0.031600 3.316794
0.031800 3.326051
0.032000 3.335300
0.032200 3.344540
0.032400 3.353770
0.032600 3.362989
0.032800 3.372196
0.033000 3.381392
0.033200 3.390575
0.033400 3.399744
0.033600 3.408899
0.033800 3.418039
0.034000 3.427163
0.034200 3.436271
0.034400 3.445361
0.034600 3.454433
0.034800 3.463487
0.035000 3.472521
0.035200 3.481535
0.035400 3.490528
0.035600 3.499500
0.035800 3.508449
0.036000 3.517374
0.036200 3.526276
0.036400 3.535153
0.036600 3.544004
0.036800 3.552830
0.037000 3.561628
0.037200 3.570399
0.037400 3.579141
0.037600 3.587854
0.037800 3.596536
0.038000 3.605188
0.038200 3.613809
0.038400 3.622397
0.038600 3.630952
0.038800 3.639473
0.039000 3.647960
0.039200 3.656411
0.039400 3.664826
0.039600 3.673204
0.039800 3.681544
0.040000 3.689847
0.040200 3.698110
0.040400 3.706332
0.040600 3.714515
0.040800 3.722656
0.041000 3.730754
0.041200 3.738810
0.041400 3.746822
0.041600 3.754789
0.041800 3.762711
0.042000 3.770587
0.042200 3.778417
0.042400 3.786198
0.042600 3.793932
0.042800 3.801617
0.043000 3.809252
0.043200 3.816836
0.043400 3.824369
0.043600 3.831850
0.043800 3.839279
0.044000 3.846654
0.044200 3.853974
0.044400 3.861240
0.044600 3.868451
0.044800 3.875604
0.045000 3.882701
0.045200 3.889740
0.045400 3.896721
0.045600 3.903642
0.045800 3.910503
0.046000 3.917304
0.046200 3.924043
0.046400 3.930721
0.046600 3.937335
0.046800 3.943886
0.047000 3.950373
0.047200 3.956795
0.047400 3.963152
0.047600 3.969442
0.047800 3.975666
0.048000 3.981822
0.048200 3.987910
0.048400 3.993929
0.048600 3.999878
0.048800 4.005757
0.049000 4.011566
0.049200 4.017303
0.049400 4.022968
0.049600 4.028560
0.049800 4.034079
0.050000 4.039524
0.050200 4.044894
0.050400 4.050189
0.050600 4.055408
0.050800 4.060551
0.051000 4.065617
0.051200 4.070605
0.051400 4.075515
0.051600 4.080346
0.051800 4.085098
0.052000 4.089770
0.052200 4.094362
0.052400 4.098872
0.052600 4.103301
0.052800 4.107648
0.053000 4.111912
0.053200 4.116093
0.053400 4.120190
0.053600 4.124203
0.053800 4.128132
0.054000 4.131975
0.054200 4.135732
0.054400 4.139403
0.054600 4.142987
0.054800 4.146484
0.055000 4.149894
0.055200 4.153215
0.055400 4.156448
0.055600 4.159592
0.055800 4.162646
0.056000 4.165610
0.056200 4.168484
0.056400 4.171267
0.056600 4.173959
0.056800 4.176560
0.057000 4.179068
0.057200 4.181485
0.057400 4.183808
0.057600 4.186039
0.057800 4.188175
0.058000 4.190218
0.058200 4.192167
0.058400 4.194022
0.058600 4.195781
0.058800 4.197446
0.059000 4.199015
0.059200 4.200488
0.059400 4.201865
0.059600 4.203145
0.059800 4.204329
0.060000 4.205416
0.060200 4.206406
0.060400 4.207299
0.060600 4.208093
0.060800 4.208790
0.061000 4.209389
0.061200 4.209889
0.061400 4.210290
0.061600 4.210593
0.061800 4.210797
0.062000 4.210901
0.062200 4.210906
0.062400 4.210812
0.062600 4.210618
0.062800 4.210324
0.063000 4.209930
0.063200 4.209436
0.063400 4.208841
0.063600 4.208147
0.063800 4.207351
0.064000 4.206456
0.064200 4.205459
0.064400 4.204362
0.064600 4.203164
0.064800 4.201865
0.065000 4.200465
0.065200 4.198964
0.065400 4.197362
0.065600 4.195659
0.065800 4.193855
0.066000 4.191950
0.066200 4.189944
0.066400 4.187837
0.066600 4.185629
0.066800 4.183320
0.067000 4.180910
0.067200 4.178399
0.067400 4.175787
0.067600 4.173074
0.067800 4.170261
0.068000 4.167347
0.068200 4.164333
0.068400 4.161218
0.068600 4.158003
0.068800 4.154687
0.069000 4.151272
0.069200 4.147756
0.069400 4.144141
0.069600 4.140426
0.069800 4.136612
0.070000 4.132699
0.070200 4.128686
0.070400 4.124575
0.070600 4.120365
0.070800 4.116056
0.071000 4.111649
0.071200 4.107144
0.071400 4.102541
0.071600 4.097841
0.071800 4.093043
0.072000 4.088149
0.072200 4.083157
0.072400 4.078069
0.072600 4.072885
0.072800 4.067605
0.073000 4.062229
0.073200 4.056759
0.073400 4.051193
0.073600 4.045532
0.073800 4.039777
0.074000 4.033929
0.074200 4.027986
0.074400 4.021951
0.074600 4.015822
0.074800 4.009601
0.075000 4.003288
0.075200 3.996884
0.075400 3.990388
0.075600 3.983801
0.075800 3.977123
0.076000 3.970356
0.076200 3.963499
0.076400 3.956553
0.076600 3.949518
0.076800 3.942395
0.077000 3.935184
0.077200 3.927886
0.077400 3.920501
0.077600 3.913029
0.077800 3.905472
0.078000 3.897829
0.078200 3.890102
0.078400 3.882290
0.078600 3.874394
0.078800 3.866415
0.079000 3.858353
0.079200 3.850209
0.079400 3.841983
0.079600 3.833676
0.079800 3.825289
0.080000 3.816821
0.080200 3.808274
0.080400 3.799648
0.080600 3.790944
0.080800 3.782162
0.081000 3.773303
0.081200 3.764368
0.081400 3.755356
0.081600 3.746270
0.081800 3.737109
0.082000 3.727873
0.082200 3.718564
0.082400 3.709183
0.082600 3.699729
0.082800 3.690204
0.083000 3.680608
0.083200 3.670942
0.083400 3.661206
0.083600 3.651401
0.083800 3.641529
0.084000 3.631588
0.084200 3.621581
0.084400 3.611508
0.084600 3.601369
0.084800 3.591165
0.085000 3.580897
0.085200 3.570566
0.085400 3.560172
0.085600 3.549716
0.085800 3.539199
0.086000 3.528621
0.086200 3.517984
0.086400 3.507287
0.086600 3.496532
0.086800 3.485719
0.087000 3.474849
0.087200 3.463923
0.087400 3.452941
0.087600 3.441905
0.087800 3.430815
0.088000 3.419671
0.088200 3.408475
0.088400 3.397227
0.088600 3.385928
0.088800 3.374579
0.089000 3.363180
0.089200 3.351733
0.089400 3.340237
0.089600 3.328695
0.089800 3.317105
0.090000 3.305471
0.090200 3.293791
0.090400 3.282067
0.090600 3.270300
0.090800 3.258490
0.091000 3.246638
0.091200 3.234745
0.091400 3.222812
0.091600 3.210839
0.091800 3.198828
0.092000 3.186778
0.092200 3.174692
0.092400 3.162568
0.092600 3.150410
0.092800 3.138216
0.093000 3.125989
0.093200 3.113728
0.093400 3.101434
0.093600 3.089109
0.093800 3.076753
0.094000 3.064367
0.094200 3.051951
0.094400 3.039507
0.094600 3.027035
0.094800 3.014536
0.095000 3.002010
0.095200 2.989459
0.095400 2.976884
0.095600 2.964284
0.095800 2.951661
0.096000 2.939016
0.096200 2.926349
0.096400 2.913661
0.096600 2.900954
0.096800 2.888227
0.097000 2.875481
0.097200 2.862717
0.097400 2.849937
0.097600 2.837140
0.097800 2.824328
0.098000 2.811501
0.098200 2.798660
0.098400 2.785806
0.098600 2.772939
0.098800 2.760061
0.099000 2.747171
0.099200 2.734271
0.099400 2.721362
0.099600 2.708444
0.099800 2.695518
0.100000 2.682585
0.100200 2.669645
0.100400 2.656700
0.100600 2.643749
0.100800 2.630794
0.101000 2.617835
0.101200 2.604874
0.101400 2.591910
0.101600 2.578944
0.101800 2.565978
0.102000 2.553012
0.102200 2.540046
0.102400 2.527082
0.102600 2.514119
0.102800 2.501159
0.103000 2.488203
0.103200 2.475251
0.103400 2.462303
0.103600 2.449361
0.103800 2.436425
0.104000 2.423495
0.104200 2.410573
0.104400 2.397659
0.104600 2.384754
0.104800 2.371858
0.105000 2.358973
0.105200 2.346097
0.105400 2.333234
0.105600 2.320382
0.105800 2.307542
0.106000 2.294716
0.106200 2.281904
0.106400 2.269106
0.106600 2.256323
0.106800 2.243555
0.107000 2.230804
0.107200 2.218070
0.107400 2.205353
0.107600 2.192654
0.107800 2.179974
0.108000 2.167313
0.108200 2.154671
0.108400 2.142050
0.108600 2.129450
0.108800 2.116871
0.109000 2.104314
0.109200 2.091780
0.109400 2.079269
0.109600 2.066781
0.109800 2.054318
0.110000 2.041879
0.110200 2.029465
0.110400 2.017077
0.110600 2.004715
0.110800 1.992380
0.111000 1.980072
0.111200 1.967792
0.111400 1.955540
0.111600 1.943316
0.111800 1.931122
0.112000 1.918957
0.112200 1.906823
0.112400 1.894718
0.112600 1.882645
0.112800 1.870604
0.113000 1.858594
0.113200 1.846616
0.113400 1.834672
0.113600 1.822760
0.113800 1.810882
0.114000 1.799038
0.114200 1.787228
0.114400 1.775454
0.114600 1.763714
0.114800 1.752010
0.115000 1.740342
0.115200 1.728711
0.115400 1.717116
0.115600 1.705558
0.115800 1.694038
0.116000 1.682556
0.116200 1.671112
0.116400 1.659706
0.116600 1.648339
0.116800 1.637012
0.117000 1.625724
0.117200 1.614476
0.117400 1.603268
0.117600 1.592100
0.117800 1.580974
0.118000 1.569888
0.118200 1.558844
0.118400 1.547842
0.118600 1.536881
0.118800 1.525963
0.119000 1.515088
0.119200 1.504255
0.119400 1.493465
0.119600 1.482718
0.119800 1.472016
0.120000 1.461356
0.120200 1.450741
0.120400 1.440171
0.120600 1.429644
0.120800 1.419163
0.121000 1.408726
0.121200 1.398335
0.121400 1.387989
0.121600 1.377688
0.121800 1.367433
0.122000 1.357224
0.122200 1.347062
0.122400 1.336945
0.122600 1.326875
0.122800 1.316852
0.123000 1.306876
0.123200 1.296946
0.123400 1.287064
0.123600 1.277229
0.123800 1.267441
0.124000 1.257701
0.124200 1.248008
0.124400 1.238364
0.124600 1.228767
0.124800 1.219218
0.125000 1.209718
0.125200 1.200265
0.125400 1.190862
0.125600 1.181506
0.125800 1.172199
0.126000 1.162941
0.126200 1.153731
0.126400 1.144571
0.126600 1.135459
0.126800 1.126396
0.127000 1.117382
0.127200 1.108417
0.127400 1.099501
0.127600 1.090635
0.127800 1.081817
0.128000 1.073049
0.128200 1.064330
0.128400 1.055661
0.128600 1.047041
0.128800 1.038470
0.129000 1.029948
0.129200 1.021476
0.129400 1.013053
0.129600 1.004680
0.129800 0.996356
0.130000 0.988082
0.130200 0.979857
0.130400 0.971681
0.130600 0.963555
0.130800 0.955478
0.131000 0.947450
0.131200 0.939472
0.131400 0.931542
0.131600 0.923663
0.131800 0.915832
0.132000 0.908050
0.132200 0.900318
0.132400 0.892634
0.132600 0.885000
0.132800 0.877415
0.133000 0.869878
0.133200 0.862390
0.133400 0.854951
0.133600 0.847561
0.133800 0.840219
0.134000 0.832926
0.134200 0.825681
0.134400 0.818484
0.134600 0.811336
0.134800 0.804236
0.135000 0.797184
0.135200 0.790180
0.135400 0.783224
0.135600 0.776316
0.135800 0.769455
0.136000 0.762642
0.136200 0.755877
0.136400 0.749158
0.136600 0.742487
0.136800 0.735863
0.137000 0.729286
0.137200 0.722756
0.137400 0.716273
0.137600 0.709836
0.137800 0.703445
0.138000 0.697101
0.138200 0.690803
0.138400 0.684551
0.138600 0.678345
0.138800 0.672185
0.139000 0.666070
0.139200 0.660001
0.139400 0.653977
0.139600 0.647999
0.139800 0.642065
0.140000 0.636176
0.140200 0.630331
0.140400 0.624532
0.140600 0.618776
0.140800 0.613065
0.141000 0.607397
0.141200 0.601774
0.141400 0.596194
0.141600 0.590658
0.141800 0.585165
0.142000 0.579715
0.142200 0.574308
0.142400 0.568943
0.142600 0.563622
0.142800 0.558342
0.143000 0.553105
0.143200 0.547910
0.143400 0.542757
0.143600 0.537645
0.143800 0.532575
0.144000 0.527546
0.144200 0.522558
0.144400 0.517612
0.144600 0.512705
0.144800 0.507839
0.145000 0.503014
0.145200 0.498228
0.145400 0.493483
0.145600 0.488777
0.145800 0.484111
0.146000 0.479483
0.146200 0.474895
0.146400 0.470346
0.146600 0.465835
0.146800 0.461363
0.147000 0.456929
0.147200 0.452533
0.147400 0.448175
0.147600 0.443855
0.147800 0.439572
0.148000 0.435326
0.148200 0.431117
0.148400 0.426944
0.148600 0.422809
0.148800 0.418709
0.149000 0.414646
0.149200 0.410619
0.149400 0.406627
0.149600 0.402671
0.149800 0.398750
0.150000 0.394864
0.150200 0.391013
0.150400 0.387197
0.150600 0.383415
0.150800 0.379667
0.151000 0.375953
0.151200 0.372273
0.151400 0.368626
0.151600 0.365013
0.151800 0.361432
0.152000 0.357885
0.152200 0.354370
0.152400 0.350888
0.152600 0.347437
0.152800 0.344019
0.153000 0.340633
0.153200 0.337278
0.153400 0.333954
0.153600 0.330662
0.153800 0.327401
0.154000 0.324170
0.154200 0.320969
0.154400 0.317799
0.154600 0.314659
0.154800 0.311549
0.155000 0.308469
0.155200 0.305417
0.155400 0.302395
0.155600 0.299402
0.155800 0.296438
0.156000 0.293502
0.156200 0.290595
0.156400 0.287715
0.156600 0.284864
0.156800 0.282040
0.157000 0.279244
0.157200 0.276475
0.157400 0.273733
0.157600 0.271018
0.157800 0.268329
0.158000 0.265667
0.158200 0.263031
0.158400 0.260421
0.158600 0.257837
0.158800 0.255279
0.159000 0.252745
0.159200 0.250238
0.159400 0.247755
0.159600 0.245296
0.159800 0.242863
0.160000 0.240454
0.160200 0.238068
0.160400 0.235707
0.160600 0.233370
0.160800 0.231056
0.161000 0.228766
0.161200 0.226499
0.161400 0.224254
0.161600 0.222033
0.161800 0.219834
0.162000 0.217658
0.162200 0.215503
0.162400 0.213371
0.162600 0.211261
0.162800 0.209172
0.163000 0.207104
0.163200 0.205058
0.163400 0.203033
0.163600 0.201029
0.163800 0.199045
0.164000 0.197082
0.164200 0.195139
0.164400 0.193217
0.164600 0.191314
0.164800 0.189431
0.165000 0.187568
0.165200 0.185724
0.165400 0.183899
0.165600 0.182094
0.165800 0.180307
0.166000 0.178539
0.166200 0.176789
0.166400 0.175058
0.166600 0.173345
0.166800 0.171650
0.167000 0.169973
0.167200 0.168313
0.167400 0.166671
0.167600 0.165047
0.167800 0.163439
0.168000 0.161849
0.168200 0.160275
0.168400 0.158718
0.168600 0.157178
0.168800 0.155654
0.169000 0.154146
0.169200 0.152654
0.169400 0.151178
0.169600 0.149717
0.169800 0.148273
0.170000 0.146843
0.170200 0.145429
0.170400 0.144030
0.170600 0.142646
0.170800 0.141277
0.171000 0.139922
0.171200 0.138582
0.171400 0.137257
0.171600 0.135945
0.171800 0.134648
0.172000 0.133364
0.172200 0.132095
0.172400 0.130838
0.172600 0.129596
0.172800 0.128367
0.173000 0.127151
0.173200 0.125948
0.173400 0.124758
0.173600 0.123581
0.173800 0.122416
0.174000 0.121264
0.174200 0.120125
0.174400 0.118997
0.174600 0.117882
0.174800 0.116779
0.175000 0.115688
0.175200 0.114609
0.175400 0.113541
0.175600 0.112485
0.175800 0.111440
0.176000 0.110406
0.176200 0.109384
0.176400 0.108372
0.176600 0.107372
0.176800 0.106382
0.177000 0.105403
0.177200 0.104435
0.177400 0.103477
0.177600 0.102529
0.177800 0.101592
0.178000 0.100664
0.178200 0.099747
0.178400 0.098839
0.178600 0.097942
0.178800 0.097054
0.179000 0.096175
0.179200 0.095306
0.179400 0.094446
0.179600 0.093596
0.179800 0.092755
0.180000 0.091922
0.180200 0.091099
0.180400 0.090285
0.180600 0.089479
0.180800 0.088682
0.181000 0.087893
0.181200 0.087113
0.181400 0.086341
0.181600 0.085578
0.181800 0.084823
0.182000 0.084075
0.182200 0.083336
0.182400 0.082605
0.182600 0.081881
0.182800 0.081165
0.183000 0.080457
0.183200 0.079756
0.183400 0.079063
0.183600 0.078377
0.183800 0.077698
0.184000 0.077026
0.184200 0.076362
0.184400 0.075705
0.184600 0.075054
0.184800 0.074411
0.185000 0.073774
0.185200 0.073144
0.185400 0.072520
0.185600 0.071903
0.185800 0.071293
0.186000 0.070689
0.186200 0.070091
0.186400 0.069500
0.186600 0.068914
0.186800 0.068335
0.187000 0.067762
0.187200 0.067195
0.187400 0.066633
0.187600 0.066078
0.187800 0.065528
0.188000 0.064984
0.188200 0.064446
0.188400 0.063913
0.188600 0.063385
0.188800 0.062863
0.189000 0.062347
0.189200 0.061835
0.189400 0.061329
0.189600 0.060828
0.189800 0.060332
0.190000 0.059842
0.190200 0.059356
0.190400 0.058875
0.190600 0.058399
0.190800 0.057928
0.191000 0.057461
0.191200 0.056999
0.191400 0.056542
0.191600 0.056090
0.191800 0.055642
0.192000 0.055198
0.192200 0.054759
0.192400 0.054324
0.192600 0.053894
0.192800 0.053468
0.193000 0.053046
0.193200 0.052628
0.193400 0.052214
0.193600 0.051805
0.193800 0.051399
0.194000 0.050998
0.194200 0.050600
0.194400 0.050206
0.194600 0.049816
0.194800 0.049430
0.195000 0.049048
0.195200 0.048669
0.195400 0.048294
0.195600 0.047922
0.195800 0.047554
0.196000 0.047190
0.196200 0.046829
0.196400 0.046472
0.196600 0.046118
0.196800 0.045767
0.197000 0.045420
0.197200 0.045075
0.197400 0.044735
0.197600 0.044397
0.197800 0.044062
0.198000 0.043731
0.198200 0.043403
0.198400 0.043078
0.198600 0.042755
0.198800 0.042436
0.199000 0.042120
0.199200 0.041806
0.199400 0.041496
0.199600 0.041188
0.199800 0.040884
0.200000 0.040581
0.200200 0.040282
0.200400 0.039986
0.200600 0.039692
0.200800 0.039400
0.201000 0.039112
0.201200 0.038826
0.201400 0.038542
0.201600 0.038261
0.201800 0.037983
0.202000 0.037707
0.202200 0.037433
0.202400 0.037162
0.202600 0.036893
0.202800 0.036627
0.203000 0.036363
0.203200 0.036101
0.203400 0.035842
0.203600 0.035584
0.203800 0.035329
0.204000 0.035077
0.204200 0.034826
0.204400 0.034577
0.204600 0.034331
0.204800 0.034087
0.205000 0.033845
0.205200 0.033605
0.205400 0.033366
0.205600 0.033130
0.205800 0.032896
0.206000 0.032664
0.206200 0.032434
0.206400 0.032206
0.206600 0.031979
0.206800 0.031755
0.207000 0.031532
0.207200 0.031311
0.207400 0.031093
0.207600 0.030875
0.207800 0.030660
0.208000 0.030446
0.208200 0.030234
0.208400 0.030024
0.208600 0.029816
0.208800 0.029609
0.209000 0.029404
0.209200 0.029200
0.209400 0.028999
0.209600 0.028798
0.209800 0.028600
0.210000 0.028403
0.210200 0.028207
0.210400 0.028013
0.210600 0.027821
0.210800 0.027630
0.211000 0.027440
0.211200 0.027252
0.211400 0.027066
0.211600 0.026881
0.211800 0.026697
0.212000 0.026515
0.212200 0.026334
0.212400 0.026155
0.212600 0.025977
0.212800 0.025800
0.213000 0.025625
0.213200 0.025451
0.213400 0.025278
0.213600 0.025107
0.213800 0.024937
0.214000 0.024768
0.214200 0.024600
0.214400 0.024434
0.214600 0.024269
0.214800 0.024105
0.215000 0.023943
0.215200 0.023781
0.215400 0.023621
0.215600 0.023462
0.215800 0.023304
0.216000 0.023147
0.216200 0.022992
0.216400 0.022838
0.216600 0.022684
0.216800 0.022532
0.217000 0.022381
0.217200 0.022231
0.217400 0.022082
0.217600 0.021934
0.217800 0.021788
0.218000 0.021642
0.218200 0.021497
0.218400 0.021354
0.218600 0.021211
0.218800 0.021070
0.219000 0.020929
0.219200 0.020790
0.219400 0.020651
0.219600 0.020513
0.219800 0.020377
0.220000 0.020241
0.220200 0.020106
0.220400 0.019972
0.220600 0.019840
0.220800 0.019708
0.221000 0.019577
0.221200 0.019447
0.221400 0.019317
0.221600 0.019189
0.221800 0.019062
0.222000 0.018935
0.222200 0.018809
0.222400 0.018685
0.222600 0.018561
0.222800 0.018438
0.223000 0.018315
0.223200 0.018194
0.223400 0.018073
0.223600 0.017953
0.223800 0.017834
0.224000 0.017716
0.224200 0.017599
0.224400 0.017482
0.224600 0.017366
0.224800 0.017251
0.225000 0.017137
0.225200 0.017024
0.225400 0.016911
0.225600 0.016799
0.225800 0.016688
0.226000 0.016577
0.226200 0.016468
0.226400 0.016359
0.226600 0.016250
0.226800 0.016143
0.227000 0.016036
0.227200 0.015930
0.227400 0.015824
0.227600 0.015719
0.227800 0.015615
0.228000 0.015512
0.228200 0.015409
0.228400 0.015307
0.228600 0.015206
0.228800 0.015105
0.229000 0.015005
0.229200 0.014906
0.229400 0.014807
0.229600 0.014709
0.229800 0.014611
0.230000 0.014515
0.230200 0.014418
0.230400 0.014323
0.230600 0.014228
0.230800 0.014134
0.231000 0.014040
0.231200 0.013947
0.231400 0.013854
0.231600 0.013762
0.231800 0.013671
0.232000 0.013580
0.232200 0.013490
0.232400 0.013400
0.232600 0.013311
0.232800 0.013223
0.233000 0.013135
0.233200 0.013048
0.233400 0.012961
0.233600 0.012875
0.233800 0.012789
0.234000 0.012704
0.234200 0.012620
0.234400 0.012536
0.234600 0.012452
0.234800 0.012369
0.235000 0.012287
0.235200 0.012205
0.235400 0.012124
0.235600 0.012043
0.235800 0.011963
0.236000 0.011883
0.236200 0.011804
0.236400 0.011725
0.236600 0.011646
0.236800 0.011569
0.237000 0.011491
0.237200 0.011415
0.237400 0.011338
0.237600 0.011262
0.237800 0.011187
0.238000 0.011112
0.238200 0.011038
0.238400 0.010964
0.238600 0.010890
0.238800 0.010817
0.239000 0.010745
0.239200 0.010673
0.239400 0.010601
0.239600 0.010530
0.239800 0.010459
0.240000 0.010389
0.240200 0.010319
0.240400 0.010250
0.240600 0.010181
0.240800 0.010112
0.241000 0.010044
0.241200 0.009977
0.241400 0.009910
0.241600 0.009843
0.241800 0.009776
0.242000 0.009710
0.242200 0.009645
0.242400 0.009580
0.242600 0.009515
0.242800 0.009451
0.243000 0.009387
0.243200 0.009323
0.243400 0.009260
0.243600 0.009198
0.243800 0.009135
0.244000 0.009073
0.244200 0.009012
0.244400 0.008951
0.244600 0.008890
0.244800 0.008830
0.245000 0.008770
0.245200 0.008710
0.245400 0.008651
0.245600 0.008592
0.245800 0.008534
0.246000 0.008476
0.246200 0.008418
0.246400 0.008361
0.246600 0.008304
0.246800 0.008247
0.247000 0.008191
0.247200 0.008135
0.247400 0.008079
0.247600 0.008024
0.247800 0.007969
0.248000 0.007915
0.248200 0.007860
0.248400 0.007807
0.248600 0.007753
0.248800 0.007700
0.249000 0.007647
0.249200 0.007595
0.249400 0.007543
0.249600 0.007491
0.249800 0.007439
0.250000 0.007388
0.250200 0.007337
0.250400 0.007287
0.250600 0.007237
0.250800 0.007187
0.251000 0.007137
0.251200 0.007088
0.251400 0.007039
0.251600 0.006991
0.251800 0.006942
0.252000 0.006894
0.252200 0.006847
0.252400 0.006799
0.252600 0.006752
0.252800 0.006705
0.253000 0.006659
0.253200 0.006613
0.253400 0.006567
0.253600 0.006521
0.253800 0.006476
0.254000 0.006431
0.254200 0.006386
0.254400 0.006342
0.254600 0.006298
0.254800 0.006254
0.255000 0.006210
0.255200 0.006167
0.255400 0.006124
0.255600 0.006081
0.255800 0.006039
0.256000 0.005997
0.256200 0.005955
0.256400 0.005913
0.256600 0.005872
0.256800 0.005831
0.257000 0.005790
0.257200 0.005749
0.257400 0.005709
0.257600 0.005669
0.257800 0.005629
0.258000 0.005589
0.258200 0.005550
0.258400 0.005511
0.258600 0.005472
0.258800 0.005434
0.259000 0.005396
0.259200 0.005357
0.259400 0.005320
0.259600 0.005282
0.259800 0.005245
0.260000 0.005208
0.260200 0.005171
0.260400 0.005134
0.260600 0.005098
0.260800 0.005062
0.261000 0.005026
0.261200 0.004991
0.261400 0.004955
0.261600 0.004920
0.261800 0.004885
0.262000 0.004850
0.262200 0.004816
0.262400 0.004782
0.262600 0.004748
0.262800 0.004714
0.263000 0.004680
0.263200 0.004647
0.263400 0.004614
0.263600 0.004581
0.263800 0.004548
0.264000 0.004516
0.264200 0.004483
0.264400 0.004451
0.264600 0.004419
0.264800 0.004388
0.265000 0.004356
0.265200 0.004325
0.265400 0.004294
0.265600 0.004263
0.265800 0.004233
0.266000 0.004202
0.266200 0.004172
0.266400 0.004142
0.266600 0.004112
0.266800 0.004083
0.267000 0.004053
0.267200 0.004024
0.267400 0.003995
0.267600 0.003966
0.267800 0.003937
0.268000 0.003909
0.268200 0.003881
0.268400 0.003853
0.268600 0.003825
0.268800 0.003797
0.269000 0.003769
0.269200 0.003742
0.269400 0.003715
0.269600 0.003688
0.269800 0.003661
0.270000 0.003635
0.270200 0.003608
0.270400 0.003582
0.270600 0.003556
0.270800 0.003530
0.271000 0.003504
0.271200 0.003479
0.271400 0.003453
0.271600 0.003428
0.271800 0.003403
0.272000 0.003378
0.272200 0.003354
0.272400 0.003329
0.272600 0.003305
0.272800 0.003280
0.273000 0.003256
0.273200 0.003232
0.273400 0.003209
0.273600 0.003185
0.273800 0.003162
0.274000 0.003139
0.274200 0.003115
0.274400 0.003093
0.274600 0.003070
0.274800 0.003047
0.275000 0.003025
0.275200 0.003002
0.275400 0.002980
0.275600 0.002958
0.275800 0.002936
0.276000 0.002915
0.276200 0.002893
0.276400 0.002872
0.276600 0.002850
0.276800 0.002829
0.277000 0.002808
0.277200 0.002788
0.277400 0.002767
0.277600 0.002746
0.277800 0.002726
0.278000 0.002706
0.278200 0.002685
0.278400 0.002665
0.278600 0.002646
0.278800 0.002626
0.279000 0.002606
0.279200 0.002587
0.279400 0.002568
0.279600 0.002548
0.279800 0.002529
0.280000 0.002510
0.280200 0.002492
0.280400 0.002473
0.280600 0.002455
0.280800 0.002436
0.281000 0.002418
0.281200 0.002400
0.281400 0.002382
0.281600 0.002364
0.281800 0.002346
0.282000 0.002328
0.282200 0.002311
0.282400 0.002294
0.282600 0.002276
0.282800 0.002259
0.283000 0.002242
0.283200 0.002225
0.283400 0.002208
0.283600 0.002192
0.283800 0.002175
0.284000 0.002159
0.284200 0.002142
0.284400 0.002126
0.284600 0.002110
0.284800 0.002094
0.285000 0.002078
0.285200 0.002062
0.285400 0.002047
0.285600 0.002031
0.285800 0.002016
0.286000 0.002000
0.286200 0.001985
0.286400 0.001970
0.286600 0.001955
0.286800 0.001940
0.287000 0.001925
0.287200 0.001911
0.287400 0.001896
0.287600 0.001882
0.287800 0.001867
0.288000 0.001853
0.288200 0.001839
0.288400 0.001825
0.288600 0.001811
0.288800 0.001797
0.289000 0.001783
0.289200 0.001770
0.289400 0.001756
0.289600 0.001742
0.289800 0.001729
0.290000 0.001716
0.290200 0.001703
0.290400 0.001689
0.290600 0.001676
0.290800 0.001664
0.291000 0.001651
0.291200 0.001638
0.291400 0.001625
0.291600 0.001613
0.291800 0.001600
0.292000 0.001588
0.292200 0.001576
0.292400 0.001564
0.292600 0.001551
0.292800 0.001539
0.293000 0.001527
0.293200 0.001516
0.293400 0.001504
0.293600 0.001492
0.293800 0.001481
0.294000 0.001469
0.294200 0.001458
0.294400 0.001446
0.294600 0.001435
0.294800 0.001424
0.295000 0.001413
0.295200 0.001402
0.295400 0.001391
0.295600 0.001380
0.295800 0.001369
0.296000 0.001359
0.296200 0.001348
0.296400 0.001337
0.296600 0.001327
0.296800 0.001316
0.297000 0.001306
0.297200 0.001296
0.297400 0.001286
0.297600 0.001276
0.297800 0.001266
0.298000 0.001256
0.298200 0.001246
0.298400 0.001236
0.298600 0.001226
0.298800 0.001217
0.299000 0.001207
0.299200 0.001198
0.299400 0.001188
0.299600 0.001179
0.299800 0.001169
0.300000 0.001160
0.300200 0.001151
0.300400 0.001142
0.300600 0.001133
0.300800 0.001124
0.301000 0.001115
0.301200 0.001106
0.301400 0.001097
0.301600 0.001089
0.301800 0.001080
0.302000 0.001072
0.302200 0.001063
0.302400 0.001055
0.302600 0.001046
0.302800 0.001038
0.303000 0.001030
0.303200 0.001021
0.303400 0.001013
0.303600 0.001005
0.303800 0.000997
0.304000 0.000989
0.304200 0.000981
0.304400 0.000973
0.304600 0.000966
0.304800 0.000958
0.305000 0.000950
0.305200 0.000943
0.305400 0.000935
0.305600 0.000928
0.305800 0.000920
0.306000 0.000913
0.306200 0.000905
0.306400 0.000898
0.306600 0.000891
0.306800 0.000884
0.307000 0.000877
0.307200 0.000870
0.307400 0.000863
0.307600 0.000856
0.307800 0.000849
0.308000 0.000842
0.308200 0.000835
0.308400 0.000828
0.308600 0.000822
0.308800 0.000815
0.309000 0.000808
0.309200 0.000802
0.309400 0.000795
0.309600 0.000789
0.309800 0.000783
0.310000 0.000776
0.310200 0.000770
0.310400 0.000764
0.310600 0.000757
0.310800 0.000751
0.311000 0.000745
0.311200 0.000739
0.311400 0.000733
0.311600 0.000727
0.311800 0.000721
0.312000 0.000715
0.312200 0.000710
0.312400 0.000704
0.312600 0.000698
0.312800 0.000692
0.313000 0.000687
0.313200 0.000681
0.313400 0.000675
0.313600 0.000670
0.313800 0.000664
0.314000 0.000659
0.314200 0.000654
0.314400 0.000648
0.314600 0.000643
0.314800 0.000638
0.315000 0.000632
0.315200 0.000627
0.315400 0.000622
0.315600 0.000617
0.315800 0.000612
0.316000 0.000607
0.316200 0.000602
0.316400 0.000597
0.316600 0.000592
0.316800 0.000587
0.317000 0.000582
0.317200 0.000577
0.317400 0.000573
0.317600 0.000568
0.317800 0.000563
0.318000 0.000559
0.318200 0.000554
0.318400 0.000549
0.318600 0.000545
0.318800 0.000540
0.319000 0.000536
0.319200 0.000531
0.319400 0.000527
0.319600 0.000522
0.319800 0.000518
0.320000 0.000514
0.320200 0.000510
0.320400 0.000505
0.320600 0.000501
0.320800 0.000497
0.321000 0.000493
0.321200 0.000489
0.321400 0.000485
0.321600 0.000481
0.321800 0.000477
0.322000 0.000473
0.322200 0.000469
0.322400 0.000465
0.322600 0.000461
0.322800 0.000457
0.323000 0.000453
0.323200 0.000449
0.323400 0.000445
0.323600 0.000442
0.323800 0.000438
0.324000 0.000434
0.324200 0.000431
0.324400 0.000427
0.324600 0.000423
0.324800 0.000420
0.325000 0.000416
0.325200 0.000413
0.325400 0.000409
0.325600 0.000406
0.325800 0.000403
0.326000 0.000399
0.326200 0.000396
0.326400 0.000392
0.326600 0.000389
0.326800 0.000386
0.327000 0.000383
0.327200 0.000379
0.327400 0.000376
0.327600 0.000373
0.327800 0.000370
0.328000 0.000367
0.328200 0.000363
0.328400 0.000360
0.328600 0.000357
0.328800 0.000354
0.329000 0.000351
0.329200 0.000348
0.329400 0.000345
0.329600 0.000342
0.329800 0.000339
0.330000 0.000337
0.330200 0.000334
0.330400 0.000331
0.330600 0.000328
0.330800 0.000325
0.331000 0.000322
0.331200 0.000320
0.331400 0.000317
0.331600 0.000314
0.331800 0.000311
0.332000 0.000309
0.332200 0.000306
0.332400 0.000304
0.332600 0.000301
0.332800 0.000298
0.333000 0.000296
0.333200 0.000293
0.333400 0.000291
0.333600 0.000288
0.333800 0.000286
0.334000 0.000283
0.334200 0.000281
0.334400 0.000278
0.334600 0.000276
0.334800 0.000274
0.335000 0.000271
0.335200 0.000269
0.335400 0.000267
0.335600 0.000264
0.335800 0.000262
0.336000 0.000260
0.336200 0.000257
0.336400 0.000255
0.336600 0.000253
0.336800 0.000251
0.337000 0.000249
0.337200 0.000246
0.337400 0.000244
0.337600 0.000242
0.337800 0.000240
0.338000 0.000238
0.338200 0.000236
0.338400 0.000234
0.338600 0.000232
0.338800 0.000230
0.339000 0.000228
0.339200 0.000226
0.339400 0.000224
0.339600 0.000222
0.339800 0.000220
0.340000 0.000218
0.340200 0.000216
0.340400 0.000214
0.340600 0.000212
0.340800 0.000211
0.341000 0.000209
0.341200 0.000207
0.341400 0.000205
0.341600 0.000203
0.341800 0.000201
0.342000 0.000200
0.342200 0.000198
0.342400 0.000196
0.342600 0.000194
0.342800 0.000193
0.343000 0.000191
0.343200 0.000189
0.343400 0.000188
0.343600 0.000186
0.343800 0.000184
0.344000 0.000183
0.344200 0.000181
0.344400 0.000180
0.344600 0.000178
0.344800 0.000176
0.345000 0.000175
0.345200 0.000173
0.345400 0.000172
0.345600 0.000170
0.345800 0.000169
0.346000 0.000167
0.346200 0.000166
0.346400 0.000164
0.346600 0.000163
0.346800 0.000161
0.347000 0.000160
0.347200 0.000159
0.347400 0.000157
0.347600 0.000156
0.347800 0.000154
0.348000 0.000153
0.348200 0.000152
0.348400 0.000150
0.348600 0.000149
0.348800 0.000148
0.349000 0.000146
0.349200 0.000145
0.349400 0.000144
0.349600 0.000142
0.349800 0.000141
0.350000 0.000140
0.350200 0.000139
0.350400 0.000137
0.350600 0.000136
0.350800 0.000135
0.351000 0.000134
0.351200 0.000132
0.351400 0.000131
0.351600 0.000130
0.351800 0.000129
0.352000 0.000128
0.352200 0.000127
0.352400 0.000125
0.352600 0.000124
0.352800 0.000123
0.353000 0.000122
0.353200 0.000121
0.353400 0.000120
0.353600 0.000119
0.353800 0.000118
0.354000 0.000117
0.354200 0.000116
0.354400 0.000115
0.354600 0.000114
0.354800 0.000113
0.355000 0.000112
0.355200 0.000111
0.355400 0.000110
0.355600 0.000109
0.355800 0.000108
0.356000 0.000107
0.356200 0.000106
0.356400 0.000105
0.356600 0.000104
0.356800 0.000103
0.357000 0.000102
0.357200 0.000101
0.357400 0.000100
0.357600 0.000099
0.357800 0.000098
0.358000 0.000097
0.358200 0.000096
0.358400 0.000095
0.358600 0.000095
0.358800 0.000094
0.359000 0.000093
0.359200 0.000092
0.359400 0.000091
0.359600 0.000090
0.359800 0.000090
0.360000 0.000089
0.360200 0.000088
0.360400 0.000087
0.360600 0.000086
0.360800 0.000086
0.361000 0.000085
0.361200 0.000084
0.361400 0.000083
0.361600 0.000082
0.361800 0.000082
0.362000 0.000081
0.362200 0.000080
0.362400 0.000079
0.362600 0.000079
0.362800 0.000078
0.363000 0.000077
0.363200 0.000077
0.363400 0.000076
0.363600 0.000075
0.363800 0.000074
0.364000 0.000074
0.364200 0.000073
0.364400 0.000072
0.364600 0.000072
0.364800 0.000071
0.365000 0.000070
0.365200 0.000070
0.365400 0.000069
0.365600 0.000068
0.365800 0.000068
0.366000 0.000067
0.366200 0.000067
0.366400 0.000066
0.366600 0.000065
0.366800 0.000065
0.367000 0.000064
0.367200 0.000064
0.367400 0.000063
0.367600 0.000062
0.367800 0.000062
0.368000 0.000061
0.368200 0.000061
0.368400 0.000060
0.368600 0.000060
0.368800 0.000059
0.369000 0.000058
0.369200 0.000058
0.369400 0.000057
0.369600 0.000057
0.369800 0.000056
0.370000 0.000056
0.370200 0.000055
0.370400 0.000055
0.370600 0.000054
0.370800 0.000054
0.371000 0.000053
0.371200 0.000053
0.371400 0.000052
0.371600 0.000052
0.371800 0.000051
0.372000 0.000051
0.372200 0.000050
0.372400 0.000050
0.372600 0.000049
0.372800 0.000049
0.373000 0.000048
0.373200 0.000048
0.373400 0.000048
0.373600 0.000047
0.373800 0.000047
0.374000 0.000046
0.374200 0.000046
0.374400 0.000045
0.374600 0.000045
0.374800 0.000044
0.375000 0.000044
0.375200 0.000044
0.375400 0.000043
0.375600 0.000043
0.375800 0.000042
0.376000 0.000042
0.376200 0.000042
0.376400 0.000041
0.376600 0.000041
0.376800 0.000040
0.377000 0.000040
0.377200 0.000040
0.377400 0.000039
0.377600 0.000039
0.377800 0.000039
0.378000 0.000038
0.378200 0.000038
0.378400 0.000037
0.378600 0.000037
0.378800 0.000037
0.379000 0.000036
0.379200 0.000036
0.379400 0.000036
0.379600 0.000035
0.379800 0.000035
0.380000 0.000035
0.380200 0.000034
0.380400 0.000034
0.380600 0.000034
0.380800 0.000033
0.381000 0.000033
0.381200 0.000033
0.381400 0.000033
0.381600 0.000032
0.381800 0.000032
0.382000 0.000032
0.382200 0.000031
0.382400 0.000031
0.382600 0.000031
0.382800 0.000030
0.383000 0.000030
0.383200 0.000030
0.383400 0.000030
0.383600 0.000029
0.383800 0.000029
0.384000 0.000029
0.384200 0.000028
0.384400 0.000028
0.384600 0.000028
0.384800 0.000028
0.385000 0.000027
0.385200 0.000027
0.385400 0.000027
0.385600 0.000027
0.385800 0.000026
0.386000 0.000026
0.386200 0.000026
0.386400 0.000026
0.386600 0.000025
0.386800 0.000025
0.387000 0.000025
0.387200 0.000025
0.387400 0.000024
0.387600 0.000024
0.387800 0.000024
0.388000 0.000024
0.388200 0.000024
0.388400 0.000023
0.388600 0.000023
0.388800 0.000023
0.389000 0.000023
0.389200 0.000022
0.389400 0.000022
0.389600 0.000022
0.389800 0.000022
0.390000 0.000022
0.390200 0.000021
0.390400 0.000021
0.390600 0.000021
0.390800 0.000021
0.391000 0.000021
0.391200 0.000020
0.391400 0.000020
0.391600 0.000020
0.391800 0.000020
0.392000 0.000020
0.392200 0.000019
0.392400 0.000019
0.392600 0.000019
0.392800 0.000019
0.393000 0.000019
0.393200 0.000019
0.393400 0.000018
0.393600 0.000018
0.393800 0.000018
0.394000 0.000018
0.394200 0.000018
0.394400 0.000018
0.394600 0.000017
0.394800 0.000017
0.395000 0.000017
0.395200 0.000017
0.395400 0.000017
0.395600 0.000017
0.395800 0.000016
0.396000 0.000016
0.396200 0.000016
0.396400 0.000016
0.396600 0.000016
0.396800 0.000016
0.397000 0.000016
0.397200 0.000015
0.397400 0.000015
0.397600 0.000015
0.397800 0.000015
0.398000 0.000015
0.398200 0.000015
0.398400 0.000015
0.398600 0.000014
0.398800 0.000014
0.399000 0.000014
0.399200 0.000014
0.399400 0.000014
0.399600 0.000014
0.399800 0.000014
0.400000 0.000014
0.400200 0.000013
0.400400 0.000013
0.400600 0.000013
0.400800 0.000013
0.401000 0.000013
0.401200 0.000013
0.401400 0.000013
0.401600 0.000013
0.401800 0.000012
0.402000 0.000012
0.402200 0.000012
0.402400 0.000012
0.402600 0.000012
0.402800 0.000012
0.403000 0.000012
0.403200 0.000012
0.403400 0.000012
0.403600 0.000012
0.403800 0.000011
0.404000 0.000011
0.404200 0.000011
0.404400 0.000011
0.404600 0.000011
0.404800 0.000011
0.405000 0.000011
0.405200 0.000011
0.405400 0.000011
0.405600 0.000011
0.405800 0.000010
0.406000 0.000010
0.406200 0.000010
0.406400 0.000010
0.406600 0.000010
0.406800 0.000010
0.407000 0.000010
0.407200 0.000010
0.407400 0.000010
0.407600 0.000010
0.407800 0.000010
0.408000 0.000010
0.408200 0.000009
0.408400 0.000009
0.408600 0.000009
0.408800 0.000009
0.409000 0.000009
0.409200 0.000009
0.409400 0.000009
0.409600 0.000009
0.409800 0.000009
0.410000 0.000009
0.410200 0.000009
0.410400 0.000009
0.410600 0.000009
0.410800 0.000009
0.411000 0.000009
0.411200 0.000008
0.411400 0.000008
0.411600 0.000008
0.411800 0.000008
0.412000 0.000008
0.412200 0.000008
0.412400 0.000008
0.412600 0.000008
0.412800 0.000008
0.413000 0.000008
0.413200 0.000008
0.413400 0.000008
0.413600 0.000008
0.413800 0.000008
0.414000 0.000008
0.414200 0.000008
0.414400 0.000008
0.414600 0.000008
0.414800 0.000007
0.415000 0.000007
0.415200 0.000007
0.415400 0.000007
0.415600 0.000007
0.415800 0.000007
0.416000 0.000007
0.416200 0.000007
0.416400 0.000007
0.416600 0.000007
0.416800 0.000007
0.417000 0.000007
0.417200 0.000007
0.417400 0.000007
0.417600 0.000007
0.417800 0.000007
0.418000 0.000007
0.418200 0.000007
0.418400 0.000007
0.418600 0.000007
0.418800 0.000007
0.419000 0.000007
0.419200 0.000007
0.419400 0.000007
0.419600 0.000007
0.419800 0.000007
0.420000 0.000007
0.420200 0.000006
0.420400 0.000006
0.420600 0.000006
0.420800 0.000006
0.421000 0.000006
0.421200 0.000006
0.421400 0.000006
0.421600 0.000006
0.421800 0.000006
0.422000 0.000006
0.422200 0.000006
0.422400 0.000006
0.422600 0.000006
0.422800 0.000006
0.423000 0.000006
0.423200 0.000006
0.423400 0.000006
0.423600 0.000006
0.423800 0.000006
0.424000 0.000006
0.424200 0.000006
0.424400 0.000006
0.424600 0.000006
0.424800 0.000006
0.425000 0.000006
0.425200 0.000006
0.425400 0.000006
0.425600 0.000006
0.425800 0.000006
0.426000 0.000006
0.426200 0.000006
0.426400 0.000006
0.426600 0.000006
0.426800 0.000006
0.427000 0.000006
0.427200 0.000006
0.427400 0.000006
0.427600 0.000006
0.427800 0.000006
0.428000 0.000006
0.428200 0.000006
0.428400 0.000006
0.428600 0.000006
0.428800 0.000006
0.429000 0.000006
0.429200 0.000006
0.429400 0.000006
0.429600 0.000006
0.429800 0.000006
0.430000 0.000006
0.430200 0.000006
0.430400 0.000006
0.430600 0.000006
0.430800 0.000006
0.431000 0.000006
0.431200 0.000006
0.431400 0.000006
0.431600 0.000006
0.431800 0.000006
0.432000 0.000006
0.432200 0.000006
0.432400 0.000006
0.432600 0.000006
0.432800 0.000006
0.433000 0.000006
0.433200 0.000006
0.433400 0.000006
0.433600 0.000006
0.433800 0.000006
0.434000 0.000006
0.434200 0.000006
0.434400 0.000006
0.434600 0.000006
0.434800 0.000006
0.435000 0.000006
0.435200 0.000006
0.435400 0.000006
0.435600 0.000006
0.435800 0.000006
0.436000 0.000006
0.436200 0.000006
0.436400 0.000006
0.436600 0.000006
0.436800 0.000007
0.437000 0.000007
0.437200 0.000007
0.437400 0.000007
0.437600 0.000007
0.437800 0.000007
0.438000 0.000007
0.438200 0.000007
0.438400 0.000007
0.438600 0.000007
0.438800 0.000007
0.439000 0.000007
0.439200 0.000007
0.439400 0.000007
0.439600 0.000007
0.439800 0.000007
0.440000 0.000007
0.440200 0.000007
0.440400 0.000007
0.440600 0.000007
0.440800 0.000007
0.441000 0.000007
0.441200 0.000007
0.441400 0.000007
0.441600 0.000007
0.441800 0.000007
0.442000 0.000007
0.442200 0.000008
0.442400 0.000008
0.442600 0.000008
0.442800 0.000008
0.443000 0.000008
0.443200 0.000008
0.443400 0.000008
0.443600 0.000008
0.443800 0.000008
0.444000 0.000008
0.444200 0.000008
0.444400 0.000008
0.444600 0.000008
0.444800 0.000008
0.445000 0.000008
0.445200 0.000008
0.445400 0.000008
0.445600 0.000008
0.445800 0.000009
0.446000 0.000009
0.446200 0.000009
0.446400 0.000009
0.446600 0.000009
0.446800 0.000009
0.447000 0.000009
0.447200 0.000009
0.447400 0.000009
0.447600 0.000009
0.447800 0.000009
0.448000 0.000009
0.448200 0.000009
0.448400 0.000009
0.448600 0.000010
0.448800 0.000010
0.449000 0.000010
0.449200 0.000010
0.449400 0.000010
0.449600 0.000010
0.449800 0.000010
0.450000 0.000010
0.450200 0.000010
0.450400 0.000010
0.450600 0.000010
0.450800 0.000010
0.451000 0.000011
0.451200 0.000011
0.451400 0.000011
0.451600 0.000011
0.451800 0.000011
0.452000 0.000011
0.452200 0.000011
0.452400 0.000011
0.452600 0.000011
0.452800 0.000011
0.453000 0.000011
0.453200 0.000012
0.453400 0.000012
0.453600 0.000012
0.453800 0.000012
0.454000 0.000012
0.454200 0.000012
0.454400 0.000012
0.454600 0.000012
0.454800 0.000012
0.455000 0.000013
0.455200 0.000013
0.455400 0.000013
0.455600 0.000013
0.455800 0.000013
0.456000 0.000013
0.456200 0.000013
0.456400 0.000013
0.456600 0.000013
0.456800 0.000014
0.457000 0.000014
0.457200 0.000014
0.457400 0.000014
0.457600 0.000014
0.457800 0.000014
0.458000 0.000014
0.458200 0.000014
0.458400 0.000015
0.458600 0.000015
0.458800 0.000015
0.459000 0.000015
0.459200 0.000015
0.459400 0.000015
0.459600 0.000015
0.459800 0.000016
0.460000 0.000016
0.460200 0.000016
0.460400 0.000016
0.460600 0.000016
0.460800 0.000016
0.461000 0.000016
0.461200 0.000017
0.461400 0.000017
0.461600 0.000017
0.461800 0.000017
0.462000 0.000017
0.462200 0.000017
0.462400 0.000018
0.462600 0.000018
0.462800 0.000018
0.463000 0.000018
0.463200 0.000018
0.463400 0.000018
0.463600 0.000019
0.463800 0.000019
0.464000 0.000019
0.464200 0.000019
0.464400 0.000019
0.464600 0.000019
0.464800 0.000020
0.465000 0.000020
0.465200 0.000020
0.465400 0.000020
0.465600 0.000020
0.465800 0.000021
0.466000 0.000021
0.466200 0.000021
0.466400 0.000021
0.466600 0.000021
0.466800 0.000022
0.467000 0.000022
0.467200 0.000022
0.467400 0.000022
0.467600 0.000022
0.467800 0.000023
0.468000 0.000023
0.468200 0.000023
0.468400 0.000023
0.468600 0.000024
0.468800 0.000024
0.469000 0.000024
0.469200 0.000024
0.469400 0.000024
0.469600 0.000025
0.469800 0.000025
0.470000 0.000025
0.470200 0.000025
0.470400 0.000026
0.470600 0.000026
0.470800 0.000026
0.471000 0.000026
0.471200 0.000027
0.471400 0.000027
0.471600 0.000027
0.471800 0.000027
0.472000 0.000028
0.472200 0.000028
0.472400 0.000028
0.472600 0.000029
0.472800 0.000029
0.473000 0.000029
0.473200 0.000029
0.473400 0.000030
0.473600 0.000030
0.473800 0.000030
0.474000 0.000030
0.474200 0.000031
0.474400 0.000031
0.474600 0.000031
0.474800 0.000032
0.475000 0.000032
0.475200 0.000032
0.475400 0.000033
0.475600 0.000033
0.475800 0.000033
0.476000 0.000034
0.476200 0.000034
0.476400 0.000034
0.476600 0.000035
0.476800 0.000035
0.477000 0.000035
0.477200 0.000036
0.477400 0.000036
0.477600 0.000036
0.477800 0.000037
0.478000 0.000037
0.478200 0.000037
0.478400 0.000038
0.478600 0.000038
0.478800 0.000038
0.479000 0.000039
0.479200 0.000039
0.479400 0.000039
0.479600 0.000040
0.479800 0.000040
0.480000 0.000041
0.480200 0.000041
0.480400 0.000041
0.480600 0.000042
0.480800 0.000042
0.481000 0.000043
0.481200 0.000043
0.481400 0.000043
0.481600 0.000044
0.481800 0.000044
0.482000 0.000045
0.482200 0.000045
0.482400 0.000045
0.482600 0.000046
0.482800 0.000046
0.483000 0.000047
0.483200 0.000047
0.483400 0.000048
0.483600 0.000048
0.483800 0.000049
0.484000 0.000049
0.484200 0.000049
0.484400 0.000050
0.484600 0.000050
0.484800 0.000051
0.485000 0.000051
0.485200 0.000052
0.485400 0.000052
0.485600 0.000053
0.485800 0.000053
0.486000 0.000054
0.486200 0.000054
0.486400 0.000055
0.486600 0.000055
0.486800 0.000056
0.487000 0.000056
0.487200 0.000057
0.487400 0.000058
0.487600 0.000058
0.487800 0.000059
0.488000 0.000059
0.488200 0.000060
0.488400 0.000060
0.488600 0.000061
0.488800 0.000061
0.489000 0.000062
0.489200 0.000063
0.489400 0.000063
0.489600 0.000064
0.489800 0.000064
0.490000 0.000065
0.490200 0.000066
0.490400 0.000066
0.490600 0.000067
0.490800 0.000067
0.491000 0.000068
0.491200 0.000069
0.491400 0.000069
0.491600 0.000070
0.491800 0.000071
0.492000 0.000071
0.492200 0.000072
0.492400 0.000073
0.492600 0.000073
0.492800 0.000074
0.493000 0.000075
0.493200 0.000075
0.493400 0.000076
0.493600 0.000077
0.493800 0.000077
0.494000 0.000078
0.494200 0.000079
0.494400 0.000080
0.494600 0.000080
0.494800 0.000081
0.495000 0.000082
0.495200 0.000083
0.495400 0.000083
0.495600 0.000084
0.495800 0.000085
0.496000 0.000086
0.496200 0.000087
0.496400 0.000087
0.496600 0.000088
0.496800 0.000089
0.497000 0.000090
0.497200 0.000091
0.497400 0.000091
0.497600 0.000092
0.497800 0.000093
0.498000 0.000094
0.498200 0.000095
0.498400 0.000096
0.498600 0.000097
0.498800 0.000098
0.499000 0.000098
0.499200 0.000099
0.499400 0.000100
0.499600 0.000101
0.499800 0.000102
0.500000 0.000103
0.500200 0.000104
0.500400 0.000105
0.500600 0.000106
0.500800 0.000107
0.501000 0.000108
0.501200 0.000109
0.501400 0.000110
0.501600 0.000111
0.501800 0.000112
0.502000 0.000113
0.502200 0.000114
0.502400 0.000115
0.502600 0.000116
0.502800 0.000117
0.503000 0.000118
0.503200 0.000119
0.503400 0.000120
0.503600 0.000121
0.503800 0.000122
0.504000 0.000124
0.504200 0.000125
0.504400 0.000126
0.504600 0.000127
0.504800 0.000128
0.505000 0.000129
0.505200 0.000130
0.505400 0.000132
0.505600 0.000133
0.505800 0.000134
0.506000 0.000135
0.506200 0.000136
0.506400 0.000138
0.506600 0.000139
0.506800 0.000140
0.507000 0.000141
0.507200 0.000143
0.507400 0.000144
0.507600 0.000145
0.507800 0.000147
0.508000 0.000148
0.508200 0.000149
0.508400 0.000151
0.508600 0.000152
0.508800 0.000153
0.509000 0.000155
0.509200 0.000156
0.509400 0.000158
0.509600 0.000159
0.509800 0.000160
0.510000 0.000162
0.510200 0.000163
0.510400 0.000165
0.510600 0.000166
0.510800 0.000168
0.511000 0.000169
0.511200 0.000171
0.511400 0.000172
0.511600 0.000174
0.511800 0.000175
0.512000 0.000177
0.512200 0.000178
0.512400 0.000180
0.512600 0.000182
0.512800 0.000183
0.513000 0.000185
0.513200 0.000187
0.513400 0.000188
0.513600 0.000190
0.513800 0.000192
0.514000 0.000193
0.514200 0.000195
0.514400 0.000197
0.514600 0.000198
0.514800 0.000200
0.515000 0.000202
0.515200 0.000204
0.515400 0.000206
0.515600 0.000207
0.515800 0.000209
0.516000 0.000211
0.516200 0.000213
0.516400 0.000215
0.516600 0.000217
0.516800 0.000219
0.517000 0.000221
0.517200 0.000223
0.517400 0.000225
0.517600 0.000226
0.517800 0.000228
0.518000 0.000230
0.518200 0.000233
0.518400 0.000235
0.518600 0.000237
0.518800 0.000239
0.519000 0.000241
0.519200 0.000243
0.519400 0.000245
0.519600 0.000247
0.519800 0.000249
0.520000 0.000252
0.520200 0.000254
0.520400 0.000256
0.520600 0.000258
0.520800 0.000260
0.521000 0.000263
0.521200 0.000265
0.521400 0.000267
0.521600 0.000270
0.521800 0.000272
0.522000 0.000274
0.522200 0.000277
0.522400 0.000279
0.522600 0.000282
0.522800 0.000284
0.523000 0.000287
0.523200 0.000289
0.523400 0.000292
0.523600 0.000294
0.523800 0.000297
0.524000 0.000299
0.524200 0.000302
0.524400 0.000304
0.524600 0.000307
0.524800 0.000310
0.525000 0.000312
0.525200 0.000315
0.525400 0.000318
0.525600 0.000320
0.525800 0.000323
0.526000 0.000326
0.526200 0.000329
0.526400 0.000332
0.526600 0.000335
0.526800 0.000337
0.527000 0.000340
0.527200 0.000343
0.527400 0.000346
0.527600 0.000349
0.527800 0.000352
0.528000 0.000355
0.528200 0.000358
0.528400 0.000361
0.528600 0.000364
0.528800 0.000368
0.529000 0.000371
0.529200 0.000374
0.529400 0.000377
0.529600 0.000380
0.529800 0.000384
0.530000 0.000387
0.530200 0.000390
0.530400 0.000393
0.530600 0.000397
0.530800 0.000400
0.531000 0.000404
0.531200 0.000407
0.531400 0.000410
0.531600 0.000414
0.531800 0.000417
0.532000 0.000421
0.532200 0.000425
0.532400 0.000428
0.532600 0.000432
0.532800 0.000436
0.533000 0.000439
0.533200 0.000443
0.533400 0.000447
0.533600 0.000450
0.533800 0.000454
0.534000 0.000458
0.534200 0.000462
0.534400 0.000466
0.534600 0.000470
0.534800 0.000474
0.535000 0.000478
0.535200 0.000482
0.535400 0.000486
0.535600 0.000490
0.535800 0.000494
0.536000 0.000498
0.536200 0.000502
0.536400 0.000507
0.536600 0.000511
0.536800 0.000515
0.537000 0.000520
0.537200 0.000524
0.537400 0.000528
0.537600 0.000533
0.537800 0.000537
0.538000 0.000542
0.538200 0.000546
0.538400 0.000551
0.538600 0.000555
0.538800 0.000560
0.539000 0.000565
0.539200 0.000569
0.539400 0.000574
0.539600 0.000579
0.539800 0.000584
0.540000 0.000589
0.540200 0.000593
0.540400 0.000598
0.540600 0.000603
0.540800 0.000608
0.541000 0.000613
0.541200 0.000619
0.541400 0.000624
0.541600 0.000629
0.541800 0.000634
0.542000 0.000639
0.542200 0.000645
0.542400 0.000650
0.542600 0.000655
0.542800 0.000661
0.543000 0.000666
0.543200 0.000672
0.543400 0.000677
0.543600 0.000683
0.543800 0.000688
0.544000 0.000694
0.544200 0.000700
0.544400 0.000706
0.544600 0.000711
0.544800 0.000717
0.545000 0.000723
0.545200 0.000729
0.545400 0.000735
0.545600 0.000741
0.545800 0.000747
0.546000 0.000753
0.546200 0.000759
0.546400 0.000766
0.546600 0.000772
0.546800 0.000778
0.547000 0.000785
0.547200 0.000791
0.547400 0.000797
0.547600 0.000804
0.547800 0.000811
0.548000 0.000817
0.548200 0.000824
0.548400 0.000831
0.548600 0.000837
0.548800 0.000844
0.549000 0.000851
0.549200 0.000858
0.549400 0.000865
0.549600 0.000872
0.549800 0.000879
0.550000 0.000886
0.550200 0.000893
0.550400 0.000900
0.550600 0.000908
0.550800 0.000915
0.551000 0.000923
0.551200 0.000930
0.551400 0.000937
0.551600 0.000945
0.551800 0.000953
0.552000 0.000960
0.552200 0.000968
0.552400 0.000976
0.552600 0.000984
0.552800 0.000992
0.553000 0.001000
0.553200 0.001008
0.553400 0.001016
0.553600 0.001024
0.553800 0.001032
0.554000 0.001040
0.554200 0.001049
0.554400 0.001057
0.554600 0.001066
0.554800 0.001074
0.555000 0.001083
0.555200 0.001091
0.555400 0.001100
0.555600 0.001109
0.555800 0.001118
0.556000 0.001127
0.556200 0.001136
0.556400 0.001145
0.556600 0.001154
0.556800 0.001163
0.557000 0.001172
0.557200 0.001182
0.557400 0.001191
0.557600 0.001201
0.557800 0.001210
0.558000 0.001220
0.558200 0.001229
0.558400 0.001239
0.558600 0.001249
0.558800 0.001259
0.559000 0.001269
0.559200 0.001279
0.559400 0.001289
0.559600 0.001299
0.559800 0.001309
0.560000 0.001320
0.560200 0.001330
0.560400 0.001341
0.560600 0.001351
0.560800 0.001362
0.561000 0.001373
0.561200 0.001383
0.561400 0.001394
0.561600 0.001405
0.561800 0.001416
0.562000 0.001427
0.562200 0.001439
0.562400 0.001450
0.562600 0.001461
0.562800 0.001473
0.563000 0.001484
0.563200 0.001496
0.563400 0.001508
0.563600 0.001519
0.563800 0.001531
0.564000 0.001543
0.564200 0.001555
0.564400 0.001567
0.564600 0.001580
0.564800 0.001592
0.565000 0.001604
0.565200 0.001617
0.565400 0.001629
0.565600 0.001642
0.565800 0.001655
0.566000 0.001668
0.566200 0.001681
0.566400 0.001694
0.566600 0.001707
0.566800 0.001720
0.567000 0.001733
0.567200 0.001747
0.567400 0.001760
0.567600 0.001774
0.567800 0.001787
0.568000 0.001801
0.568200 0.001815
0.568400 0.001829
0.568600 0.001843
0.568800 0.001858
0.569000 0.001872
0.569200 0.001886
0.569400 0.001901
0.569600 0.001915
0.569800 0.001930
0.570000 0.001945
0.570200 0.001960
0.570400 0.001975
0.570600 0.001990
0.570800 0.002005
0.571000 0.002021
0.571200 0.002036
0.571400 0.002052
0.571600 0.002067
0.571800 0.002083
0.572000 0.002099
0.572200 0.002115
0.572400 0.002131
0.572600 0.002147
0.572800 0.002164
0.573000 0.002180
0.573200 0.002197
0.573400 0.002214
0.573600 0.002230
0.573800 0.002247
0.574000 0.002264
0.574200 0.002282
0.574400 0.002299
0.574600 0.002316
0.574800 0.002334
0.575000 0.002352
0.575200 0.002369
0.575400 0.002387
0.575600 0.002405
0.575800 0.002424
0.576000 0.002442
0.576200 0.002460
0.576400 0.002479
0.576600 0.002497
0.576800 0.002516
0.577000 0.002535
0.577200 0.002554
0.577400 0.002574
0.577600 0.002593
0.577800 0.002612
0.578000 0.002632
0.578200 0.002652
0.578400 0.002672
0.578600 0.002692
0.578800 0.002712
0.579000 0.002732
0.579200 0.002753
0.579400 0.002773
0.579600 0.002794
0.579800 0.002815
0.580000 0.002836
0.580200 0.002857
0.580400 0.002878
0.580600 0.002900
0.580800 0.002921
0.581000 0.002943
0.581200 0.002965
0.581400 0.002987
0.581600 0.003009
0.581800 0.003031
0.582000 0.003054
0.582200 0.003077
0.582400 0.003099
0.582600 0.003122
0.582800 0.003145
0.583000 0.003169
0.583200 0.003192
0.583400 0.003216
0.583600 0.003240
0.583800 0.003263
0.584000 0.003288
0.584200 0.003312
0.584400 0.003336
0.584600 0.003361
0.584800 0.003385
0.585000 0.003410
0.585200 0.003435
0.585400 0.003461
0.585600 0.003486
0.585800 0.003512
0.586000 0.003537
0.586200 0.003563
0.586400 0.003590
0.586600 0.003616
0.586800 0.003642
0.587000 0.003669
0.587200 0.003696
0.587400 0.003723
0.587600 0.003750
0.587800 0.003777
0.588000 0.003805
0.588200 0.003833
0.588400 0.003860
0.588600 0.003889
0.588800 0.003917
0.589000 0.003945
0.589200 0.003974
0.589400 0.004003
0.589600 0.004032
0.589800 0.004061
0.590000 0.004091
0.590200 0.004120
0.590400 0.004150
0.590600 0.004180
0.590800 0.004210
0.591000 0.004241
0.591200 0.004271
0.591400 0.004302
0.591600 0.004333
0.591800 0.004365
0.592000 0.004396
0.592200 0.004428
0.592400 0.004460
0.592600 0.004492
0.592800 0.004524
0.593000 0.004556
0.593200 0.004589
0.593400 0.004622
0.593600 0.004655
0.593800 0.004689
0.594000 0.004722
0.594200 0.004756
0.594400 0.004790
0.594600 0.004824
0.594800 0.004859
0.595000 0.004893
0.595200 0.004928
0.595400 0.004964
0.595600 0.004999
0.595800 0.005035
0.596000 0.005070
0.596200 0.005107
0.596400 0.005143
0.596600 0.005179
0.596800 0.005216
0.597000 0.005253
0.597200 0.005290
0.597400 0.005328
0.597600 0.005366
0.597800 0.005404
0.598000 0.005442
0.598200 0.005480
0.598400 0.005519
0.598600 0.005558
0.598800 0.005597
0.599000 0.005637
0.599200 0.005677
0.599400 0.005717
0.599600 0.005757
0.599800 0.005798
0.600000 0.005838
0.600200 0.005879
0.600400 0.005921
0.600600 0.005962
0.600800 0.006004
0.601000 0.006046
0.601200 0.006089
0.601400 0.006131
0.601600 0.006174
0.601800 0.006217
0.602000 0.006261
0.602200 0.006305
0.602400 0.006349
0.602600 0.006393
0.602800 0.006437
0.603000 0.006482
0.603200 0.006527
0.603400 0.006573
0.603600 0.006619
0.603800 0.006665
0.604000 0.006711
0.604200 0.006758
0.604400 0.006805
0.604600 0.006852
0.604800 0.006899
0.605000 0.006947
0.605200 0.006995
0.605400 0.007043
0.605600 0.007092
0.605800 0.007141
0.606000 0.007191
0.606200 0.007240
0.606400 0.007290
0.606600 0.007340
0.606800 0.007391
0.607000 0.007442
0.607200 0.007493
0.607400 0.007544
0.607600 0.007596
0.607800 0.007649
0.608000 0.007701
0.608200 0.007754
0.608400 0.007807
0.608600 0.007860
0.608800 0.007914
0.609000 0.007968
0.609200 0.008023
0.609400 0.008078
0.609600 0.008133
0.609800 0.008188
0.610000 0.008244
0.610200 0.008300
0.610400 0.008357
0.610600 0.008414
0.610800 0.008471
0.611000 0.008529
0.611200 0.008587
0.611400 0.008645
0.611600 0.008704
0.611800 0.008763
0.612000 0.008822
0.612200 0.008882
0.612400 0.008942
0.612600 0.009002
0.612800 0.009063
0.613000 0.009124
0.613200 0.009186
0.613400 0.009248
0.613600 0.009310
0.613800 0.009373
0.614000 0.009436
0.614200 0.009500
0.614400 0.009564
0.614600 0.009628
0.614800 0.009693
0.615000 0.009758
0.615200 0.009823
0.615400 0.009889
0.615600 0.009955
0.615800 0.010022
0.616000 0.010089
0.616200 0.010156
0.616400 0.010224
0.616600 0.010292
0.616800 0.010361
0.617000 0.010430
0.617200 0.010500
0.617400 0.010570
0.617600 0.010640
0.617800 0.010711
0.618000 0.010782
0.618200 0.010854
0.618400 0.010926
0.618600 0.010998
0.618800 0.011071
0.619000 0.011145
0.619200 0.011218
0.619400 0.011293
0.619600 0.011367
0.619800 0.011442
0.620000 0.011518
0.620200 0.011594
0.620400 0.011670
0.620600 0.011747
0.620800 0.011825
0.621000 0.011903
0.621200 0.011981
0.621400 0.012060
0.621600 0.012139
0.621800 0.012219
0.622000 0.012299
0.622200 0.012380
0.622400 0.012461
0.622600 0.012542
0.622800 0.012624
0.623000 0.012707
0.623200 0.012790
0.623400 0.012874
0.623600 0.012958
0.623800 0.013042
0.624000 0.013127
0.624200 0.013213
0.624400 0.013299
0.624600 0.013385
0.624800 0.013472
0.625000 0.013560
0.625200 0.013648
0.625400 0.013736
0.625600 0.013825
0.625800 0.013915
0.626000 0.014005
0.626200 0.014096
0.626400 0.014187
0.626600 0.014279
0.626800 0.014371
0.627000 0.014464
0.627200 0.014557
0.627400 0.014651
0.627600 0.014745
0.627800 0.014840
0.628000 0.014936
0.628200 0.015032
0.628400 0.015128
0.628600 0.015225
0.628800 0.015323
0.629000 0.015421
0.629200 0.015520
0.629400 0.015619
0.629600 0.015719
0.629800 0.015820
0.630000 0.015921
0.630200 0.016023
0.630400 0.016125
0.630600 0.016228
0.630800 0.016331
0.631000 0.016435
0.631200 0.016540
0.631400 0.016645
0.631600 0.016751
0.631800 0.016857
0.632000 0.016964
0.632200 0.017072
0.632400 0.017180
0.632600 0.017289
0.632800 0.017398
0.633000 0.017508
0.633200 0.017619
0.633400 0.017730
0.633600 0.017842
0.633800 0.017955
0.634000 0.018068
0.634200 0.018182
0.634400 0.018296
0.634600 0.018411
0.634800 0.018527
0.635000 0.018644
0.635200 0.018761
0.635400 0.018878
0.635600 0.018997
0.635800 0.019116
0.636000 0.019235
0.636200 0.019356
0.636400 0.019477
0.636600 0.019598
0.636800 0.019721
0.637000 0.019844
0.637200 0.019968
0.637400 0.020092
0.637600 0.020217
0.637800 0.020343
0.638000 0.020470
0.638200 0.020597
0.638400 0.020725
0.638600 0.020853
0.638800 0.020983
0.639000 0.021113
0.639200 0.021243
0.639400 0.021375
0.639600 0.021507
0.639800 0.021640
0.640000 0.021774
0.640200 0.021908
0.640400 0.022043
0.640600 0.022179
0.640800 0.022316
0.641000 0.022453
0.641200 0.022591
0.641400 0.022730
0.641600 0.022869
0.641800 0.023010
0.642000 0.023151
0.642200 0.023293
0.642400 0.023435
0.642600 0.023579
0.642800 0.023723
0.643000 0.023868
0.643200 0.024014
0.643400 0.024160
0.643600 0.024308
0.643800 0.024456
0.644000 0.024605
0.644200 0.024755
0.644400 0.024905
0.644600 0.025056
0.644800 0.025209
0.645000 0.025362
0.645200 0.025515
0.645400 0.025670
0.645600 0.025826
0.645800 0.025982
0.646000 0.026139
0.646200 0.026297
0.646400 0.026456
0.646600 0.026615
0.646800 0.026776
0.647000 0.026937
0.647200 0.027100
0.647400 0.027263
0.647600 0.027427
0.647800 0.027591
0.648000 0.027757
0.648200 0.027924
0.648400 0.028091
0.648600 0.028259
0.648800 0.028429
0.649000 0.028599
0.649200 0.028770
0.649400 0.028942
0.649600 0.029115
0.649800 0.029288
0.650000 0.029463
0.650200 0.029639
0.650400 0.029815
0.650600 0.029992
0.650800 0.030171
0.651000 0.030350
0.651200 0.030530
0.651400 0.030711
0.651600 0.030894
0.651800 0.031077
0.652000 0.031261
0.652200 0.031446
0.652400 0.031632
0.652600 0.031819
0.652800 0.032006
0.653000 0.032195
0.653200 0.032385
0.653400 0.032576
0.653600 0.032768
0.653800 0.032961
0.654000 0.033154
0.654200 0.033349
0.654400 0.033545
0.654600 0.033742
0.654800 0.033940
0.655000 0.034139
0.655200 0.034339
0.655400 0.034540
0.655600 0.034742
0.655800 0.034945
0.656000 0.035149
0.656200 0.035354
0.656400 0.035560
0.656600 0.035767
0.656800 0.035976
0.657000 0.036185
0.657200 0.036395
0.657400 0.036607
0.657600 0.036820
0.657800 0.037033
0.658000 0.037248
0.658200 0.037464
0.658400 0.037681
0.658600 0.037899
0.658800 0.038119
0.659000 0.038339
0.659200 0.038561
0.659400 0.038783
0.659600 0.039007
0.659800 0.039232
0.660000 0.039458
0.660200 0.039685
0.660400 0.039914
0.660600 0.040144
0.660800 0.040374
0.661000 0.040606
0.661200 0.040840
0.661400 0.041074
0.661600 0.041309
0.661800 0.041546
0.662000 0.041784
0.662200 0.042023
0.662400 0.042264
0.662600 0.042506
0.662800 0.042749
0.663000 0.042993
0.663200 0.043238
0.663400 0.043485
0.663600 0.043733
0.663800 0.043982
0.664000 0.044233
0.664200 0.044485
0.664400 0.044738
0.664600 0.044992
0.664800 0.045248
0.665000 0.045505
0.665200 0.045763
0.665400 0.046023
0.665600 0.046284
0.665800 0.046547
0.666000 0.046811
0.666200 0.047076
0.666400 0.047343
0.666600 0.047611
0.666800 0.047880
0.667000 0.048151
0.667200 0.048423
0.667400 0.048697
0.667600 0.048972
0.667800 0.049249
0.668000 0.049527
0.668200 0.049807
0.668400 0.050088
0.668600 0.050371
0.668800 0.050655
0.669000 0.050940
0.669200 0.051228
0.669400 0.051516
0.669600 0.051807
0.669800 0.052099
0.670000 0.052392
0.670200 0.052687
0.670400 0.052984
0.670600 0.053282
0.670800 0.053582
0.671000 0.053884
0.671200 0.054187
0.671400 0.054493
0.671600 0.054799
0.671800 0.055108
0.672000 0.055418
0.672200 0.055730
0.672400 0.056044
0.672600 0.056360
0.672800 0.056677
0.673000 0.056996
0.673200 0.057318
0.673400 0.057641
0.673600 0.057966
0.673800 0.058292
0.674000 0.058621
0.674200 0.058952
0.674400 0.059285
0.674600 0.059620
0.674800 0.059956
0.675000 0.060295
0.675200 0.060636
0.675400 0.060979
0.675600 0.061325
0.675800 0.061672
0.676000 0.062022
0.676200 0.062374
0.676400 0.062728
0.676600 0.063084
0.676800 0.063443
0.677000 0.063804
0.677200 0.064167
0.677400 0.064533
0.677600 0.064901
0.677800 0.065272
0.678000 0.065645
0.678200 0.066021
0.678400 0.066400
0.678600 0.066781
0.678800 0.067165
0.679000 0.067551
0.679200 0.067940
0.679400 0.068332
0.679600 0.068727
0.679800 0.069125
0.680000 0.069526
0.680200 0.069930
0.680400 0.070336
0.680600 0.070746
0.680800 0.071159
0.681000 0.071576
0.681200 0.071995
0.681400 0.072418
0.681600 0.072844
0.681800 0.073274
0.682000 0.073707
0.682200 0.074144
0.682400 0.074584
0.682600 0.075028
0.682800 0.075476
0.683000 0.075927
0.683200 0.076383
0.683400 0.076842
0.683600 0.077306
0.683800 0.077773
0.684000 0.078245
0.684200 0.078721
0.684400 0.079202
0.684600 0.079686
0.684800 0.080176
0.685000 0.080670
0.685200 0.081169
0.685400 0.081672
0.685600 0.082181
0.685800 0.082695
0.686000 0.083213
0.686200 0.083737
0.686400 0.084266
0.686600 0.084801
0.686800 0.085341
0.687000 0.085887
0.687200 0.086439
0.687400 0.086997
0.687600 0.087560
0.687800 0.088130
0.688000 0.088706
0.688200 0.089289
0.688400 0.089878
0.688600 0.090473
0.688800 0.091076
0.689000 0.091685
0.689200 0.092302
0.689400 0.092926
0.689600 0.093558
0.689800 0.094197
0.690000 0.094843
0.690200 0.095498
0.690400 0.096161
0.690600 0.096832
0.690800 0.097512
0.691000 0.098200
0.691200 0.098897
0.691400 0.099603
0.691600 0.100319
0.691800 0.101044
0.692000 0.101778
0.692200 0.102522
0.692400 0.103277
0.692600 0.104041
0.692800 0.104817
0.693000 0.105603
0.693200 0.106399
0.693400 0.107208
0.693600 0.108027
0.693800 0.108858
0.694000 0.109702
0.694200 0.110557
0.694400 0.111425
0.694600 0.112306
0.694800 0.113200
0.695000 0.114107
0.695200 0.115027
0.695400 0.115962
0.695600 0.116911
0.695800 0.117874
0.696000 0.118853
0.696200 0.119846
0.696400 0.120855
0.696600 0.121880
0.696800 0.122920
0.697000 0.123978
0.697200 0.125052
0.697400 0.126143
0.697600 0.127252
0.697800 0.128379
0.698000 0.129525
0.698200 0.130689
0.698400 0.131872
0.698600 0.133075
0.698800 0.134297
0.699000 0.135540
0.699200 0.136804
0.699400 0.138089
0.699600 0.139395
0.699800 0.140724
0.700000 0.142075
0.700200 0.143450
0.700400 0.144848
0.700600 0.146269
0.700800 0.147716
0.701000 0.149187
0.701200 0.150684
0.701400 0.152206
0.701600 0.153755
0.701800 0.155332
0.702000 0.156936
0.702200 0.158567
0.702400 0.160228
0.702600 0.161918
0.702800 0.163638
0.703000 0.165388
0.703200 0.167169
0.703400 0.168982
0.703600 0.170827
0.703800 0.172705
0.704000 0.174616
0.704200 0.176562
0.704400 0.178542
0.704600 0.180558
0.704800 0.182609
0.705000 0.184698
0.705200 0.186824
0.705400 0.188988
0.705600 0.191191
0.705800 0.193434
0.706000 0.195717
0.706200 0.198041
0.706400 0.200407
0.706600 0.202815
0.706800 0.205267
0.707000 0.207763
0.707200 0.210304
0.707400 0.212890
0.707600 0.215523
0.707800 0.218203
0.708000 0.220931
0.708200 0.223709
0.708400 0.226536
0.708600 0.229414
0.708800 0.232343
0.709000 0.235324
0.709200 0.238359
0.709400 0.241448
0.709600 0.244592
0.709800 0.247793
0.710000 0.251050
0.710200 0.254364
0.710400 0.257738
0.710600 0.261171
0.710800 0.264665
0.711000 0.268220
0.711200 0.271839
0.711400 0.275520
0.711600 0.279266
0.711800 0.283078
0.712000 0.286957
0.712200 0.290902
0.712400 0.294917
0.712600 0.299001
0.712800 0.303156
0.713000 0.307382
0.713200 0.311682
0.713400 0.316055
0.713600 0.320503
0.713800 0.325027
0.714000 0.329628
0.714200 0.334307
0.714400 0.339065
0.714600 0.343904
0.714800 0.348824
0.715000 0.353826
0.715200 0.358913
0.715400 0.364083
0.715600 0.369340
0.715800 0.374684
0.716000 0.380116
0.716200 0.385638
0.716400 0.391249
0.716600 0.396953
0.716800 0.402749
0.717000 0.408639
0.717200 0.414624
0.717400 0.420705
0.717600 0.426883
0.717800 0.433160
0.718000 0.439537
0.718200 0.446014
0.718400 0.452594
0.718600 0.459276
0.718800 0.466063
0.719000 0.472955
0.719200 0.479954
0.719400 0.487060
0.719600 0.494276
0.719800 0.501601
0.720000 0.509038
0.720200 0.516587
0.720400 0.524250
0.720600 0.532027
0.720800 0.539920
0.721000 0.547930
0.721200 0.556058
0.721400 0.564305
0.721600 0.572672
0.721800 0.581160
0.722000 0.589771
0.722200 0.598506
0.722400 0.607365
0.722600 0.616349
0.722800 0.625461
0.723000 0.634700
0.723200 0.644068
0.723400 0.653565
0.723600 0.663194
0.723800 0.672954
0.724000 0.682847
0.724200 0.692874
0.724400 0.703036
0.724600 0.713334
0.724800 0.723768
0.725000 0.734339
0.725200 0.745049
0.725400 0.755898
0.725600 0.766888
0.725800 0.778018
0.726000 0.789290
0.726200 0.800705
0.726400 0.812264
0.726600 0.823966
0.726800 0.835814
0.727000 0.847807
0.727200 0.859946
0.727400 0.872232
0.727600 0.884667
0.727800 0.897249
0.728000 0.909980
0.728200 0.922861
0.728400 0.935892
0.728600 0.949073
0.728800 0.962405
0.729000 0.975889
0.729200 0.989525
0.729400 1.003313
0.729600 1.017253
0.729800 1.031347
0.730000 1.045594
0.730200 1.059995
0.730400 1.074549
0.730600 1.089258
0.730800 1.104121
0.731000 1.119138
0.731200 1.134310
0.731400 1.149636
0.731600 1.165117
0.731800 1.180752
0.732000 1.196542
0.732200 1.212487
0.732400 1.228586
0.732600 1.244839
0.732800 1.261246
0.733000 1.277807
0.733200 1.294522
0.733400 1.311389
0.733600 1.328410
0.733800 1.345583
0.734000 1.362908
0.734200 1.380384
0.734400 1.398011
0.734600 1.415789
0.734800 1.433716
0.735000 1.451793
0.735200 1.470017
0.735400 1.488390
0.735600 1.506909
0.735800 1.525574
0.736000 1.544384
0.736200 1.563338
0.736400 1.582435
0.736600 1.601674
0.736800 1.621054
0.737000 1.640573
0.737200 1.660232
0.737400 1.680027
0.737600 1.699959
0.737800 1.720025
0.738000 1.740224
0.738200 1.760555
0.738400 1.781017
0.738600 1.801607
0.738800 1.822325
0.739000 1.843168
0.739200 1.864134
0.739400 1.885223
0.739600 1.906432
0.739800 1.927759
0.740000 1.949203
0.740200 1.970761
0.740400 1.992432
0.740600 2.014213
0.740800 2.036102
0.741000 2.058097
0.741200 2.080197
0.741400 2.102398
0.741600 2.124698
0.741800 2.147095
0.742000 2.169586
0.742200 2.192170
0.742400 2.214843
0.742600 2.237603
0.742800 2.260447
0.743000 2.283372
0.743200 2.306377
0.743400 2.329457
0.743600 2.352611
0.743800 2.375835
0.744000 2.399127
0.744200 2.422483
0.744400 2.445901
0.744600 2.469377
0.744800 2.492908
0.745000 2.516492
0.745200 2.540124
0.745400 2.563802
0.745600 2.587523
0.745800 2.611283
0.746000 2.635078
0.746200 2.658906
0.746400 2.682763
0.746600 2.706645
0.746800 2.730549
0.747000 2.754471
0.747200 2.778408
0.747400 2.802356
0.747600 2.826311
0.747800 2.850271
0.748000 2.874230
0.748200 2.898185
0.748400 2.922132
0.748600 2.946068
0.748800 2.969989
0.749000 2.993890
0.749200 3.017768
0.749400 3.041619
0.749600 3.065439
0.749800 3.089224
0.750000 3.112969
0.750200 3.136672
0.750400 3.160327
0.750600 3.183930
0.750800 3.207478
0.751000 3.230967
0.751200 3.254392
0.751400 3.277748
0.751600 3.301033
0.751800 3.324241
0.752000 3.347369
0.752200 3.370412
0.752400 3.393366
0.752600 3.416227
0.752800 3.438991
0.753000 3.461653
0.753200 3.484209
0.753400 3.506655
0.753600 3.528986
0.753800 3.551199
0.754000 3.573289
0.754200 3.595252
0.754400 3.617084
0.754600 3.638780
0.754800 3.660336
0.755000 3.681748
0.755200 3.703013
0.755400 3.724124
0.755600 3.745079
0.755800 3.765874
0.756000 3.786503
0.756200 3.806964
0.756400 3.827251
0.756600 3.847361
0.756800 3.867291
0.757000 3.887034
0.757200 3.906589
0.757400 3.925950
0.757600 3.945114
0.757800 3.964076
0.758000 3.982834
0.758200 4.001383
0.758400 4.019719
0.758600 4.037838
0.758800 4.055737
0.759000 4.073412
0.759200 4.090859
0.759400 4.108075
0.759600 4.125056
0.759800 4.141798
0.760000 4.158298
0.760200 4.174553
0.760400 4.190558
0.760600 4.206312
0.760800 4.221810
0.761000 4.237049
0.761200 4.252025
0.761400 4.266737
0.761600 4.281180
0.761800 4.295352
0.762000 4.309249
0.762200 4.322869
0.762400 4.336209
0.762600 4.349265
0.762800 4.362036
0.763000 4.374519
0.763200 4.386710
0.763400 4.398608
0.763600 4.410210
0.763800 4.421513
0.764000 4.432515
0.764200 4.443214
0.764400 4.453608
0.764600 4.463694
0.764800 4.473470
0.765000 4.482935
0.765200 4.492086
0.765400 4.500922
0.765600 4.509441
0.765800 4.517641
0.766000 4.525521
0.766200 4.533078
0.766400 4.540312
0.766600 4.547221
0.766800 4.553804
0.767000 4.560060
0.767200 4.565987
0.767400 4.571584
0.767600 4.576851
0.767800 4.581786
0.768000 4.586389
0.768200 4.590659
0.768400 4.594595
0.768600 4.598197
0.768800 4.601464
0.769000 4.604396
0.769200 4.606992
0.769400 4.609253
0.769600 4.611178
0.769800 4.612766
0.770000 4.614019
0.770200 4.614935
0.770400 4.615516
0.770600 4.615761
0.770800 4.615672
0.771000 4.615247
0.771200 4.614488
0.771400 4.613396
0.771600 4.611971
0.771800 4.610213
0.772000 4.608124
0.772200 4.605705
0.772400 4.602956
0.772600 4.599879
0.772800 4.596475
0.773000 4.592745
0.773200 4.588690
0.773400 4.584312
0.773600 4.579612
0.773800 4.574592
0.774000 4.569253
0.774200 4.563597
0.774400 4.557627
0.774600 4.551343
0.774800 4.544748
0.775000 4.537844
0.775200 4.530632
0.775400 4.523115
0.775600 4.515296
0.775800 4.507176
0.776000 4.498758
0.776200 4.490044
0.776400 4.481038
0.776600 4.471740
0.776800 4.462154
0.777000 4.452283
0.777200 4.442130
0.777400 4.431697
0.777600 4.420986
0.777800 4.410002
0.778000 4.398747
0.778200 4.387224
0.778400 4.375437
0.778600 4.363388
0.778800 4.351080
0.779000 4.338517
0.779200 4.325703
0.779400 4.312640
0.779600 4.299332
0.779800 4.285783
0.780000 4.271995
0.780200 4.257974
0.780400 4.243721
0.780600 4.229241
0.780800 4.214538
0.781000 4.199615
0.781200 4.184476
0.781400 4.169125
0.781600 4.153565
0.781800 4.137801
0.782000 4.121837
0.782200 4.105676
0.782400 4.089322
0.782600 4.072779
0.782800 4.056052
0.783000 4.039144
0.783200 4.022059
0.783400 4.004802
0.783600 3.987377
0.783800 3.969787
0.784000 3.952037
0.784200 3.934132
0.784400 3.916074
0.784600 3.897869
0.784800 3.879520
0.785000 3.861032
0.785200 3.842410
0.785400 3.823656
0.785600 3.804776
0.785800 3.785774
0.786000 3.766654
0.786200 3.747419
0.786400 3.728076
0.786600 3.708627
0.786800 3.689076
0.787000 3.669429
0.787200 3.649690
0.787400 3.629862
0.787600 3.609949
0.787800 3.589957
0.788000 3.569889
0.788200 3.549749
0.788400 3.529542
0.788600 3.509271
0.788800 3.488942
0.789000 3.468557
0.789200 3.448121
0.789400 3.427639
0.789600 3.407114
0.789800 3.386550
0.790000 3.365951
0.790200 3.345321
0.790400 3.324665
0.790600 3.303986
0.790800 3.283288
0.791000 3.262575
0.791200 3.241851
0.791400 3.221119
0.791600 3.200384
0.791800 3.179649
0.792000 3.158918
0.792200 3.138195
0.792400 3.117483
0.792600 3.096786
0.792800 3.076108
0.793000 3.055451
0.793200 3.034821
0.793400 3.014219
0.793600 2.993650
0.793800 2.973117
0.794000 2.952623
0.794200 2.932171
0.794400 2.911765
0.794600 2.891409
0.794800 2.871105
0.795000 2.850856
0.795200 2.830665
0.795400 2.810536
0.795600 2.790471
0.795800 2.770474
0.796000 2.750548
0.796200 2.730694
0.796400 2.710917
0.796600 2.691218
0.796800 2.671601
0.797000 2.652068
0.797200 2.632621
0.797400 2.613264
0.797600 2.593999
0.797800 2.574828
0.798000 2.555754
0.798200 2.536779
0.798400 2.517905
0.798600 2.499135
0.798800 2.480470
0.799000 2.461914
0.799200 2.443467
0.799400 2.425133
0.799600 2.406913
0.799800 2.388809
0.800000 2.370823
0.800200 2.352957
0.800400 2.335212
0.800600 2.317591
0.800800 2.300095
0.801000 2.282725
0.801200 2.265484
0.801400 2.248372
0.801600 2.231392
0.801800 2.214544
0.802000 2.197831
0.802200 2.181253
0.802400 2.164811
0.802600 2.148508
0.802800 2.132343
0.803000 2.116319
0.803200 2.100436
0.803400 2.084696
0.803600 2.069098
0.803800 2.053645
0.804000 2.038338
0.804200 2.023176
0.804400 2.008161
0.804600 1.993293
0.804800 1.978574
0.805000 1.964003
0.805200 1.949582
0.805400 1.935312
0.805600 1.921191
0.805800 1.907222
0.806000 1.893404
0.806200 1.879738
0.806400 1.866224
0.806600 1.852863
0.806800 1.839654
0.807000 1.826599
0.807200 1.813696
0.807400 1.800947
0.807600 1.788352
0.807800 1.775910
0.808000 1.763621
0.808200 1.751486
0.808400 1.739504
0.808600 1.727675
0.808800 1.716000
0.809000 1.704478
0.809200 1.693108
0.809400 1.681892
0.809600 1.670827
0.809800 1.659915
0.810000 1.649154
0.810200 1.638545
0.810400 1.628087
0.810600 1.617780
0.810800 1.607622
0.811000 1.597614
0.811200 1.587756
0.811400 1.578045
0.811600 1.568483
0.811800 1.559069
0.812000 1.549801
0.812200 1.540680
0.812400 1.531704
0.812600 1.522873
0.812800 1.514186
0.813000 1.505642
0.813200 1.497241
0.813400 1.488982
0.813600 1.480864
0.813800 1.472887
0.814000 1.465048
0.814200 1.457349
0.814400 1.449786
0.814600 1.442361
0.814800 1.435072
0.815000 1.427918
0.815200 1.420897
0.815400 1.414010
0.815600 1.407255
0.815800 1.400630
0.816000 1.394136
0.816200 1.387772
0.816400 1.381535
0.816600 1.375425
0.816800 1.369441
0.817000 1.363582
0.817200 1.357847
0.817400 1.352234
0.817600 1.346744
0.817800 1.341374
0.818000 1.336123
0.818200 1.330991
0.818400 1.325975
0.818600 1.321077
0.818800 1.316293
0.819000 1.311622
0.819200 1.307065
0.819400 1.302619
0.819600 1.298284
0.819800 1.294057
0.820000 1.289939
0.820200 1.285928
0.820400 1.282022
0.820600 1.278222
0.820800 1.274524
0.821000 1.270929
0.821200 1.267435
0.821400 1.264040
0.821600 1.260745
0.821800 1.257547
0.822000 1.254445
0.822200 1.251439
0.822400 1.248527
0.822600 1.245707
0.822800 1.242980
0.823000 1.240342
0.823200 1.237795
0.823400 1.235335
0.823600 1.232963
0.823800 1.230677
0.824000 1.228475
0.824200 1.226357
0.824400 1.224322
0.824600 1.222368
0.824800 1.220494
0.825000 1.218700
0.825200 1.216983
0.825400 1.215344
0.825600 1.213780
0.825800 1.212291
0.826000 1.210876
0.826200 1.209533
0.826400 1.208262
0.826600 1.207061
0.826800 1.205929
0.827000 1.204866
0.827200 1.203870
0.827400 1.202940
0.827600 1.202076
0.827800 1.201275
0.828000 1.200538
0.828200 1.199863
0.828400 1.199248
0.828600 1.198695
0.828800 1.198200
0.829000 1.197763
0.829200 1.197384
0.829400 1.197060
0.829600 1.196792
0.829800 1.196579
0.830000 1.196419
0.830200 1.196311
0.830400 1.196255
0.830600 1.196250
0.830800 1.196294
0.831000 1.196388
0.831200 1.196529
0.831400 1.196718
0.831600 1.196953
0.831800 1.197233
0.832000 1.197558
0.832200 1.197927
0.832400 1.198339
0.832600 1.198793
0.832800 1.199288
0.833000 1.199825
0.833200 1.200400
0.833400 1.201015
0.833600 1.201669
0.833800 1.202360
0.834000 1.203087
0.834200 1.203851
0.834400 1.204650
0.834600 1.205484
0.834800 1.206352
0.835000 1.207253
0.835200 1.208187
0.835400 1.209152
0.835600 1.210149
0.835800 1.211177
0.836000 1.212234
0.836200 1.213321
0.836400 1.214436
0.836600 1.215580
0.836800 1.216751
0.837000 1.217949
0.837200 1.219173
0.837400 1.220423
0.837600 1.221698
0.837800 1.222997
0.838000 1.224321
0.838200 1.225668
0.838400 1.227038
0.838600 1.228431
0.838800 1.229845
0.839000 1.231281
0.839200 1.232737
0.839400 1.234214
0.839600 1.235711
0.839800 1.237228
0.840000 1.238763
0.840200 1.240317
0.840400 1.241889
0.840600 1.243478
0.840800 1.245085
0.841000 1.246708
0.841200 1.248348
0.841400 1.250003
0.841600 1.251674
0.841800 1.253360
0.842000 1.255061
0.842200 1.256776
0.842400 1.258505
0.842600 1.260247
0.842800 1.262003
0.843000 1.263771
0.843200 1.265552
0.843400 1.267345
0.843600 1.269150
0.843800 1.270966
0.844000 1.272793
0.844200 1.274631
0.844400 1.276480
0.844600 1.278339
0.844800 1.280207
0.845000 1.282085
0.845200 1.283973
0.845400 1.285869
0.845600 1.287774
0.845800 1.289687
0.846000 1.291609
0.846200 1.293538
0.846400 1.295475
0.846600 1.297420
0.846800 1.299371
0.847000 1.301330
0.847200 1.303295
0.847400 1.305266
0.847600 1.307244
0.847800 1.309227
0.848000 1.311216
0.848200 1.313211
0.848400 1.315211
0.848600 1.317216
0.848800 1.319226
0.849000 1.321241
0.849200 1.323260
0.849400 1.325283
0.849600 1.327311
0.849800 1.329342
0.850000 1.331378
0.850200 1.333416
0.850400 1.335459
0.850600 1.337504
0.850800 1.339552
0.851000 1.341604
0.851200 1.343658
0.851400 1.345714
0.851600 1.347773
0.851800 1.349835
0.852000 1.351898
0.852200 1.353963
0.852400 1.356031
0.852600 1.358100
0.852800 1.360170
0.853000 1.362242
0.853200 1.364316
0.853400 1.366390
0.853600 1.368466
0.853800 1.370542
0.854000 1.372620
0.854200 1.374698
0.854400 1.376777
0.854600 1.378856
0.854800 1.380935
0.855000 1.383015
0.855200 1.385095
0.855400 1.387175
0.855600 1.389255
0.855800 1.391335
0.856000 1.393415
0.856200 1.395495
0.856400 1.397574
0.856600 1.399652
0.856800 1.401730
0.857000 1.403807
0.857200 1.405884
0.857400 1.407959
0.857600 1.410034
0.857800 1.412108
0.858000 1.414181
0.858200 1.416252
0.858400 1.418322
0.858600 1.420391
0.858800 1.422459
0.859000 1.424525
0.859200 1.426590
0.859400 1.428653
0.859600 1.430714
0.859800 1.432774
0.860000 1.434832
0.860200 1.436888
0.860400 1.438942
0.860600 1.440994
0.860800 1.443045
0.861000 1.445093
0.861200 1.447139
0.861400 1.449183
0.861600 1.451224
0.861800 1.453264
0.862000 1.455300
0.862200 1.457335
0.862400 1.459367
0.862600 1.461397
0.862800 1.463424
0.863000 1.465448
0.863200 1.467470
0.863400 1.469489
0.863600 1.471505
0.863800 1.473518
0.864000 1.475529
0.864200 1.477537
0.864400 1.479542
0.864600 1.481544
0.864800 1.483543
0.865000 1.485538
0.865200 1.487531
0.865400 1.489521
0.865600 1.491507
0.865800 1.493490
0.866000 1.495470
0.866200 1.497447
0.866400 1.499420
0.866600 1.501390
0.866800 1.503357
0.867000 1.505320
0.867200 1.507280
0.867400 1.509236
0.867600 1.511189
0.867800 1.513138
0.868000 1.515083
0.868200 1.517025
0.868400 1.518963
0.868600 1.520898
0.868800 1.522829
0.869000 1.524756
0.869200 1.526679
0.869400 1.528598
0.869600 1.530514
0.869800 1.532425
0.870000 1.534333
0.870200 1.536237
0.870400 1.538136
0.870600 1.540032
0.870800 1.541924
0.871000 1.543812
0.871200 1.545695
0.871400 1.547575
0.871600 1.549450
0.871800 1.551321
0.872000 1.553188
0.872200 1.555051
0.872400 1.556909
0.872600 1.558763
0.872800 1.560613
0.873000 1.562458
0.873200 1.564300
0.873400 1.566136
0.873600 1.567969
0.873800 1.569797
0.874000 1.571620
0.874200 1.573439
0.874400 1.575253
0.874600 1.577063
0.874800 1.578869
0.875000 1.580669
0.875200 1.582465
0.875400 1.584257
0.875600 1.586044
0.875800 1.587826
0.876000 1.589603
0.876200 1.591376
0.876400 1.593144
0.876600 1.594907
0.876800 1.596666
0.877000 1.598419
0.877200 1.600168
0.877400 1.601912
0.877600 1.603651
0.877800 1.605385
0.878000 1.607114
0.878200 1.608839
0.878400 1.610558
0.878600 1.612272
0.878800 1.613981
0.879000 1.615686
0.879200 1.617385
0.879400 1.619079
0.879600 1.620768
0.879800 1.622452
0.880000 1.624130
0.880200 1.625804
0.880400 1.627472
0.880600 1.629135
0.880800 1.630793
0.881000 1.632446
0.881200 1.634093
0.881400 1.635735
0.881600 1.637372
0.881800 1.639004
0.882000 1.640630
0.882200 1.642251
0.882400 1.643866
0.882600 1.645476
0.882800 1.647081
0.883000 1.648680
0.883200 1.650273
0.883400 1.651861
0.883600 1.653444
0.883800 1.655021
0.884000 1.656593
0.884200 1.658159
0.884400 1.659719
0.884600 1.661274
0.884800 1.662823
0.885000 1.664367
0.885200 1.665905
0.885400 1.667437
0.885600 1.668964
0.885800 1.670485
0.886000 1.672000
0.886200 1.673509
0.886400 1.675013
0.886600 1.676511
0.886800 1.678003
0.887000 1.679489
0.887200 1.680969
0.887400 1.682444
0.887600 1.683913
0.887800 1.685375
0.888000 1.686832
0.888200 1.688283
0.888400 1.689728
0.888600 1.691167
0.888800 1.692600
0.889000 1.694027
0.889200 1.695449
0.889400 1.696864
0.889600 1.698273
0.889800 1.699676
0.890000 1.701072
0.890200 1.702463
0.890400 1.703848
0.890600 1.705226
0.890800 1.706599
0.891000 1.707965
0.891200 1.709325
0.891400 1.710679
0.891600 1.712027
0.891800 1.713368
0.892000 1.714704
0.892200 1.716033
0.892400 1.717355
0.892600 1.718672
0.892800 1.719982
0.893000 1.721286
0.893200 1.722583
0.893400 1.723874
0.893600 1.725159
0.893800 1.726437
0.894000 1.727709
0.894200 1.728975
0.894400 1.730234
0.894600 1.731487
0.894800 1.732733
0.895000 1.733973
0.895200 1.735206
0.895400 1.736433
0.895600 1.737654
0.895800 1.738868
0.896000 1.740075
0.896200 1.741276
0.896400 1.742470
0.896600 1.743658
0.896800 1.744839
0.897000 1.746013
0.897200 1.747181
0.897400 1.748342
0.897600 1.749497
0.897800 1.750645
0.898000 1.751786
0.898200 1.752920
0.898400 1.754048
0.898600 1.755170
0.898800 1.756284
0.899000 1.757392
0.899200 1.758493
0.899400 1.759587
0.899600 1.760674
0.899800 1.761755
0.900000 1.762829
0.900200 1.763896
0.900400 1.764956
0.900600 1.766010
0.900800 1.767057
0.901000 1.768096
0.901200 1.769129
0.901400 1.770155
0.901600 1.771175
0.901800 1.772187
0.902000 1.773192
0.902200 1.774191
0.902400 1.775182
0.902600 1.776167
0.902800 1.777145
0.903000 1.778115
0.903200 1.779079
0.903400 1.780036
0.903600 1.780986
0.903800 1.781929
0.904000 1.782864
0.904200 1.783793
0.904400 1.784715
0.904600 1.785630
0.904800 1.786538
0.905000 1.787438
0.905200 1.788332
0.905400 1.789219
0.905600 1.790098
0.905800 1.790971
0.906000 1.791836
0.906200 1.792694
0.906400 1.793545
0.906600 1.794389
0.906800 1.795226
0.907000 1.796056
0.907200 1.796879
0.907400 1.797695
0.907600 1.798503
0.907800 1.799304
0.908000 1.800098
0.908200 1.800885
0.908400 1.801665
0.908600 1.802438
0.908800 1.803203
0.909000 1.803961
0.909200 1.804713
0.909400 1.805456
0.909600 1.806193
0.909800 1.806923
0.910000 1.807645
0.910200 1.808360
0.910400 1.809068
0.910600 1.809768
0.910800 1.810462
0.911000 1.811148
0.911200 1.811827
0.911400 1.812498
0.911600 1.813163
0.911800 1.813820
0.912000 1.814470
0.912200 1.815113
0.912400 1.815748
0.912600 1.816376
0.912800 1.816997
0.913000 1.817611
0.913200 1.818217
0.913400 1.818816
0.913600 1.819408
0.913800 1.819993
0.914000 1.820570
0.914200 1.821140
0.914400 1.821703
0.914600 1.822259
0.914800 1.822807
0.915000 1.823348
0.915200 1.823882
0.915400 1.824408
0.915600 1.824927
0.915800 1.825439
0.916000 1.825944
0.916200 1.826441
0.916400 1.826931
0.916600 1.827414
0.916800 1.827890
0.917000 1.828358
0.917200 1.828820
0.917400 1.829273
0.917600 1.829720
0.917800 1.830159
0.918000 1.830592
0.918200 1.831017
0.918400 1.831434
0.918600 1.831845
0.918800 1.832248
0.919000 1.832644
0.919200 1.833033
0.919400 1.833415
0.919600 1.833789
0.919800 1.834156
0.920000 1.834516
0.920200 1.834869
0.920400 1.835215
0.920600 1.835553
0.920800 1.835885
0.921000 1.836209
0.921200 1.836526
0.921400 1.836836
0.921600 1.837139
0.921800 1.837435
0.922000 1.837723
0.922200 1.838005
0.922400 1.838279
0.922600 1.838546
0.922800 1.838807
0.923000 1.839060
0.923200 1.839306
0.923400 1.839545
0.923600 1.839777
0.923800 1.840002
0.924000 1.840221
0.924200 1.840432
0.924400 1.840636
0.924600 1.840833
0.924800 1.841023
0.925000 1.841207
0.925200 1.841383
0.925400 1.841553
0.925600 1.841715
0.925800 1.841871
0.926000 1.842020
0.926200 1.842162
0.926400 1.842297
0.926600 1.842426
0.926800 1.842547
0.927000 1.842662
0.927200 1.842770
0.927400 1.842872
0.927600 1.842966
0.927800 1.843054
0.928000 1.843136
0.928200 1.843210
0.928400 1.843278
0.928600 1.843340
0.928800 1.843395
0.929000 1.843443
0.929200 1.843485
0.929400 1.843520
0.929600 1.843549
0.929800 1.843571
0.930000 1.843587
0.930200 1.843596
0.930400 1.843599
0.930600 1.843596
0.930800 1.843586
0.931000 1.843570
0.931200 1.843547
0.931400 1.843519
0.931600 1.843484
0.931800 1.843443
0.932000 1.843396
0.932200 1.843342
0.932400 1.843283
0.932600 1.843217
0.932800 1.843145
0.933000 1.843068
0.933200 1.842984
0.933400 1.842894
0.933600 1.842799
0.933800 1.842697
0.934000 1.842590
0.934200 1.842477
0.934400 1.842358
0.934600 1.842233
0.934800 1.842102
0.935000 1.841966
0.935200 1.841824
0.935400 1.841677
0.935600 1.841524
0.935800 1.841366
0.936000 1.841202
0.936200 1.841032
0.936400 1.840857
0.936600 1.840677
0.936800 1.840491
0.937000 1.840301
0.937200 1.840105
0.937400 1.839903
0.937600 1.839697
0.937800 1.839485
0.938000 1.839269
0.938200 1.839047
0.938400 1.838821
0.938600 1.838589
0.938800 1.838353
0.939000 1.838112
0.939200 1.837866
0.939400 1.837615
0.939600 1.837360
0.939800 1.837100
0.940000 1.836835
0.940200 1.836566
0.940400 1.836293
0.940600 1.836015
0.940800 1.835733
0.941000 1.835447
0.941200 1.835156
0.941400 1.834861
0.941600 1.834562
0.941800 1.834259
0.942000 1.833952
0.942200 1.833641
0.942400 1.833326
0.942600 1.833008
0.942800 1.832685
0.943000 1.832359
0.943200 1.832029
0.943400 1.831696
0.943600 1.831359
0.943800 1.831019
0.944000 1.830676
0.944200 1.830329
0.944400 1.829979
0.944600 1.829626
0.944800 1.829270
0.945000 1.828911
0.945200 1.828548
0.945400 1.828183
0.945600 1.827816
0.945800 1.827445
0.946000 1.827072
0.946200 1.826697
0.946400 1.826319
0.946600 1.825938
0.946800 1.825555
0.947000 1.825170
0.947200 1.824783
0.947400 1.824394
0.947600 1.824003
0.947800 1.823610
0.948000 1.823215
0.948200 1.822818
0.948400 1.822420
0.948600 1.822020
0.948800 1.821619
0.949000 1.821216
0.949200 1.820812
0.949400 1.820407
0.949600 1.820001
0.949800 1.819593
0.950000 1.819185
0.950200 1.818776
0.950400 1.818367
0.950600 1.817956
0.950800 1.817546
0.951000 1.817135
0.951200 1.816723
0.951400 1.816311
0.951600 1.815899
0.951800 1.815488
0.952000 1.815076
0.952200 1.814664
0.952400 1.814253
0.952600 1.813842
0.952800 1.813432
0.953000 1.813022
0.953200 1.812614
0.953400 1.812206
0.953600 1.811798
0.953800 1.811393
0.954000 1.810988
0.954200 1.810584
0.954400 1.810182
0.954600 1.809782
0.954800 1.809383
0.955000 1.808986
0.955200 1.808591
0.955400 1.808198
0.955600 1.807807
0.955800 1.807419
0.956000 1.807033
0.956200 1.806649
0.956400 1.806268
0.956600 1.805890
0.956800 1.805515
0.957000 1.805143
0.957200 1.804774
0.957400 1.804409
0.957600 1.804047
0.957800 1.803688
0.958000 1.803333
0.958200 1.802983
0.958400 1.802636
0.958600 1.802293
0.958800 1.801955
0.959000 1.801621
0.959200 1.801292
0.959400 1.800967
0.959600 1.800648
0.959800 1.800333
0.960000 1.800024
0.960200 1.799719
0.960400 1.799421
0.960600 1.799128
0.960800 1.798841
0.961000 1.798559
0.961200 1.798284
0.961400 1.798015
0.961600 1.797753
0.961800 1.797497
0.962000 1.797248
0.962200 1.797006
0.962400 1.796771
0.962600 1.796543
0.962800 1.796322
0.963000 1.796109
0.963200 1.795904
0.963400 1.795706
0.963600 1.795517
0.963800 1.795336
0.964000 1.795163
0.964200 1.794999
0.964400 1.794844
0.964600 1.794697
0.964800 1.794560
0.965000 1.794432
0.965200 1.794313
0.965400 1.794204
0.965600 1.794105
0.965800 1.794016
0.966000 1.793937
0.966200 1.793868
0.966400 1.793810
0.966600 1.793763
0.966800 1.793726
0.967000 1.793701
0.967200 1.793687
0.967400 1.793684
0.967600 1.793694
0.967800 1.793715
0.968000 1.793748
0.968200 1.793793
0.968400 1.793851
0.968600 1.793921
0.968800 1.794005
0.969000 1.794101
0.969200 1.794211
0.969400 1.794334
0.969600 1.794471
0.969800 1.794621
0.970000 1.794786
0.970200 1.794965
0.970400 1.795158
0.970600 1.795366
0.970800 1.795589
0.971000 1.795827
0.971200 1.796080
0.971400 1.796349
0.971600 1.796634
0.971800 1.796934
0.972000 1.797251
0.972200 1.797584
0.972400 1.797933
0.972600 1.798299
0.972800 1.798683
0.973000 1.799083
0.973200 1.799501
0.973400 1.799937
0.973600 1.800390
0.973800 1.800861
0.974000 1.801351
0.974200 1.801860
0.974400 1.802387
0.974600 1.802933
0.974800 1.803498
0.975000 1.804082
0.975200 1.804687
0.975400 1.805311
0.975600 1.805955
0.975800 1.806619
0.976000 1.807304
0.976200 1.808010
0.976400 1.808737
0.976600 1.809485
0.976800 1.810254
0.977000 1.811046
0.977200 1.811859
0.977400 1.812694
0.977600 1.813551
0.977800 1.814431
0.978000 1.815334
0.978200 1.816260
0.978400 1.817209
0.978600 1.818182
0.978800 1.819178
0.979000 1.820199
0.979200 1.821243
0.979400 1.822312
0.979600 1.823406
0.979800 1.824525
0.980000 1.825668
0.980200 1.826838
0.980400 1.828032
0.980600 1.829253
0.980800 1.830499
0.981000 1.831772
0.981200 1.833072
0.981400 1.834398
0.981600 1.835751
0.981800 1.837131
0.982000 1.838539
0.982200 1.839974
0.982400 1.841438
0.982600 1.842929
0.982800 1.844449
0.983000 1.845998
0.983200 1.847575
0.983400 1.849182
0.983600 1.850817
0.983800 1.852482
0.984000 1.854177
0.984200 1.855902
0.984400 1.857658
0.984600 1.859443
0.984800 1.861259
0.985000 1.863106
0.985200 1.864985
0.985400 1.866894
0.985600 1.868835
0.985800 1.870808
0.986000 1.872813
0.986200 1.874850
0.986400 1.876920
0.986600 1.879022
0.986800 1.881157
0.987000 1.883326
0.987200 1.885527
0.987400 1.887762
0.987600 1.890031
0.987800 1.892334
0.988000 1.894671
0.988200 1.897042
0.988400 1.899448
0.988600 1.901889
0.988800 1.904365
0.989000 1.906876
0.989200 1.909422
0.989400 1.912004
0.989600 1.914622
0.989800 1.917276
0.990000 1.919966
0.990200 1.922693
0.990400 1.925456
0.990600 1.928256
0.990800 1.931093
0.991000 1.933967
0.991200 1.936879
0.991400 1.939828
0.991600 1.942815
0.991800 1.945840
0.992000 1.948903
0.992200 1.952004
0.992400 1.955144
0.992600 1.958322
0.992800 1.961540
0.993000 1.964796
0.993200 1.968091
0.993400 1.971426
0.993600 1.974801
0.993800 1.978215
0.994000 1.981669
0.994200 1.985162
0.994400 1.988697
0.994600 1.992271
0.994800 1.995886
0.995000 1.999541
0.995200 2.003237
0.995400 2.006974
0.995600 2.010752
0.995800 2.014572
0.996000 2.018432
0.996200 2.022334
0.996400 2.026278
0.996600 2.030263
0.996800 2.034290
0.997000 2.038359
0.997200 2.042470
0.997400 2.046623
0.997600 2.050819
0.997800 2.055057
0.998000 2.059337
0.998200 2.063660
0.998400 2.068026
0.998600 2.072434
0.998800 2.076886
0.999000 2.081380
0.999200 2.085918
0.999400 2.090498
0.999600 2.095122
0.999800 2.099789
