0.000000 0.549344
0.000200 0.547706
0.000400 0.546069
0.000600 0.544435
0.000800 0.542803
0.001000 0.541172
0.001200 0.539543
0.001400 0.537917
0.001600 0.536292
0.001800 0.534669
0.002000 0.533049
0.002200 0.531430
0.002400 0.529813
0.002600 0.528199
0.002800 0.526586
0.003000 0.524975
0.003200 0.523367
0.003400 0.521760
0.003600 0.520156
0.003800 0.518554
0.004000 0.516953
0.004200 0.515355
0.004400 0.513759
0.004600 0.512165
0.004800 0.510574
0.005000 0.508984
0.005200 0.507397
0.005400 0.505812
0.005600 0.504229
0.005800 0.502648
0.006000 0.501069
0.006200 0.499493
0.006400 0.497919
0.006600 0.496347
0.006800 0.494777
0.007000 0.493210
0.007200 0.491644
0.007400 0.490082
0.007600 0.488521
0.007800 0.486963
0.008000 0.485407
0.008200 0.483853
0.008400 0.482302
0.008600 0.480753
0.008800 0.479206
0.009000 0.477662
0.009200 0.476120
0.009400 0.474580
0.009600 0.473043
0.009800 0.471508
0.010000 0.469976
0.010200 0.468446
0.010400 0.466919
0.010600 0.465393
0.010800 0.463871
0.011000 0.462351
0.011200 0.460833
0.011400 0.459318
0.011600 0.457805
0.011800 0.456294
0.012000 0.454786
0.012200 0.453281
0.012400 0.451778
0.012600 0.450278
0.012800 0.448780
0.013000 0.447285
0.013200 0.445792
0.013400 0.444302
0.013600 0.442814
0.013800 0.441329
0.014000 0.439847
0.014200 0.438367
0.014400 0.436889
0.014600 0.435414
0.014800 0.433942
0.015000 0.432473
0.015200 0.431006
0.015400 0.429541
0.015600 0.428080
0.015800 0.426621
0.016000 0.425164
0.016200 0.423710
0.016400 0.422259
0.016600 0.420811
0.016800 0.419365
0.017000 0.417922
0.017200 0.416481
0.017400 0.415044
0.017600 0.413608
0.017800 0.412176
0.018000 0.410746
0.018200 0.409320
0.018400 0.407895
0.018600 0.406474
0.018800 0.405055
0.019000 0.403639
0.019200 0.402226
0.019400 0.400815
0.019600 0.399407
0.019800 0.398002
0.020000 0.396600
0.020200 0.395201
0.020400 0.393804
0.020600 0.392410
0.020800 0.391019
0.021000 0.389631
0.021200 0.388245
0.021400 0.386862
0.021600 0.385483
0.021800 0.384105
0.022000 0.382731
0.022200 0.381360
0.022400 0.379991
0.022600 0.378625
0.022800 0.377262
0.023000 0.375902
0.023200 0.374545
0.023400 0.373191
0.023600 0.371839
0.023800 0.370490
0.024000 0.369145
0.024200 0.367802
0.024400 0.366462
0.024600 0.365124
0.024800 0.363790
0.025000 0.362459
0.025200 0.361130
0.025400 0.359805
0.025600 0.358482
0.025800 0.357162
0.026000 0.355845
0.026200 0.354531
0.026400 0.353220
0.026600 0.351912
0.026800 0.350607
0.027000 0.349304
0.027200 0.348005
0.027400 0.346709
0.027600 0.345415
0.027800 0.344124
0.028000 0.342837
0.028200 0.341552
0.028400 0.340270
0.028600 0.338992
0.028800 0.337716
0.029000 0.336443
0.029200 0.335173
0.029400 0.333906
0.029600 0.332642
0.029800 0.331381
0.030000 0.330123
0.030200 0.328868
0.030400 0.327616
0.030600 0.326367
0.030800 0.325120
0.031000 0.323877
0.031200 0.322637
0.031400 0.321400
0.031600 0.320166
0.031800 0.318934
0.032000 0.317706
0.032200 0.316481
0.032400 0.315259
0.032600 0.314039
0.032800 0.312823
0.033000 0.311610
0.033200 0.310400
0.033400 0.309192
0.033600 0.307988
0.033800 0.306787
0.034000 0.305589
0.034200 0.304394
0.034400 0.303201
0.034600 0.302012
0.034800 0.300826
0.035000 0.299643
0.035200 0.298463
0.035400 0.297286
0.035600 0.296112
0.035800 0.294941
0.036000 0.293772
0.036200 0.292607
0.036400 0.291445
0.036600 0.290286
0.036800 0.289130
0.037000 0.287978
0.037200 0.286828
0.037400 0.285681
0.037600 0.284537
0.037800 0.283396
0.038000 0.282258
0.038200 0.281123
0.038400 0.279992
0.038600 0.278863
0.038800 0.277737
0.039000 0.276614
0.039200 0.275495
0.039400 0.274378
0.039600 0.273265
0.039800 0.272154
0.040000 0.271047
0.040200 0.269942
0.040400 0.268840
0.040600 0.267742
0.040800 0.266647
0.041000 0.265554
0.041200 0.264465
0.041400 0.263378
0.041600 0.262295
0.041800 0.261215
0.042000 0.260137
0.042200 0.259063
0.042400 0.257992
0.042600 0.256924
0.042800 0.255859
0.043000 0.254796
0.043200 0.253737
0.043400 0.252681
0.043600 0.251628
0.043800 0.250578
0.044000 0.249531
0.044200 0.248487
0.044400 0.247445
0.044600 0.246407
0.044800 0.245372
0.045000 0.244340
0.045200 0.243311
0.045400 0.242285
0.045600 0.241262
0.045800 0.240242
0.046000 0.239225
0.046200 0.238211
0.046400 0.237200
0.046600 0.236192
0.046800 0.235187
0.047000 0.234185
0.047200 0.233186
0.047400 0.232190
0.047600 0.231197
0.047800 0.230206
0.048000 0.229219
0.048200 0.228235
0.048400 0.227254
0.048600 0.226276
0.048800 0.225301
0.049000 0.224328
0.049200 0.223359
0.049400 0.222393
0.049600 0.221429
0.049800 0.220469
0.050000 0.219512
0.050200 0.218557
0.050400 0.217606
0.050600 0.216657
0.050800 0.215712
0.051000 0.214769
0.051200 0.213829
0.051400 0.212892
0.051600 0.211959
0.051800 0.211028
0.052000 0.210100
0.052200 0.209175
0.052400 0.208253
0.052600 0.207334
0.052800 0.206417
0.053000 0.205504
0.053200 0.204594
0.053400 0.203686
0.053600 0.202782
0.053800 0.201880
0.054000 0.200981
0.054200 0.200086
0.054400 0.199193
0.054600 0.198303
0.054800 0.197415
0.055000 0.196531
0.055200 0.195650
0.055400 0.194771
0.055600 0.193896
0.055800 0.193023
0.056000 0.192153
0.056200 0.191286
0.056400 0.190422
0.056600 0.189561
0.056800 0.188703
0.057000 0.187847
0.057200 0.186994
0.057400 0.186145
0.057600 0.185298
0.057800 0.184453
0.058000 0.183612
0.058200 0.182774
0.058400 0.181938
0.058600 0.181105
0.058800 0.180275
0.059000 0.179448
0.059200 0.178624
0.059400 0.177802
0.059600 0.176984
0.059800 0.176168
0.060000 0.175355
0.060200 0.174544
0.060400 0.173737
0.060600 0.172932
0.060800 0.172130
0.061000 0.171331
0.061200 0.170534
0.061400 0.169741
0.061600 0.168950
0.061800 0.168162
0.062000 0.167376
0.062200 0.166594
0.062400 0.165814
0.062600 0.165037
0.062800 0.164263
0.063000 0.163491
0.063200 0.162722
0.063400 0.161956
0.063600 0.161193
0.063800 0.160432
0.064000 0.159674
0.064200 0.158919
0.064400 0.158166
0.064600 0.157416
0.064800 0.156669
0.065000 0.155924
0.065200 0.155183
0.065400 0.154443
0.065600 0.153707
0.065800 0.152973
0.066000 0.152242
0.066200 0.151514
0.066400 0.150788
0.066600 0.150065
0.066800 0.149344
0.067000 0.148626
0.067200 0.147911
0.067400 0.147199
0.067600 0.146489
0.067800 0.145781
0.068000 0.145077
0.068200 0.144375
0.068400 0.143675
0.068600 0.142978
0.068800 0.142284
0.069000 0.141592
0.069200 0.140903
0.069400 0.140217
0.069600 0.139533
0.069800 0.138852
0.070000 0.138173
0.070200 0.137497
0.070400 0.136823
0.070600 0.136152
0.070800 0.135483
0.071000 0.134817
0.071200 0.134154
0.071400 0.133493
0.071600 0.132835
0.071800 0.132179
0.072000 0.131525
0.072200 0.130875
0.072400 0.130226
0.072600 0.129580
0.072800 0.128937
0.073000 0.128296
0.073200 0.127658
0.073400 0.127022
0.073600 0.126388
0.073800 0.125758
0.074000 0.125129
0.074200 0.124503
0.074400 0.123879
0.074600 0.123258
0.074800 0.122640
0.075000 0.122023
0.075200 0.121410
0.075400 0.120798
0.075600 0.120189
0.075800 0.119583
0.076000 0.118979
0.076200 0.118377
0.076400 0.117778
0.076600 0.117181
0.076800 0.116586
0.077000 0.115994
0.077200 0.115404
0.077400 0.114817
0.077600 0.114232
0.077800 0.113649
0.078000 0.113068
0.078200 0.112490
0.078400 0.111915
0.078600 0.111341
0.078800 0.110770
0.079000 0.110202
0.079200 0.109635
0.079400 0.109071
0.079600 0.108510
0.079800 0.107950
0.080000 0.107393
0.080200 0.106838
0.080400 0.106286
0.080600 0.105735
0.080800 0.105187
0.081000 0.104642
0.081200 0.104098
0.081400 0.103557
0.081600 0.103018
0.081800 0.102481
0.082000 0.101947
0.082200 0.101414
0.082400 0.100884
0.082600 0.100356
0.082800 0.099831
0.083000 0.099307
0.083200 0.098786
0.083400 0.098267
0.083600 0.097750
0.083800 0.097236
0.084000 0.096723
0.084200 0.096213
0.084400 0.095705
0.084600 0.095199
0.084800 0.094695
0.085000 0.094194
0.085200 0.093694
0.085400 0.093197
0.085600 0.092702
0.085800 0.092208
0.086000 0.091718
0.086200 0.091229
0.086400 0.090742
0.086600 0.090257
0.086800 0.089775
0.087000 0.089294
0.087200 0.088816
0.087400 0.088340
0.087600 0.087865
0.087800 0.087393
0.088000 0.086923
0.088200 0.086455
0.088400 0.085989
0.088600 0.085525
0.088800 0.085063
0.089000 0.084603
0.089200 0.084146
0.089400 0.083690
0.089600 0.083236
0.089800 0.082784
0.090000 0.082334
0.090200 0.081886
0.090400 0.081441
0.090600 0.080997
0.090800 0.080555
0.091000 0.080115
0.091200 0.079677
0.091400 0.079241
0.091600 0.078807
0.091800 0.078375
0.092000 0.077945
0.092200 0.077517
0.092400 0.077091
0.092600 0.076666
0.092800 0.076244
0.093000 0.075823
0.093200 0.075405
0.093400 0.074988
0.093600 0.074573
0.093800 0.074161
0.094000 0.073749
0.094200 0.073340
0.094400 0.072933
0.094600 0.072528
0.094800 0.072124
0.095000 0.071722
0.095200 0.071323
0.095400 0.070925
0.095600 0.070528
0.095800 0.070134
0.096000 0.069742
0.096200 0.069351
0.096400 0.068962
0.096600 0.068575
0.096800 0.068190
0.097000 0.067806
0.097200 0.067425
0.097400 0.067045
0.097600 0.066667
0.097800 0.066290
0.098000 0.065916
0.098200 0.065543
0.098400 0.065172
0.098600 0.064802
0.098800 0.064435
0.099000 0.064069
0.099200 0.063705
0.099400 0.063342
0.099600 0.062982
0.099800 0.062623
0.100000 0.062266
0.100200 0.061910
0.100400 0.061556
0.100600 0.061204
0.100800 0.060853
0.101000 0.060505
0.101200 0.060157
0.101400 0.059812
0.101600 0.059468
0.101800 0.059126
0.102000 0.058786
0.102200 0.058447
0.102400 0.058109
0.102600 0.057774
0.102800 0.057440
0.103000 0.057107
0.103200 0.056777
0.103400 0.056448
0.103600 0.056120
0.103800 0.055794
0.104000 0.055470
0.104200 0.055147
0.104400 0.054826
0.104600 0.054506
0.104800 0.054188
0.105000 0.053872
0.105200 0.053557
0.105400 0.053244
0.105600 0.052932
0.105800 0.052622
0.106000 0.052313
0.106200 0.052006
0.106400 0.051700
0.106600 0.051396
0.106800 0.051093
0.107000 0.050792
0.107200 0.050492
0.107400 0.050194
0.107600 0.049898
0.107800 0.049602
0.108000 0.049309
0.108200 0.049016
0.108400 0.048726
0.108600 0.048436
0.108800 0.048149
0.109000 0.047862
0.109200 0.047577
0.109400 0.047294
0.109600 0.047012
0.109800 0.046731
0.110000 0.046452
0.110200 0.046174
0.110400 0.045898
0.110600 0.045623
0.110800 0.045349
0.111000 0.045077
0.111200 0.044807
0.111400 0.044537
0.111600 0.044269
0.111800 0.044003
0.112000 0.043737
0.112200 0.043473
0.112400 0.043211
0.112600 0.042950
0.112800 0.042690
0.113000 0.042432
0.113200 0.042174
0.113400 0.041919
0.113600 0.041664
0.113800 0.041411
0.114000 0.041159
0.114200 0.040909
0.114400 0.040660
0.114600 0.040412
0.114800 0.040165
0.115000 0.039920
0.115200 0.039676
0.115400 0.039433
0.115600 0.039192
0.115800 0.038951
0.116000 0.038712
0.116200 0.038475
0.116400 0.038238
0.116600 0.038003
0.116800 0.037769
0.117000 0.037537
0.117200 0.037305
0.117400 0.037075
0.117600 0.036846
0.117800 0.036618
0.118000 0.036392
0.118200 0.036167
0.118400 0.035942
0.118600 0.035720
0.118800 0.035498
0.119000 0.035277
0.119200 0.035058
0.119400 0.034840
0.119600 0.034623
0.119800 0.034407
0.120000 0.034192
0.120200 0.033979
0.120400 0.033767
0.120600 0.033555
0.120800 0.033345
0.121000 0.033137
0.121200 0.032929
0.121400 0.032722
0.121600 0.032517
0.121800 0.032312
0.122000 0.032109
0.122200 0.031907
0.122400 0.031706
0.122600 0.031506
0.122800 0.031307
0.123000 0.031110
0.123200 0.030913
0.123400 0.030717
0.123600 0.030523
0.123800 0.030330
0.124000 0.030137
0.124200 0.029946
0.124400 0.029756
0.124600 0.029567
0.124800 0.029379
0.125000 0.029192
0.125200 0.029006
0.125400 0.028821
0.125600 0.028637
0.125800 0.028454
0.126000 0.028272
0.126200 0.028091
0.126400 0.027912
0.126600 0.027733
0.126800 0.027555
0.127000 0.027378
0.127200 0.027202
0.127400 0.027028
0.127600 0.026854
0.127800 0.026681
0.128000 0.026509
0.128200 0.026338
0.128400 0.026169
0.128600 0.026000
0.128800 0.025832
0.129000 0.025665
0.129200 0.025499
0.129400 0.025334
0.129600 0.025170
0.129800 0.025006
0.130000 0.024844
0.130200 0.024683
0.130400 0.024523
0.130600 0.024363
0.130800 0.024205
0.131000 0.024047
0.131200 0.023890
0.131400 0.023735
0.131600 0.023580
0.131800 0.023426
0.132000 0.023273
0.132200 0.023120
0.132400 0.022969
0.132600 0.022819
0.132800 0.022669
0.133000 0.022521
0.133200 0.022373
0.133400 0.022226
0.133600 0.022080
0.133800 0.021935
0.134000 0.021790
0.134200 0.021647
0.134400 0.021504
0.134600 0.021363
0.134800 0.021222
0.135000 0.021082
0.135200 0.020942
0.135400 0.020804
0.135600 0.020666
0.135800 0.020530
0.136000 0.020394
0.136200 0.020259
0.136400 0.020124
0.136600 0.019991
0.136800 0.019858
0.137000 0.019726
0.137200 0.019595
0.137400 0.019465
0.137600 0.019335
0.137800 0.019206
0.138000 0.019078
0.138200 0.018951
0.138400 0.018825
0.138600 0.018699
0.138800 0.018574
0.139000 0.018450
0.139200 0.018327
0.139400 0.018204
0.139600 0.018083
0.139800 0.017961
0.140000 0.017841
0.140200 0.017722
0.140400 0.017603
0.140600 0.017485
0.140800 0.017367
0.141000 0.017251
0.141200 0.017135
0.141400 0.017019
0.141600 0.016905
0.141800 0.016791
0.142000 0.016678
0.142200 0.016566
0.142400 0.016454
0.142600 0.016343
0.142800 0.016233
0.143000 0.016123
0.143200 0.016014
0.143400 0.015906
0.143600 0.015799
0.143800 0.015692
0.144000 0.015586
0.144200 0.015480
0.144400 0.015376
0.144600 0.015272
0.144800 0.015168
0.145000 0.015065
0.145200 0.014963
0.145400 0.014862
0.145600 0.014761
0.145800 0.014661
0.146000 0.014561
0.146200 0.014462
0.146400 0.014364
0.146600 0.014267
0.146800 0.014170
0.147000 0.014073
0.147200 0.013978
0.147400 0.013883
0.147600 0.013788
0.147800 0.013694
0.148000 0.013601
0.148200 0.013509
0.148400 0.013417
0.148600 0.013325
0.148800 0.013234
0.149000 0.013144
0.149200 0.013055
0.149400 0.012966
0.149600 0.012877
0.149800 0.012790
0.150000 0.012703
0.150200 0.012616
0.150400 0.012530
0.150600 0.012444
0.150800 0.012360
0.151000 0.012275
0.151200 0.012192
0.151400 0.012108
0.151600 0.012026
0.151800 0.011944
0.152000 0.011862
0.152200 0.011782
0.152400 0.011701
0.152600 0.011622
0.152800 0.011542
0.153000 0.011464
0.153200 0.011386
0.153400 0.011308
0.153600 0.011231
0.153800 0.011154
0.154000 0.011078
0.154200 0.011003
0.154400 0.010928
0.154600 0.010854
0.154800 0.010780
0.155000 0.010707
0.155200 0.010634
0.155400 0.010562
0.155600 0.010490
0.155800 0.010418
0.156000 0.010348
0.156200 0.010278
0.156400 0.010208
0.156600 0.010139
0.156800 0.010070
0.157000 0.010002
0.157200 0.009934
0.157400 0.009867
0.157600 0.009800
0.157800 0.009734
0.158000 0.009668
0.158200 0.009603
0.158400 0.009538
0.158600 0.009474
0.158800 0.009410
0.159000 0.009347
0.159200 0.009284
0.159400 0.009221
0.159600 0.009160
0.159800 0.009098
0.160000 0.009037
0.160200 0.008977
0.160400 0.008917
0.160600 0.008857
0.160800 0.008798
0.161000 0.008739
0.161200 0.008681
0.161400 0.008623
0.161600 0.008566
0.161800 0.008509
0.162000 0.008453
0.162200 0.008397
0.162400 0.008341
0.162600 0.008286
0.162800 0.008232
0.163000 0.008178
0.163200 0.008124
0.163400 0.008071
0.163600 0.008018
0.163800 0.007965
0.164000 0.007913
0.164200 0.007862
0.164400 0.007811
0.164600 0.007760
0.164800 0.007709
0.165000 0.007660
0.165200 0.007610
0.165400 0.007561
0.165600 0.007512
0.165800 0.007464
0.166000 0.007416
0.166200 0.007369
0.166400 0.007322
0.166600 0.007276
0.166800 0.007229
0.167000 0.007184
0.167200 0.007138
0.167400 0.007093
0.167600 0.007049
0.167800 0.007005
0.168000 0.006961
0.168200 0.006917
0.168400 0.006874
0.168600 0.006832
0.168800 0.006790
0.169000 0.006748
0.169200 0.006707
0.169400 0.006666
0.169600 0.006625
0.169800 0.006585
0.170000 0.006545
0.170200 0.006505
0.170400 0.006466
0.170600 0.006427
0.170800 0.006389
0.171000 0.006351
0.171200 0.006314
0.171400 0.006276
0.171600 0.006240
0.171800 0.006203
0.172000 0.006167
0.172200 0.006131
0.172400 0.006096
0.172600 0.006061
0.172800 0.006026
0.173000 0.005992
0.173200 0.005958
0.173400 0.005925
0.173600 0.005891
0.173800 0.005859
0.174000 0.005826
0.174200 0.005794
0.174400 0.005762
0.174600 0.005731
0.174800 0.005700
0.175000 0.005669
0.175200 0.005639
0.175400 0.005609
0.175600 0.005579
0.175800 0.005550
0.176000 0.005521
0.176200 0.005493
0.176400 0.005465
0.176600 0.005437
0.176800 0.005409
0.177000 0.005382
0.177200 0.005355
0.177400 0.005329
0.177600 0.005303
0.177800 0.005277
0.178000 0.005251
0.178200 0.005226
0.178400 0.005201
0.178600 0.005177
0.178800 0.005153
0.179000 0.005129
0.179200 0.005106
0.179400 0.005083
0.179600 0.005060
0.179800 0.005037
0.180000 0.005015
0.180200 0.004994
0.180400 0.004972
0.180600 0.004951
0.180800 0.004930
0.181000 0.004910
0.181200 0.004890
0.181400 0.004870
0.181600 0.004851
0.181800 0.004832
0.182000 0.004813
0.182200 0.004795
0.182400 0.004777
0.182600 0.004759
0.182800 0.004741
0.183000 0.004724
0.183200 0.004707
0.183400 0.004691
0.183600 0.004675
0.183800 0.004659
0.184000 0.004644
0.184200 0.004628
0.184400 0.004614
0.184600 0.004599
0.184800 0.004585
0.185000 0.004571
0.185200 0.004558
0.185400 0.004544
0.185600 0.004531
0.185800 0.004519
0.186000 0.004507
0.186200 0.004495
0.186400 0.004483
0.186600 0.004472
0.186800 0.004461
0.187000 0.004450
0.187200 0.004440
0.187400 0.004430
0.187600 0.004420
0.187800 0.004411
0.188000 0.004402
0.188200 0.004394
0.188400 0.004385
0.188600 0.004377
0.188800 0.004369
0.189000 0.004362
0.189200 0.004355
0.189400 0.004348
0.189600 0.004342
0.189800 0.004336
0.190000 0.004330
0.190200 0.004325
0.190400 0.004319
0.190600 0.004315
0.190800 0.004310
0.191000 0.004306
0.191200 0.004302
0.191400 0.004299
0.191600 0.004295
0.191800 0.004293
0.192000 0.004290
0.192200 0.004288
0.192400 0.004286
0.192600 0.004284
0.192800 0.004283
0.193000 0.004282
0.193200 0.004282
0.193400 0.004282
0.193600 0.004282
0.193800 0.004282
0.194000 0.004283
0.194200 0.004284
0.194400 0.004285
0.194600 0.004287
0.194800 0.004289
0.195000 0.004292
0.195200 0.004294
0.195400 0.004297
0.195600 0.004301
0.195800 0.004305
0.196000 0.004309
0.196200 0.004313
0.196400 0.004318
0.196600 0.004323
0.196800 0.004328
0.197000 0.004334
0.197200 0.004340
0.197400 0.004347
0.197600 0.004353
0.197800 0.004360
0.198000 0.004368
0.198200 0.004376
0.198400 0.004384
0.198600 0.004392
0.198800 0.004401
0.199000 0.004410
0.199200 0.004420
0.199400 0.004430
0.199600 0.004440
0.199800 0.004450
0.200000 0.004461
0.200200 0.004473
0.200400 0.004484
0.200600 0.004496
0.200800 0.004509
0.201000 0.004521
0.201200 0.004534
0.201400 0.004548
0.201600 0.004561
0.201800 0.004575
0.202000 0.004590
0.202200 0.004605
0.202400 0.004620
0.202600 0.004636
0.202800 0.004651
0.203000 0.004668
0.203200 0.004684
0.203400 0.004701
0.203600 0.004719
0.203800 0.004737
0.204000 0.004755
0.204200 0.004773
0.204400 0.004792
0.204600 0.004811
0.204800 0.004831
0.205000 0.004851
0.205200 0.004871
0.205400 0.004892
0.205600 0.004913
0.205800 0.004935
0.206000 0.004957
0.206200 0.004979
0.206400 0.005002
0.206600 0.005025
0.206800 0.005048
0.207000 0.005072
0.207200 0.005096
0.207400 0.005121
0.207600 0.005146
0.207800 0.005171
0.208000 0.005197
0.208200 0.005223
0.208400 0.005250
0.208600 0.005277
0.208800 0.005304
0.209000 0.005332
0.209200 0.005361
0.209400 0.005389
0.209600 0.005418
0.209800 0.005448
0.210000 0.005478
0.210200 0.005508
0.210400 0.005539
0.210600 0.005570
0.210800 0.005601
0.211000 0.005634
0.211200 0.005666
0.211400 0.005699
0.211600 0.005732
0.211800 0.005766
0.212000 0.005800
0.212200 0.005835
0.212400 0.005870
0.212600 0.005905
0.212800 0.005941
0.213000 0.005977
0.213200 0.006014
0.213400 0.006051
0.213600 0.006089
0.213800 0.006127
0.214000 0.006166
0.214200 0.006205
0.214400 0.006244
0.214600 0.006284
0.214800 0.006325
0.215000 0.006366
0.215200 0.006407
0.215400 0.006449
0.215600 0.006491
0.215800 0.006534
0.216000 0.006577
0.216200 0.006621
0.216400 0.006665
0.216600 0.006710
0.216800 0.006755
0.217000 0.006800
0.217200 0.006847
0.217400 0.006893
0.217600 0.006940
0.217800 0.006988
0.218000 0.007036
0.218200 0.007085
0.218400 0.007134
0.218600 0.007183
0.218800 0.007233
0.219000 0.007284
0.219200 0.007335
0.219400 0.007387
0.219600 0.007439
0.219800 0.007492
0.220000 0.007545
0.220200 0.007599
0.220400 0.007653
0.220600 0.007708
0.220800 0.007763
0.221000 0.007819
0.221200 0.007875
0.221400 0.007932
0.221600 0.007989
0.221800 0.008047
0.222000 0.008106
0.222200 0.008165
0.222400 0.008225
0.222600 0.008285
0.222800 0.008346
0.223000 0.008407
0.223200 0.008469
0.223400 0.008531
0.223600 0.008594
0.223800 0.008658
0.224000 0.008722
0.224200 0.008787
0.224400 0.008852
0.224600 0.008918
0.224800 0.008984
0.225000 0.009052
0.225200 0.009119
0.225400 0.009187
0.225600 0.009256
0.225800 0.009326
0.226000 0.009396
0.226200 0.009466
0.226400 0.009538
0.226600 0.009610
0.226800 0.009682
0.227000 0.009755
0.227200 0.009829
0.227400 0.009903
0.227600 0.009978
0.227800 0.010054
0.228000 0.010130
0.228200 0.010207
0.228400 0.010285
0.228600 0.010363
0.228800 0.010441
0.229000 0.010521
0.229200 0.010601
0.229400 0.010682
0.229600 0.010763
0.229800 0.010845
0.230000 0.010928
0.230200 0.011011
0.230400 0.011096
0.230600 0.011180
0.230800 0.011266
0.231000 0.011352
0.231200 0.011439
0.231400 0.011526
0.231600 0.011614
0.231800 0.011703
0.232000 0.011793
0.232200 0.011883
0.232400 0.011974
0.232600 0.012066
0.232800 0.012158
0.233000 0.012251
0.233200 0.012345
0.233400 0.012440
0.233600 0.012535
0.233800 0.012631
0.234000 0.012728
0.234200 0.012825
0.234400 0.012923
0.234600 0.013022
0.234800 0.013122
0.235000 0.013222
0.235200 0.013324
0.235400 0.013426
0.235600 0.013528
0.235800 0.013632
0.236000 0.013736
0.236200 0.013841
0.236400 0.013947
0.236600 0.014053
0.236800 0.014161
0.237000 0.014269
0.237200 0.014378
0.237400 0.014488
0.237600 0.014598
0.237800 0.014709
0.238000 0.014821
0.238200 0.014934
0.238400 0.015048
0.238600 0.015163
0.238800 0.015278
0.239000 0.015394
0.239200 0.015511
0.239400 0.015629
0.239600 0.015748
0.239800 0.015867
0.240000 0.015988
0.240200 0.016109
0.240400 0.016231
0.240600 0.016354
0.240800 0.016478
0.241000 0.016602
0.241200 0.016728
0.241400 0.016854
0.241600 0.016981
0.241800 0.017110
0.242000 0.017239
0.242200 0.017369
0.242400 0.017499
0.242600 0.017631
0.242800 0.017764
0.243000 0.017897
0.243200 0.018031
0.243400 0.018167
0.243600 0.018303
0.243800 0.018440
0.244000 0.018578
0.244200 0.018717
0.244400 0.018857
0.244600 0.018998
0.244800 0.019139
0.245000 0.019282
0.245200 0.019426
0.245400 0.019570
0.245600 0.019716
0.245800 0.019862
0.246000 0.020010
0.246200 0.020158
0.246400 0.020307
0.246600 0.020458
0.246800 0.020609
0.247000 0.020761
0.247200 0.020915
0.247400 0.021069
0.247600 0.021224
0.247800 0.021381
0.248000 0.021538
0.248200 0.021696
0.248400 0.021855
0.248600 0.022016
0.248800 0.022177
0.249000 0.022339
0.249200 0.022503
0.249400 0.022667
0.249600 0.022833
0.249800 0.022999
0.250000 0.023167
0.250200 0.023335
0.250400 0.023505
0.250600 0.023675
0.250800 0.023847
0.251000 0.024020
0.251200 0.024194
0.251400 0.024369
0.251600 0.024545
0.251800 0.024722
0.252000 0.024900
0.252200 0.025079
0.252400 0.025260
0.252600 0.025441
0.252800 0.025624
0.253000 0.025807
0.253200 0.025992
0.253400 0.026178
0.253600 0.026365
0.253800 0.026553
0.254000 0.026742
0.254200 0.026933
0.254400 0.027124
0.254600 0.027317
0.254800 0.027511
0.255000 0.027705
0.255200 0.027902
0.255400 0.028099
0.255600 0.028297
0.255800 0.028497
0.256000 0.028697
0.256200 0.028899
0.256400 0.029102
0.256600 0.029307
0.256800 0.029512
0.257000 0.029719
0.257200 0.029927
0.257400 0.030136
0.257600 0.030346
0.257800 0.030557
0.258000 0.030770
0.258200 0.030984
0.258400 0.031199
0.258600 0.031415
0.258800 0.031632
0.259000 0.031851
0.259200 0.032071
0.259400 0.032292
0.259600 0.032515
0.259800 0.032738
0.260000 0.032963
0.260200 0.033190
0.260400 0.033417
0.260600 0.033646
0.260800 0.033876
0.261000 0.034107
0.261200 0.034339
0.261400 0.034573
0.261600 0.034808
0.261800 0.035045
0.262000 0.035282
0.262200 0.035521
0.262400 0.035762
0.262600 0.036003
0.262800 0.036246
0.263000 0.036490
0.263200 0.036736
0.263400 0.036982
0.263600 0.037230
0.263800 0.037480
0.264000 0.037731
0.264200 0.037983
0.264400 0.038236
0.264600 0.038491
0.264800 0.038747
0.265000 0.039005
0.265200 0.039263
0.265400 0.039523
0.265600 0.039785
0.265800 0.040048
0.266000 0.040312
0.266200 0.040578
0.266400 0.040845
0.266600 0.041113
0.266800 0.041383
0.267000 0.041654
0.267200 0.041927
0.267400 0.042201
0.267600 0.042476
0.267800 0.042753
0.268000 0.043031
0.268200 0.043310
0.268400 0.043591
0.268600 0.043874
0.268800 0.044157
0.269000 0.044443
0.269200 0.044729
0.269400 0.045017
0.269600 0.045307
0.269800 0.045598
0.270000 0.045890
0.270200 0.046184
0.270400 0.046479
0.270600 0.046776
0.270800 0.047074
0.271000 0.047374
0.271200 0.047675
0.271400 0.047977
0.271600 0.048281
0.271800 0.048587
0.272000 0.048894
0.272200 0.049202
0.272400 0.049512
0.272600 0.049823
0.272800 0.050136
0.273000 0.050450
0.273200 0.050766
0.273400 0.051084
0.273600 0.051402
0.273800 0.051723
0.274000 0.052045
0.274200 0.052368
0.274400 0.052693
0.274600 0.053019
0.274800 0.053347
0.275000 0.053676
0.275200 0.054007
0.275400 0.054340
0.275600 0.054674
0.275800 0.055009
0.276000 0.055346
0.276200 0.055685
0.276400 0.056025
0.276600 0.056366
0.276800 0.056710
0.277000 0.057054
0.277200 0.057400
0.277400 0.057748
0.277600 0.058098
0.277800 0.058449
0.278000 0.058801
0.278200 0.059155
0.278400 0.059511
0.278600 0.059868
0.278800 0.060227
0.279000 0.060587
0.279200 0.060949
0.279400 0.061312
0.279600 0.061677
0.279800 0.062044
0.280000 0.062412
0.280200 0.062782
0.280400 0.063153
0.280600 0.063526
0.280800 0.063900
0.281000 0.064276
0.281200 0.064654
0.281400 0.065033
0.281600 0.065414
0.281800 0.065797
0.282000 0.066181
0.282200 0.066567
0.282400 0.066954
0.282600 0.067343
0.282800 0.067733
0.283000 0.068125
0.283200 0.068519
0.283400 0.068914
0.283600 0.069311
0.283800 0.069710
0.284000 0.070110
0.284200 0.070512
0.284400 0.070915
0.284600 0.071320
0.284800 0.071727
0.285000 0.072135
0.285200 0.072545
0.285400 0.072956
0.285600 0.073369
0.285800 0.073784
0.286000 0.074201
0.286200 0.074619
0.286400 0.075038
0.286600 0.075459
0.286800 0.075882
0.287000 0.076307
0.287200 0.076733
0.287400 0.077161
0.287600 0.077590
0.287800 0.078021
0.288000 0.078454
0.288200 0.078888
0.288400 0.079324
0.288600 0.079762
0.288800 0.080201
0.289000 0.080642
0.289200 0.081084
0.289400 0.081529
0.289600 0.081974
0.289800 0.082422
0.290000 0.082871
0.290200 0.083322
0.290400 0.083774
0.290600 0.084228
0.290800 0.084683
0.291000 0.085141
0.291200 0.085600
0.291400 0.086060
0.291600 0.086522
0.291800 0.086986
0.292000 0.087452
0.292200 0.087919
0.292400 0.088387
0.292600 0.088858
0.292800 0.089330
0.293000 0.089803
0.293200 0.090279
0.293400 0.090755
0.293600 0.091234
0.293800 0.091714
0.294000 0.092196
0.294200 0.092679
0.294400 0.093164
0.294600 0.093651
0.294800 0.094139
0.295000 0.094629
0.295200 0.095121
0.295400 0.095614
0.295600 0.096109
0.295800 0.096605
0.296000 0.097103
0.296200 0.097603
0.296400 0.098104
0.296600 0.098607
0.296800 0.099111
0.297000 0.099617
0.297200 0.100125
0.297400 0.100634
0.297600 0.101145
0.297800 0.101658
0.298000 0.102172
0.298200 0.102688
0.298400 0.103205
0.298600 0.103724
0.298800 0.104244
0.299000 0.104767
0.299200 0.105290
0.299400 0.105816
0.299600 0.106342
0.299800 0.106871
0.300000 0.107401
0.300200 0.107932
0.300400 0.108466
0.300600 0.109000
0.300800 0.109537
0.301000 0.110075
0.301200 0.110614
0.301400 0.111155
0.301600 0.111698
0.301800 0.112242
0.302000 0.112787
0.302200 0.113335
0.302400 0.113883
0.302600 0.114434
0.302800 0.114986
0.303000 0.115539
0.303200 0.116094
0.303400 0.116650
0.303600 0.117208
0.303800 0.117768
0.304000 0.118329
0.304200 0.118891
0.304400 0.119455
0.304600 0.120021
0.304800 0.120588
0.305000 0.121156
0.305200 0.121726
0.305400 0.122298
0.305600 0.122871
0.305800 0.123445
0.306000 0.124021
0.306200 0.124599
0.306400 0.125177
0.306600 0.125758
0.306800 0.126340
0.307000 0.126923
0.307200 0.127508
0.307400 0.128094
0.307600 0.128681
0.307800 0.129270
0.308000 0.129861
0.308200 0.130453
0.308400 0.131046
0.308600 0.131641
0.308800 0.132237
0.309000 0.132834
0.309200 0.133433
0.309400 0.134034
0.309600 0.134635
0.309800 0.135238
0.310000 0.135843
0.310200 0.136449
0.310400 0.137056
0.310600 0.137664
0.310800 0.138274
0.311000 0.138885
0.311200 0.139498
0.311400 0.140112
0.311600 0.140727
0.311800 0.141344
0.312000 0.141962
0.312200 0.142581
0.312400 0.143201
0.312600 0.143823
0.312800 0.144446
0.313000 0.145070
0.313200 0.145696
0.313400 0.146323
0.313600 0.146951
0.313800 0.147580
0.314000 0.148211
0.314200 0.148843
0.314400 0.149476
0.314600 0.150111
0.314800 0.150746
0.315000 0.151383
0.315200 0.152021
0.315400 0.152660
0.315600 0.153301
0.315800 0.153942
0.316000 0.154585
0.316200 0.155229
0.316400 0.155874
0.316600 0.156520
0.316800 0.157167
0.317000 0.157816
0.317200 0.158466
0.317400 0.159116
0.317600 0.159768
0.317800 0.160421
0.318000 0.161075
0.318200 0.161730
0.318400 0.162387
0.318600 0.163044
0.318800 0.163702
0.319000 0.164362
0.319200 0.165022
0.319400 0.165684
0.319600 0.166346
0.319800 0.167010
0.320000 0.167674
0.320200 0.168340
0.320400 0.169006
0.320600 0.169674
0.320800 0.170342
0.321000 0.171012
0.321200 0.171682
0.321400 0.172354
0.321600 0.173026
0.321800 0.173699
0.322000 0.174373
0.322200 0.175048
0.322400 0.175724
0.322600 0.176401
0.322800 0.177079
0.323000 0.177757
0.323200 0.178437
0.323400 0.179117
0.323600 0.179798
0.323800 0.180480
0.324000 0.181163
0.324200 0.181846
0.324400 0.182531
0.324600 0.183216
0.324800 0.183902
0.325000 0.184588
0.325200 0.185276
0.325400 0.185964
0.325600 0.186653
0.325800 0.187343
0.326000 0.188033
0.326200 0.188724
0.326400 0.189416
0.326600 0.190108
0.326800 0.190801
0.327000 0.191495
0.327200 0.192189
0.327400 0.192884
0.327600 0.193580
0.327800 0.194276
0.328000 0.194973
0.328200 0.195670
0.328400 0.196368
0.328600 0.197067
0.328800 0.197766
0.329000 0.198466
0.329200 0.199166
0.329400 0.199866
0.329600 0.200568
0.329800 0.201269
0.330000 0.201971
0.330200 0.202674
0.330400 0.203377
0.330600 0.204081
0.330800 0.204785
0.331000 0.205489
0.331200 0.206194
0.331400 0.206899
0.331600 0.207605
0.331800 0.208311
0.332000 0.209017
0.332200 0.209724
0.332400 0.210431
0.332600 0.211138
0.332800 0.211846
0.333000 0.212553
0.333200 0.213262
0.333400 0.213970
0.333600 0.214679
0.333800 0.215388
0.334000 0.216097
0.334200 0.216806
0.334400 0.217516
0.334600 0.218226
0.334800 0.218936
0.335000 0.219646
0.335200 0.220356
0.335400 0.221067
0.335600 0.221777
0.335800 0.222488
0.336000 0.223199
0.336200 0.223909
0.336400 0.224620
0.336600 0.225331
0.336800 0.226042
0.337000 0.226753
0.337200 0.227464
0.337400 0.228175
0.337600 0.228886
0.337800 0.229597
0.338000 0.230308
0.338200 0.231019
0.338400 0.231730
0.338600 0.232441
0.338800 0.233152
0.339000 0.233862
0.339200 0.234572
0.339400 0.235283
0.339600 0.235993
0.339800 0.236703
0.340000 0.237413
0.340200 0.238122
0.340400 0.238831
0.340600 0.239541
0.340800 0.240249
0.341000 0.240958
0.341200 0.241666
0.341400 0.242375
0.341600 0.243082
0.341800 0.243790
0.342000 0.244497
0.342200 0.245204
0.342400 0.245910
0.342600 0.246616
0.342800 0.247322
0.343000 0.248027
0.343200 0.248732
0.343400 0.249436
0.343600 0.250140
0.343800 0.250844
0.344000 0.251547
0.344200 0.252249
0.344400 0.252951
0.344600 0.253653
0.344800 0.254353
0.345000 0.255054
0.345200 0.255754
0.345400 0.256453
0.345600 0.257151
0.345800 0.257849
0.346000 0.258547
0.346200 0.259244
0.346400 0.259940
0.346600 0.260635
0.346800 0.261330
0.347000 0.262024
0.347200 0.262717
0.347400 0.263409
0.347600 0.264101
0.347800 0.264792
0.348000 0.265482
0.348200 0.266172
0.348400 0.266860
0.348600 0.267548
0.348800 0.268235
0.349000 0.268921
0.349200 0.269606
0.349400 0.270291
0.349600 0.270974
0.349800 0.271656
0.350000 0.272338
0.350200 0.273018
0.350400 0.273698
0.350600 0.274376
0.350800 0.275054
0.351000 0.275731
0.351200 0.276406
0.351400 0.277081
0.351600 0.277754
0.351800 0.278426
0.352000 0.279097
0.352200 0.279768
0.352400 0.280437
0.352600 0.281104
0.352800 0.281771
0.353000 0.282436
0.353200 0.283101
0.353400 0.283764
0.353600 0.284426
0.353800 0.285086
0.354000 0.285746
0.354200 0.286404
0.354400 0.287061
0.354600 0.287716
0.354800 0.288370
0.355000 0.289023
0.355200 0.289674
0.355400 0.290325
0.355600 0.290973
0.355800 0.291621
0.356000 0.292267
0.356200 0.292911
0.356400 0.293554
0.356600 0.294196
0.356800 0.294836
0.357000 0.295474
0.357200 0.296112
0.357400 0.296747
0.357600 0.297381
0.357800 0.298014
0.358000 0.298645
0.358200 0.299274
0.358400 0.299902
0.358600 0.300528
0.358800 0.301152
0.359000 0.301775
0.359200 0.302396
0.359400 0.303016
0.359600 0.303633
0.359800 0.304250
0.360000 0.304864
0.360200 0.305476
0.360400 0.306087
0.360600 0.306696
0.360800 0.307304
0.361000 0.307909
0.361200 0.308513
0.361400 0.309115
0.361600 0.309715
0.361800 0.310313
0.362000 0.310909
0.362200 0.311503
0.362400 0.312096
0.362600 0.312686
0.362800 0.313275
0.363000 0.313862
0.363200 0.314446
0.363400 0.315029
0.363600 0.315610
0.363800 0.316188
0.364000 0.316765
0.364200 0.317339
0.364400 0.317912
0.364600 0.318482
0.364800 0.319051
0.365000 0.319617
0.365200 0.320181
0.365400 0.320743
0.365600 0.321303
0.365800 0.321861
0.366000 0.322416
0.366200 0.322969
0.366400 0.323520
0.366600 0.324069
0.366800 0.324616
0.367000 0.325160
0.367200 0.325703
0.367400 0.326242
0.367600 0.326780
0.367800 0.327315
0.368000 0.327848
0.368200 0.328379
0.368400 0.328907
0.368600 0.329433
0.368800 0.329956
0.369000 0.330478
0.369200 0.330996
0.369400 0.331513
0.369600 0.332026
0.369800 0.332538
0.370000 0.333047
0.370200 0.333553
0.370400 0.334057
0.370600 0.334559
0.370800 0.335058
0.371000 0.335554
0.371200 0.336048
0.371400 0.336540
0.371600 0.337028
0.371800 0.337515
0.372000 0.337998
0.372200 0.338479
0.372400 0.338958
0.372600 0.339433
0.372800 0.339907
0.373000 0.340377
0.373200 0.340845
0.373400 0.341310
0.373600 0.341772
0.373800 0.342232
0.374000 0.342689
0.374200 0.343143
0.374400 0.343595
0.374600 0.344044
0.374800 0.344490
0.375000 0.344933
0.375200 0.345373
0.375400 0.345811
0.375600 0.346246
0.375800 0.346678
0.376000 0.347107
0.376200 0.347533
0.376400 0.347957
0.376600 0.348377
0.376800 0.348795
0.377000 0.349210
0.377200 0.349621
0.377400 0.350030
0.377600 0.350436
0.377800 0.350839
0.378000 0.351240
0.378200 0.351637
0.378400 0.352031
0.378600 0.352422
0.378800 0.352810
0.379000 0.353195
0.379200 0.353577
0.379400 0.353957
0.379600 0.354333
0.379800 0.354706
0.380000 0.355076
0.380200 0.355443
0.380400 0.355806
0.380600 0.356167
0.380800 0.356525
0.381000 0.356879
0.381200 0.357231
0.381400 0.357579
0.381600 0.357924
0.381800 0.358266
0.382000 0.358605
0.382200 0.358941
0.382400 0.359273
0.382600 0.359602
0.382800 0.359929
0.383000 0.360252
0.383200 0.360571
0.383400 0.360888
0.383600 0.361201
0.383800 0.361511
0.384000 0.361818
0.384200 0.362121
0.384400 0.362421
0.384600 0.362718
0.384800 0.363012
0.385000 0.363303
0.385200 0.363590
0.385400 0.363874
0.385600 0.364154
0.385800 0.364431
0.386000 0.364705
0.386200 0.364976
0.386400 0.365243
0.386600 0.365507
0.386800 0.365767
0.387000 0.366024
0.387200 0.366278
0.387400 0.366528
0.387600 0.366775
0.387800 0.367019
0.388000 0.367259
0.388200 0.367496
0.388400 0.367730
0.388600 0.367960
0.388800 0.368186
0.389000 0.368409
0.389200 0.368629
0.389400 0.368845
0.389600 0.369058
0.389800 0.369267
0.390000 0.369473
0.390200 0.369676
0.390400 0.369875
0.390600 0.370070
0.390800 0.370262
0.391000 0.370451
0.391200 0.370636
0.391400 0.370818
0.391600 0.370996
0.391800 0.371170
0.392000 0.371342
0.392200 0.371509
0.392400 0.371673
0.392600 0.371834
0.392800 0.371991
0.393000 0.372144
0.393200 0.372294
0.393400 0.372441
0.393600 0.372584
0.393800 0.372723
0.394000 0.372859
0.394200 0.372991
0.394400 0.373120
0.394600 0.373245
0.394800 0.373367
0.395000 0.373485
0.395200 0.373600
0.395400 0.373711
0.395600 0.373818
0.395800 0.373922
0.396000 0.374022
0.396200 0.374119
0.396400 0.374212
0.396600 0.374301
0.396800 0.374387
0.397000 0.374470
0.397200 0.374549
0.397400 0.374624
0.397600 0.374696
0.397800 0.374764
0.398000 0.374828
0.398200 0.374889
0.398400 0.374946
0.398600 0.375000
0.398800 0.375050
0.399000 0.375097
0.399200 0.375140
0.399400 0.375179
0.399600 0.375215
0.399800 0.375247
0.400000 0.375276
0.400200 0.375301
0.400400 0.375322
0.400600 0.375340
0.400800 0.375354
0.401000 0.375365
0.401200 0.375372
0.401400 0.375375
0.401600 0.375375
0.401800 0.375372
0.402000 0.375364
0.402200 0.375353
0.402400 0.375339
0.402600 0.375321
0.402800 0.375300
0.403000 0.375274
0.403200 0.375246
0.403400 0.375213
0.403600 0.375177
0.403800 0.375138
0.404000 0.375095
0.404200 0.375049
0.404400 0.374998
0.404600 0.374945
0.404800 0.374888
0.405000 0.374827
0.405200 0.374763
0.405400 0.374695
0.405600 0.374623
0.405800 0.374548
0.406000 0.374470
0.406200 0.374388
0.406400 0.374302
0.406600 0.374213
0.406800 0.374121
0.407000 0.374025
0.407200 0.373925
0.407400 0.373822
0.407600 0.373716
0.407800 0.373606
0.408000 0.373492
0.408200 0.373375
0.408400 0.373254
0.408600 0.373131
0.408800 0.373003
0.409000 0.372872
0.409200 0.372738
0.409400 0.372600
0.409600 0.372459
0.409800 0.372314
0.410000 0.372166
0.410200 0.372014
0.410400 0.371859
0.410600 0.371701
0.410800 0.371539
0.411000 0.371374
0.411200 0.371205
0.411400 0.371033
0.411600 0.370858
0.411800 0.370679
0.412000 0.370497
0.412200 0.370312
0.412400 0.370123
0.412600 0.369930
0.412800 0.369735
0.413000 0.369536
0.413200 0.369334
0.413400 0.369128
0.413600 0.368920
0.413800 0.368708
0.414000 0.368492
0.414200 0.368274
0.414400 0.368052
0.414600 0.367826
0.414800 0.367598
0.415000 0.367366
0.415200 0.367131
0.415400 0.366893
0.415600 0.366652
0.415800 0.366407
0.416000 0.366159
0.416200 0.365908
0.416400 0.365654
0.416600 0.365397
0.416800 0.365136
0.417000 0.364873
0.417200 0.364606
0.417400 0.364336
0.417600 0.364063
0.417800 0.363787
0.418000 0.363508
0.418200 0.363225
0.418400 0.362940
0.418600 0.362652
0.418800 0.362360
0.419000 0.362065
0.419200 0.361768
0.419400 0.361467
0.419600 0.361164
0.419800 0.360857
0.420000 0.360547
0.420200 0.360235
0.420400 0.359919
0.420600 0.359601
0.420800 0.359279
0.421000 0.358955
0.421200 0.358628
0.421400 0.358297
0.421600 0.357964
0.421800 0.357628
0.422000 0.357290
0.422200 0.356948
0.422400 0.356603
0.422600 0.356256
0.422800 0.355906
0.423000 0.355553
0.423200 0.355197
0.423400 0.354839
0.423600 0.354478
0.423800 0.354114
0.424000 0.353747
0.424200 0.353377
0.424400 0.353005
0.424600 0.352630
0.424800 0.352253
0.425000 0.351873
0.425200 0.351490
0.425400 0.351105
0.425600 0.350716
0.425800 0.350326
0.426000 0.349933
0.426200 0.349537
0.426400 0.349138
0.426600 0.348738
0.426800 0.348334
0.427000 0.347928
0.427200 0.347520
0.427400 0.347109
0.427600 0.346695
0.427800 0.346280
0.428000 0.345861
0.428200 0.345441
0.428400 0.345018
0.428600 0.344592
0.428800 0.344164
0.429000 0.343734
0.429200 0.343302
0.429400 0.342867
0.429600 0.342430
0.429800 0.341990
0.430000 0.341549
0.430200 0.341105
0.430400 0.340659
0.430600 0.340210
0.430800 0.339760
0.431000 0.339307
0.431200 0.338852
0.431400 0.338395
0.431600 0.337936
0.431800 0.337474
0.432000 0.337011
0.432200 0.336545
0.432400 0.336078
0.432600 0.335608
0.432800 0.335137
0.433000 0.334663
0.433200 0.334187
0.433400 0.333710
0.433600 0.333230
0.433800 0.332749
0.434000 0.332265
0.434200 0.331780
0.434400 0.331293
0.434600 0.330804
0.434800 0.330313
0.435000 0.329821
0.435200 0.329326
0.435400 0.328830
0.435600 0.328332
0.435800 0.327832
0.436000 0.327331
0.436200 0.326827
0.436400 0.326323
0.436600 0.325816
0.436800 0.325308
0.437000 0.324798
0.437200 0.324287
0.437400 0.323774
0.437600 0.323259
0.437800 0.322743
0.438000 0.322226
0.438200 0.321706
0.438400 0.321186
0.438600 0.320664
0.438800 0.320140
0.439000 0.319615
0.439200 0.319089
0.439400 0.318561
0.439600 0.318032
0.439800 0.317502
0.440000 0.316970
0.440200 0.316437
0.440400 0.315903
0.440600 0.315367
0.440800 0.314831
0.441000 0.314293
0.441200 0.313754
0.441400 0.313213
0.441600 0.312672
0.441800 0.312129
0.442000 0.311585
0.442200 0.311041
0.442400 0.310495
0.442600 0.309948
0.442800 0.309400
0.443000 0.308851
0.443200 0.308301
0.443400 0.307750
0.443600 0.307199
0.443800 0.306646
0.444000 0.306093
0.444200 0.305538
0.444400 0.304983
0.444600 0.304427
0.444800 0.303870
0.445000 0.303313
0.445200 0.302754
0.445400 0.302195
0.445600 0.301635
0.445800 0.301075
0.446000 0.300514
0.446200 0.299952
0.446400 0.299390
0.446600 0.298827
0.446800 0.298263
0.447000 0.297699
0.447200 0.297135
0.447400 0.296570
0.447600 0.296005
0.447800 0.295439
0.448000 0.294872
0.448200 0.294306
0.448400 0.293738
0.448600 0.293171
0.448800 0.292603
0.449000 0.292035
0.449200 0.291467
0.449400 0.290898
0.449600 0.290329
0.449800 0.289760
0.450000 0.289191
0.450200 0.288622
0.450400 0.288052
0.450600 0.287483
0.450800 0.286913
0.451000 0.286344
0.451200 0.285774
0.451400 0.285204
0.451600 0.284634
0.451800 0.284065
0.452000 0.283495
0.452200 0.282926
0.452400 0.282356
0.452600 0.281787
0.452800 0.281218
0.453000 0.280649
0.453200 0.280080
0.453400 0.279512
0.453600 0.278944
0.453800 0.278376
0.454000 0.277808
0.454200 0.277241
0.454400 0.276674
0.454600 0.276108
0.454800 0.275542
0.455000 0.274976
0.455200 0.274411
0.455400 0.273847
0.455600 0.273283
0.455800 0.272719
0.456000 0.272156
0.456200 0.271594
0.456400 0.271032
0.456600 0.270471
0.456800 0.269911
0.457000 0.269351
0.457200 0.268793
0.457400 0.268235
0.457600 0.267677
0.457800 0.267121
0.458000 0.266565
0.458200 0.266010
0.458400 0.265456
0.458600 0.264903
0.458800 0.264351
0.459000 0.263800
0.459200 0.263250
0.459400 0.262701
0.459600 0.262153
0.459800 0.261606
0.460000 0.261061
0.460200 0.260516
0.460400 0.259973
0.460600 0.259430
0.460800 0.258889
0.461000 0.258350
0.461200 0.257811
0.461400 0.257274
0.461600 0.256738
0.461800 0.256203
0.462000 0.255670
0.462200 0.255138
0.462400 0.254608
0.462600 0.254079
0.462800 0.253552
0.463000 0.253026
0.463200 0.252502
0.463400 0.251979
0.463600 0.251458
0.463800 0.250939
0.464000 0.250421
0.464200 0.249905
0.464400 0.249390
0.464600 0.248878
0.464800 0.248367
0.465000 0.247858
0.465200 0.247350
0.465400 0.246845
0.465600 0.246342
0.465800 0.245840
0.466000 0.245340
0.466200 0.244843
0.466400 0.244347
0.466600 0.243853
0.466800 0.243362
0.467000 0.242872
0.467200 0.242385
0.467400 0.241899
0.467600 0.241416
0.467800 0.240935
0.468000 0.240457
0.468200 0.239980
0.468400 0.239506
0.468600 0.239034
0.468800 0.238565
0.469000 0.238098
0.469200 0.237633
0.469400 0.237171
0.469600 0.236711
0.469800 0.236254
0.470000 0.235799
0.470200 0.235347
0.470400 0.234897
0.470600 0.234450
0.470800 0.234005
0.471000 0.233564
0.471200 0.233124
0.471400 0.232688
0.471600 0.232254
0.471800 0.231824
0.472000 0.231396
0.472200 0.230970
0.472400 0.230548
0.472600 0.230129
0.472800 0.229712
0.473000 0.229298
0.473200 0.228888
0.473400 0.228480
0.473600 0.228076
0.473800 0.227675
0.474000 0.227276
0.474200 0.226881
0.474400 0.226489
0.474600 0.226100
0.474800 0.225715
0.475000 0.225332
0.475200 0.224953
0.475400 0.224578
0.475600 0.224205
0.475800 0.223836
0.476000 0.223471
0.476200 0.223109
0.476400 0.222750
0.476600 0.222395
0.476800 0.222043
0.477000 0.221695
0.477200 0.221350
0.477400 0.221010
0.477600 0.220672
0.477800 0.220339
0.478000 0.220009
0.478200 0.219683
0.478400 0.219361
0.478600 0.219042
0.478800 0.218727
0.479000 0.218417
0.479200 0.218110
0.479400 0.217807
0.479600 0.217508
0.479800 0.217213
0.480000 0.216922
0.480200 0.216635
0.480400 0.216352
0.480600 0.216073
0.480800 0.215799
0.481000 0.215528
0.481200 0.215262
0.481400 0.215000
0.481600 0.214742
0.481800 0.214489
0.482000 0.214240
0.482200 0.213995
0.482400 0.213755
0.482600 0.213519
0.482800 0.213287
0.483000 0.213060
0.483200 0.212838
0.483400 0.212620
0.483600 0.212407
0.483800 0.212198
0.484000 0.211994
0.484200 0.211795
0.484400 0.211600
0.484600 0.211410
0.484800 0.211225
0.485000 0.211045
0.485200 0.210869
0.485400 0.210699
0.485600 0.210533
0.485800 0.210372
0.486000 0.210216
0.486200 0.210066
0.486400 0.209920
0.486600 0.209779
0.486800 0.209644
0.487000 0.209513
0.487200 0.209388
0.487400 0.209267
0.487600 0.209153
0.487800 0.209043
0.488000 0.208938
0.488200 0.208839
0.488400 0.208746
0.488600 0.208657
0.488800 0.208574
0.489000 0.208497
0.489200 0.208425
0.489400 0.208358
0.489600 0.208297
0.489800 0.208242
0.490000 0.208192
0.490200 0.208148
0.490400 0.208110
0.490600 0.208077
0.490800 0.208050
0.491000 0.208029
0.491200 0.208013
0.491400 0.208004
0.491600 0.208000
0.491800 0.208002
0.492000 0.208010
0.492200 0.208024
0.492400 0.208044
0.492600 0.208071
0.492800 0.208103
0.493000 0.208141
0.493200 0.208185
0.493400 0.208236
0.493600 0.208293
0.493800 0.208356
0.494000 0.208425
0.494200 0.208501
0.494400 0.208582
0.494600 0.208671
0.494800 0.208765
0.495000 0.208866
0.495200 0.208974
0.495400 0.209088
0.495600 0.209208
0.495800 0.209336
0.496000 0.209469
0.496200 0.209610
0.496400 0.209756
0.496600 0.209910
0.496800 0.210071
0.497000 0.210238
0.497200 0.210412
0.497400 0.210592
0.497600 0.210780
0.497800 0.210975
0.498000 0.211176
0.498200 0.211384
0.498400 0.211600
0.498600 0.211822
0.498800 0.212052
0.499000 0.212288
0.499200 0.212532
0.499400 0.212783
0.499600 0.213041
0.499800 0.213306
0.500000 0.213578
0.500200 0.213858
0.500400 0.214145
0.500600 0.214440
0.500800 0.214742
0.501000 0.215051
0.501200 0.215367
0.501400 0.215692
0.501600 0.216023
0.501800 0.216363
0.502000 0.216710
0.502200 0.217064
0.502400 0.217426
0.502600 0.217796
0.502800 0.218174
0.503000 0.218559
0.503200 0.218952
0.503400 0.219353
0.503600 0.219762
0.503800 0.220178
0.504000 0.220603
0.504200 0.221035
0.504400 0.221476
0.504600 0.221924
0.504800 0.222381
0.505000 0.222846
0.505200 0.223318
0.505400 0.223799
0.505600 0.224288
0.505800 0.224786
0.506000 0.225291
0.506200 0.225805
0.506400 0.226327
0.506600 0.226858
0.506800 0.227397
0.507000 0.227944
0.507200 0.228500
0.507400 0.229064
0.507600 0.229637
0.507800 0.230218
0.508000 0.230808
0.508200 0.231407
0.508400 0.232014
0.508600 0.232630
0.508800 0.233254
0.509000 0.233888
0.509200 0.234530
0.509400 0.235181
0.509600 0.235841
0.509800 0.236509
0.510000 0.237187
0.510200 0.237873
0.510400 0.238569
0.510600 0.239273
0.510800 0.239986
0.511000 0.240709
0.511200 0.241441
0.511400 0.242181
0.511600 0.242931
0.511800 0.243691
0.512000 0.244459
0.512200 0.245237
0.512400 0.246024
0.512600 0.246820
0.512800 0.247626
0.513000 0.248441
0.513200 0.249265
0.513400 0.250099
0.513600 0.250942
0.513800 0.251795
0.514000 0.252658
0.514200 0.253530
0.514400 0.254411
0.514600 0.255303
0.514800 0.256204
0.515000 0.257114
0.515200 0.258035
0.515400 0.258965
0.515600 0.259905
0.515800 0.260855
0.516000 0.261815
0.516200 0.262784
0.516400 0.263764
0.516600 0.264753
0.516800 0.265753
0.517000 0.266762
0.517200 0.267782
0.517400 0.268812
0.517600 0.269851
0.517800 0.270901
0.518000 0.271961
0.518200 0.273032
0.518400 0.274112
0.518600 0.275203
0.518800 0.276304
0.519000 0.277415
0.519200 0.278537
0.519400 0.279669
0.519600 0.280812
0.519800 0.281965
0.520000 0.283128
0.520200 0.284302
0.520400 0.285487
0.520600 0.286682
0.520800 0.287888
0.521000 0.289104
0.521200 0.290331
0.521400 0.291568
0.521600 0.292817
0.521800 0.294076
0.522000 0.295345
0.522200 0.296626
0.522400 0.297917
0.522600 0.299220
0.522800 0.300533
0.523000 0.301857
0.523200 0.303192
0.523400 0.304538
0.523600 0.305895
0.523800 0.307263
0.524000 0.308642
0.524200 0.310032
0.524400 0.311433
0.524600 0.312845
0.524800 0.314268
0.525000 0.315703
0.525200 0.317149
0.525400 0.318606
0.525600 0.320074
0.525800 0.321554
0.526000 0.323044
0.526200 0.324547
0.526400 0.326060
0.526600 0.327585
0.526800 0.329121
0.527000 0.330669
0.527200 0.332229
0.527400 0.333799
0.527600 0.335382
0.527800 0.336975
0.528000 0.338581
0.528200 0.340198
0.528400 0.341826
0.528600 0.343466
0.528800 0.345118
0.529000 0.346782
0.529200 0.348457
0.529400 0.350144
0.529600 0.351842
0.529800 0.353553
0.530000 0.355275
0.530200 0.357009
0.530400 0.358755
0.530600 0.360513
0.530800 0.362283
0.531000 0.364064
0.531200 0.365858
0.531400 0.367663
0.531600 0.369481
0.531800 0.371310
0.532000 0.373152
0.532200 0.375005
0.532400 0.376871
0.532600 0.378748
0.532800 0.380638
0.533000 0.382540
0.533200 0.384454
0.533400 0.386380
0.533600 0.388318
0.533800 0.390269
0.534000 0.392232
0.534200 0.394207
0.534400 0.396194
0.534600 0.398193
0.534800 0.400205
0.535000 0.402229
0.535200 0.404266
0.535400 0.406314
0.535600 0.408375
0.535800 0.410449
0.536000 0.412535
0.536200 0.414633
0.536400 0.416744
0.536600 0.418867
0.536800 0.421003
0.537000 0.423151
0.537200 0.425311
0.537400 0.427485
0.537600 0.429670
0.537800 0.431868
0.538000 0.434079
0.538200 0.436302
0.538400 0.438538
0.538600 0.440786
0.538800 0.443048
0.539000 0.445321
0.539200 0.447607
0.539400 0.449906
0.539600 0.452218
0.539800 0.454542
0.540000 0.456879
0.540200 0.459229
0.540400 0.461591
0.540600 0.463966
0.540800 0.466354
0.541000 0.468754
0.541200 0.471167
0.541400 0.473593
0.541600 0.476032
0.541800 0.478483
0.542000 0.480948
0.542200 0.483425
0.542400 0.485915
0.542600 0.488417
0.542800 0.490933
0.543000 0.493461
0.543200 0.496002
0.543400 0.498556
0.543600 0.501123
0.543800 0.503702
0.544000 0.506295
0.544200 0.508900
0.544400 0.511518
0.544600 0.514149
0.544800 0.516793
0.545000 0.519450
0.545200 0.522120
0.545400 0.524802
0.545600 0.527498
0.545800 0.530206
0.546000 0.532927
0.546200 0.535661
0.546400 0.538408
0.546600 0.541168
0.546800 0.543941
0.547000 0.546727
0.547200 0.549525
0.547400 0.552337
0.547600 0.555161
0.547800 0.557999
0.548000 0.560849
0.548200 0.563712
0.548400 0.566588
0.548600 0.569477
0.548800 0.572378
0.549000 0.575293
0.549200 0.578221
0.549400 0.581161
0.549600 0.584114
0.549800 0.587080
0.550000 0.590060
0.550200 0.593051
0.550400 0.596056
0.550600 0.599074
0.550800 0.602104
0.551000 0.605147
0.551200 0.608204
0.551400 0.611273
0.551600 0.614354
0.551800 0.617449
0.552000 0.620556
0.552200 0.623676
0.552400 0.626809
0.552600 0.629955
0.552800 0.633114
0.553000 0.636285
0.553200 0.639469
0.553400 0.642665
0.553600 0.645875
0.553800 0.649097
0.554000 0.652332
0.554200 0.655579
0.554400 0.658840
0.554600 0.662112
0.554800 0.665398
0.555000 0.668696
0.555200 0.672007
0.555400 0.675330
0.555600 0.678666
0.555800 0.682014
0.556000 0.685375
0.556200 0.688749
0.556400 0.692135
0.556600 0.695534
0.556800 0.698945
0.557000 0.702368
0.557200 0.705804
0.557400 0.709252
0.557600 0.712713
0.557800 0.716186
0.558000 0.719672
0.558200 0.723170
0.558400 0.726680
0.558600 0.730202
0.558800 0.733737
0.559000 0.737284
0.559200 0.740843
0.559400 0.744414
0.559600 0.747998
0.559800 0.751594
0.560000 0.755202
0.560200 0.758821
0.560400 0.762453
0.560600 0.766097
0.560800 0.769754
0.561000 0.773422
0.561200 0.777102
0.561400 0.780794
0.561600 0.784497
0.561800 0.788213
0.562000 0.791941
0.562200 0.795680
0.562400 0.799431
0.562600 0.803194
0.562800 0.806969
0.563000 0.810755
0.563200 0.814553
0.563400 0.818363
0.563600 0.822184
0.563800 0.826016
0.564000 0.829861
0.564200 0.833716
0.564400 0.837584
0.564600 0.841462
0.564800 0.845352
0.565000 0.849253
0.565200 0.853166
0.565400 0.857090
0.565600 0.861025
0.565800 0.864971
0.566000 0.868928
0.566200 0.872897
0.566400 0.876876
0.566600 0.880867
0.566800 0.884869
0.567000 0.888881
0.567200 0.892904
0.567400 0.896939
0.567600 0.900984
0.567800 0.905039
0.568000 0.909106
0.568200 0.913183
0.568400 0.917271
0.568600 0.921369
0.568800 0.925478
0.569000 0.929598
0.569200 0.933727
0.569400 0.937868
0.569600 0.942018
0.569800 0.946179
0.570000 0.950350
0.570200 0.954531
0.570400 0.958723
0.570600 0.962924
0.570800 0.967136
0.571000 0.971358
0.571200 0.975589
0.571400 0.979830
0.571600 0.984082
0.571800 0.988343
0.572000 0.992613
0.572200 0.996894
0.572400 1.001184
0.572600 1.005483
0.572800 1.009792
0.573000 1.014111
0.573200 1.018439
0.573400 1.022776
0.573600 1.027122
0.573800 1.031478
0.574000 1.035843
0.574200 1.040216
0.574400 1.044599
0.574600 1.048991
0.574800 1.053392
0.575000 1.057802
0.575200 1.062220
0.575400 1.066647
0.575600 1.071083
0.575800 1.075527
0.576000 1.079980
0.576200 1.084441
0.576400 1.088911
0.576600 1.093389
0.576800 1.097875
0.577000 1.102370
0.577200 1.106872
0.577400 1.111383
0.577600 1.115902
0.577800 1.120428
0.578000 1.124963
0.578200 1.129505
0.578400 1.134055
0.578600 1.138612
0.578800 1.143178
0.579000 1.147750
0.579200 1.152330
0.579400 1.156918
0.579600 1.161512
0.579800 1.166114
0.580000 1.170723
0.580200 1.175339
0.580400 1.179962
0.580600 1.184592
0.580800 1.189229
0.581000 1.193872
0.581200 1.198523
0.581400 1.203179
0.581600 1.207843
0.581800 1.212512
0.582000 1.217188
0.582200 1.221871
0.582400 1.226559
0.582600 1.231254
0.582800 1.235955
0.583000 1.240661
0.583200 1.245374
0.583400 1.250092
0.583600 1.254816
0.583800 1.259546
0.584000 1.264281
0.584200 1.269022
0.584400 1.273768
0.584600 1.278519
0.584800 1.283276
0.585000 1.288037
0.585200 1.292804
0.585400 1.297576
0.585600 1.302352
0.585800 1.307134
0.586000 1.311919
0.586200 1.316710
0.586400 1.321505
0.586600 1.326305
0.586800 1.331108
0.587000 1.335916
0.587200 1.340729
0.587400 1.345545
0.587600 1.350365
0.587800 1.355189
0.588000 1.360017
0.588200 1.364849
0.588400 1.369684
0.588600 1.374523
0.588800 1.379365
0.589000 1.384210
0.589200 1.389059
0.589400 1.393911
0.589600 1.398765
0.589800 1.403623
0.590000 1.408484
0.590200 1.413347
0.590400 1.418213
0.590600 1.423082
0.590800 1.427953
0.591000 1.432826
0.591200 1.437702
0.591400 1.442580
0.591600 1.447460
0.591800 1.452342
0.592000 1.457226
0.592200 1.462112
0.592400 1.466999
0.592600 1.471888
0.592800 1.476778
0.593000 1.481670
0.593200 1.486563
0.593400 1.491457
0.593600 1.496353
0.593800 1.501249
0.594000 1.506146
0.594200 1.511044
0.594400 1.515943
0.594600 1.520842
0.594800 1.525742
0.595000 1.530642
0.595200 1.535543
0.595400 1.540443
0.595600 1.545344
0.595800 1.550245
0.596000 1.555146
0.596200 1.560046
0.596400 1.564946
0.596600 1.569846
0.596800 1.574745
0.597000 1.579644
0.597200 1.584542
0.597400 1.589439
0.597600 1.594335
0.597800 1.599230
0.598000 1.604124
0.598200 1.609017
0.598400 1.613908
0.598600 1.618798
0.598800 1.623687
0.599000 1.628574
0.599200 1.633459
0.599400 1.638342
0.599600 1.643224
0.599800 1.648104
0.600000 1.652981
0.600200 1.657856
0.600400 1.662729
0.600600 1.667600
0.600800 1.672468
0.601000 1.677333
0.601200 1.682196
0.601400 1.687056
0.601600 1.691914
0.601800 1.696768
0.602000 1.701619
0.602200 1.706467
0.602400 1.711312
0.602600 1.716154
0.602800 1.720992
0.603000 1.725827
0.603200 1.730658
0.603400 1.735486
0.603600 1.740309
0.603800 1.745129
0.604000 1.749946
0.604200 1.754758
0.604400 1.759566
0.604600 1.764370
0.604800 1.769170
0.605000 1.773965
0.605200 1.778757
0.605400 1.783543
0.605600 1.788326
0.605800 1.793104
0.606000 1.797877
0.606200 1.802645
0.606400 1.807409
0.606600 1.812168
0.606800 1.816922
0.607000 1.821672
0.607200 1.826416
0.607400 1.831155
0.607600 1.835890
0.607800 1.840619
0.608000 1.845343
0.608200 1.850062
0.608400 1.854776
0.608600 1.859484
0.608800 1.864188
0.609000 1.868886
0.609200 1.873579
0.609400 1.878266
0.609600 1.882948
0.609800 1.887625
0.610000 1.892296
0.610200 1.896962
0.610400 1.901623
0.610600 1.906278
0.610800 1.910929
0.611000 1.915573
0.611200 1.920213
0.611400 1.924847
0.611600 1.929476
0.611800 1.934100
0.612000 1.938718
0.612200 1.943332
0.612400 1.947940
0.612600 1.952543
0.612800 1.957142
0.613000 1.961735
0.613200 1.966324
0.613400 1.970908
0.613600 1.975487
0.613800 1.980062
0.614000 1.984632
0.614200 1.989198
0.614400 1.993760
0.614600 1.998318
0.614800 2.002871
0.615000 2.007421
0.615200 2.011967
0.615400 2.016510
0.615600 2.021049
0.615800 2.025585
0.616000 2.030119
0.616200 2.034649
0.616400 2.039177
0.616600 2.043702
0.616800 2.048225
0.617000 2.052746
0.617200 2.057266
0.617400 2.061784
0.617600 2.066301
0.617800 2.070817
0.618000 2.075332
0.618200 2.079847
0.618400 2.084362
0.618600 2.088878
0.618800 2.093393
0.619000 2.097910
0.619200 2.102429
0.619400 2.106949
0.619600 2.111471
0.619800 2.115995
0.620000 2.120523
0.620200 2.125054
0.620400 2.129589
0.620600 2.134128
0.620800 2.138671
0.621000 2.143220
0.621200 2.147775
0.621400 2.152336
0.621600 2.156903
0.621800 2.161478
0.622000 2.166061
0.622200 2.170653
0.622400 2.175253
0.622600 2.179863
0.622800 2.184484
0.623000 2.189115
0.623200 2.193759
0.623400 2.198414
0.623600 2.203083
0.623800 2.207766
0.624000 2.212463
0.624200 2.217175
0.624400 2.221904
0.624600 2.226650
0.624800 2.231413
0.625000 2.236196
0.625200 2.240997
0.625400 2.245820
0.625600 2.250663
0.625800 2.255529
0.626000 2.260418
0.626200 2.265331
0.626400 2.270270
0.626600 2.275235
0.626800 2.280227
0.627000 2.285248
0.627200 2.290298
0.627400 2.295379
0.627600 2.300491
0.627800 2.305637
0.628000 2.310817
0.628200 2.316032
0.628400 2.321283
0.628600 2.326573
0.628800 2.331901
0.629000 2.337270
0.629200 2.342681
0.629400 2.348135
0.629600 2.353634
0.629800 2.359178
0.630000 2.364770
0.630200 2.370411
0.630400 2.376102
0.630600 2.381845
0.630800 2.387641
0.631000 2.393492
0.631200 2.399399
0.631400 2.405365
0.631600 2.411390
0.631800 2.417476
0.632000 2.423626
0.632200 2.429840
0.632400 2.436121
0.632600 2.442470
0.632800 2.448889
0.633000 2.455379
0.633200 2.461943
0.633400 2.468582
0.633600 2.475299
0.633800 2.482094
0.634000 2.488970
0.634200 2.495929
0.634400 2.502973
0.634600 2.510104
0.634800 2.517323
0.635000 2.524633
0.635200 2.532035
0.635400 2.539532
0.635600 2.547125
0.635800 2.554818
0.636000 2.562611
0.636200 2.570507
0.636400 2.578507
0.636600 2.586615
0.636800 2.594832
0.637000 2.603160
0.637200 2.611601
0.637400 2.620157
0.637600 2.628832
0.637800 2.637626
0.638000 2.646541
0.638200 2.655581
0.638400 2.664747
0.638600 2.674042
0.638800 2.683467
0.639000 2.693024
0.639200 2.702717
0.639400 2.712546
0.639600 2.722515
0.639800 2.732624
0.640000 2.742878
0.640200 2.753277
0.640400 2.763823
0.640600 2.774519
0.640800 2.785368
0.641000 2.796370
0.641200 2.807528
0.641400 2.818845
0.641600 2.830322
0.641800 2.841961
0.642000 2.853764
0.642200 2.865733
0.642400 2.877871
0.642600 2.890178
0.642800 2.902658
0.643000 2.915311
0.643200 2.928140
0.643400 2.941147
0.643600 2.954333
0.643800 2.967700
0.644000 2.981249
0.644200 2.994983
0.644400 3.008903
0.644600 3.023011
0.644800 3.037308
0.645000 3.051795
0.645200 3.066474
0.645400 3.081347
0.645600 3.096414
0.645800 3.111677
0.646000 3.127137
0.646200 3.142796
0.646400 3.158654
0.646600 3.174713
0.646800 3.190973
0.647000 3.207436
0.647200 3.224101
0.647400 3.240971
0.647600 3.258045
0.647800 3.275324
0.648000 3.292809
0.648200 3.310500
0.648400 3.328398
0.648600 3.346503
0.648800 3.364815
0.649000 3.383334
0.649200 3.402060
0.649400 3.420993
0.649600 3.440134
0.649800 3.459481
0.650000 3.479035
0.650200 3.498794
0.650400 3.518760
0.650600 3.538930
0.650800 3.559304
0.651000 3.579881
0.651200 3.600661
0.651400 3.621642
0.651600 3.642824
0.651800 3.664204
0.652000 3.685782
0.652200 3.707556
0.652400 3.729524
0.652600 3.751685
0.652800 3.774037
0.653000 3.796578
0.653200 3.819306
0.653400 3.842219
0.653600 3.865314
0.653800 3.888589
0.654000 3.912041
0.654200 3.935669
0.654400 3.959468
0.654600 3.983437
0.654800 4.007571
0.655000 4.031869
0.655200 4.056326
0.655400 4.080940
0.655600 4.105706
0.655800 4.130621
0.656000 4.155682
0.656200 4.180884
0.656400 4.206224
0.656600 4.231697
0.656800 4.257298
0.657000 4.283025
0.657200 4.308871
0.657400 4.334833
0.657600 4.360905
0.657800 4.387083
0.658000 4.413362
0.658200 4.439737
0.658400 4.466202
0.658600 4.492751
0.658800 4.519381
0.659000 4.546084
0.659200 4.572855
0.659400 4.599689
0.659600 4.626579
0.659800 4.653520
0.660000 4.680505
0.660200 4.707528
0.660400 4.734582
0.660600 4.761662
0.660800 4.788760
0.661000 4.815870
0.661200 4.842985
0.661400 4.870099
0.661600 4.897204
0.661800 4.924293
0.662000 4.951360
0.662200 4.978397
0.662400 5.005396
0.662600 5.032351
0.662800 5.059254
0.663000 5.086097
0.663200 5.112873
0.663400 5.139575
0.663600 5.166194
0.663800 5.192724
0.664000 5.219155
0.664200 5.245481
0.664400 5.271692
0.664600 5.297783
0.664800 5.323744
0.665000 5.349567
0.665200 5.375245
0.665400 5.400769
0.665600 5.426131
0.665800 5.451323
0.666000 5.476337
0.666200 5.501166
0.666400 5.525800
0.666600 5.550231
0.666800 5.574452
0.667000 5.598454
0.667200 5.622229
0.667400 5.645770
0.667600 5.669067
0.667800 5.692113
0.668000 5.714900
0.668200 5.737419
0.668400 5.759663
0.668600 5.781625
0.668800 5.803295
0.669000 5.824666
0.669200 5.845731
0.669400 5.866481
0.669600 5.886909
0.669800 5.907007
0.670000 5.926768
0.670200 5.946185
0.670400 5.965249
0.670600 5.983954
0.670800 6.002293
0.671000 6.020257
0.671200 6.037842
0.671400 6.055038
0.671600 6.071841
0.671800 6.088242
0.672000 6.104235
0.672200 6.119815
0.672400 6.134974
0.672600 6.149707
0.672800 6.164007
0.673000 6.177868
0.673200 6.191285
0.673400 6.204252
0.673600 6.216763
0.673800 6.228814
0.674000 6.240398
0.674200 6.251511
0.674400 6.262148
0.674600 6.272304
0.674800 6.281975
0.675000 6.291156
0.675200 6.299842
0.675400 6.308031
0.675600 6.315718
0.675800 6.322899
0.676000 6.329571
0.676200 6.335730
0.676400 6.341374
0.676600 6.346499
0.676800 6.351102
0.677000 6.355182
0.677200 6.358735
0.677400 6.361759
0.677600 6.364253
0.677800 6.366215
0.678000 6.367642
0.678200 6.368534
0.678400 6.368890
0.678600 6.368707
0.678800 6.367987
0.679000 6.366727
0.679200 6.364928
0.679400 6.362589
0.679600 6.359711
0.679800 6.356294
0.680000 6.352337
0.680200 6.347842
0.680400 6.342810
0.680600 6.337241
0.680800 6.331137
0.681000 6.324499
0.681200 6.317330
0.681400 6.309629
0.681600 6.301401
0.681800 6.292647
0.682000 6.283368
0.682200 6.273569
0.682400 6.263252
0.682600 6.252420
0.682800 6.241076
0.683000 6.229223
0.683200 6.216865
0.683400 6.204006
0.683600 6.190649
0.683800 6.176800
0.684000 6.162461
0.684200 6.147638
0.684400 6.132335
0.684600 6.116557
0.684800 6.100309
0.685000 6.083596
0.685200 6.066424
0.685400 6.048797
0.685600 6.030721
0.685800 6.012203
0.686000 5.993247
0.686200 5.973860
0.686400 5.954049
0.686600 5.933818
0.686800 5.913176
0.687000 5.892128
0.687200 5.870681
0.687400 5.848841
0.687600 5.826616
0.687800 5.804013
0.688000 5.781039
0.688200 5.757701
0.688400 5.734006
0.688600 5.709961
0.688800 5.685575
0.689000 5.660854
0.689200 5.635807
0.689400 5.610441
0.689600 5.584764
0.689800 5.558784
0.690000 5.532508
0.690200 5.505945
0.690400 5.479103
0.690600 5.451989
0.690800 5.424612
0.691000 5.396981
0.691200 5.369102
0.691400 5.340985
0.691600 5.312638
0.691800 5.284069
0.692000 5.255286
0.692200 5.226298
0.692400 5.197112
0.692600 5.167738
0.692800 5.138183
0.693000 5.108457
0.693200 5.078566
0.693400 5.048520
0.693600 5.018326
0.693800 4.987994
0.694000 4.957530
0.694200 4.926944
0.694400 4.896244
0.694600 4.865437
0.694800 4.834532
0.695000 4.803537
0.695200 4.772460
0.695400 4.741308
0.695600 4.710090
0.695800 4.678814
0.696000 4.647486
0.696200 4.616116
0.696400 4.584710
0.696600 4.553277
0.696800 4.521822
0.697000 4.490355
0.697200 4.458883
0.697400 4.427411
0.697600 4.395949
0.697800 4.364502
0.698000 4.333078
0.698200 4.301684
0.698400 4.270326
0.698600 4.239011
0.698800 4.207746
0.699000 4.176538
0.699200 4.145391
0.699400 4.114314
0.699600 4.083311
0.699800 4.052390
0.700000 4.021555
0.700200 3.990814
0.700400 3.960171
0.700600 3.929632
0.700800 3.899202
0.701000 3.868888
0.701200 3.838693
0.701400 3.808624
0.701600 3.778686
0.701800 3.748882
0.702000 3.719218
0.702200 3.689699
0.702400 3.660329
0.702600 3.631112
0.702800 3.602053
0.703000 3.573156
0.703200 3.544424
0.703400 3.515862
0.703600 3.487474
0.703800 3.459262
0.704000 3.431231
0.704200 3.403384
0.704400 3.375724
0.704600 3.348254
0.704800 3.320978
0.705000 3.293897
0.705200 3.267016
0.705400 3.240336
0.705600 3.213860
0.705800 3.187590
0.706000 3.161529
0.706200 3.135679
0.706400 3.110041
0.706600 3.084618
0.706800 3.059412
0.707000 3.034424
0.707200 3.009656
0.707400 2.985108
0.707600 2.960784
0.707800 2.936683
0.708000 2.912807
0.708200 2.889157
0.708400 2.865734
0.708600 2.842538
0.708800 2.819571
0.709000 2.796833
0.709200 2.774324
0.709400 2.752045
0.709600 2.729996
0.709800 2.708177
0.710000 2.686589
0.710200 2.665232
0.710400 2.644105
0.710600 2.623209
0.710800 2.602542
0.711000 2.582106
0.711200 2.561899
0.711400 2.541921
0.711600 2.522171
0.711800 2.502649
0.712000 2.483354
0.712200 2.464286
0.712400 2.445443
0.712600 2.426825
0.712800 2.408431
0.713000 2.390259
0.713200 2.372308
0.713400 2.354578
0.713600 2.337068
0.713800 2.319775
0.714000 2.302699
0.714200 2.285838
0.714400 2.269191
0.714600 2.252756
0.714800 2.236532
0.715000 2.220517
0.715200 2.204710
0.715400 2.189109
0.715600 2.173712
0.715800 2.158518
0.716000 2.143525
0.716200 2.128731
0.716400 2.114134
0.716600 2.099733
0.716800 2.085525
0.717000 2.071509
0.717200 2.057683
0.717400 2.044044
0.717600 2.030591
0.717800 2.017322
0.718000 2.004235
0.718200 1.991327
0.718400 1.978597
0.718600 1.966043
0.718800 1.953662
0.719000 1.941453
0.719200 1.929413
0.719400 1.917541
0.719600 1.905834
0.719800 1.894289
0.720000 1.882906
0.720200 1.871682
0.720400 1.860614
0.720600 1.849701
0.720800 1.838940
0.721000 1.828330
0.721200 1.817868
0.721400 1.807552
0.721600 1.797380
0.721800 1.787350
0.722000 1.777460
0.722200 1.767707
0.722400 1.758091
0.722600 1.748607
0.722800 1.739255
0.723000 1.730033
0.723200 1.720938
0.723400 1.711968
0.723600 1.703122
0.723800 1.694397
0.724000 1.685791
0.724200 1.677303
0.724400 1.668930
0.724600 1.660671
0.724800 1.652523
0.725000 1.644485
0.725200 1.636554
0.725400 1.628730
0.725600 1.621010
0.725800 1.613392
0.726000 1.605874
0.726200 1.598455
0.726400 1.591133
0.726600 1.583906
0.726800 1.576772
0.727000 1.569730
0.727200 1.562778
0.727400 1.555915
0.727600 1.549138
0.727800 1.542446
0.728000 1.535837
0.728200 1.529311
0.728400 1.522865
0.728600 1.516498
0.728800 1.510208
0.729000 1.503994
0.729200 1.497854
0.729400 1.491787
0.729600 1.485792
0.729800 1.479867
0.730000 1.474011
0.730200 1.468222
0.730400 1.462499
0.730600 1.456842
0.730800 1.451247
0.731000 1.445715
0.731200 1.440245
0.731400 1.434834
0.731600 1.429481
0.731800 1.424186
0.732000 1.418948
0.732200 1.413765
0.732400 1.408636
0.732600 1.403560
0.732800 1.398536
0.733000 1.393564
0.733200 1.388641
0.733400 1.383767
0.733600 1.378942
0.733800 1.374163
0.734000 1.369431
0.734200 1.364744
0.734400 1.360101
0.734600 1.355502
0.734800 1.350946
0.735000 1.346431
0.735200 1.341958
0.735400 1.337525
0.735600 1.333131
0.735800 1.328777
0.736000 1.324460
0.736200 1.320180
0.736400 1.315937
0.736600 1.311731
0.736800 1.307559
0.737000 1.303422
0.737200 1.299319
0.737400 1.295249
0.737600 1.291212
0.737800 1.287208
0.738000 1.283235
0.738200 1.279293
0.738400 1.275382
0.738600 1.271500
0.738800 1.267649
0.739000 1.263826
0.739200 1.260032
0.739400 1.256265
0.739600 1.252527
0.739800 1.248815
0.740000 1.245131
0.740200 1.241473
0.740400 1.237840
0.740600 1.234233
0.740800 1.230652
0.741000 1.227095
0.741200 1.223563
0.741400 1.220054
0.741600 1.216570
0.741800 1.213109
0.742000 1.209671
0.742200 1.206255
0.742400 1.202863
0.742600 1.199492
0.742800 1.196143
0.743000 1.192816
0.743200 1.189511
0.743400 1.186227
0.743600 1.182963
0.743800 1.179720
0.744000 1.176498
0.744200 1.173296
0.744400 1.170114
0.744600 1.166952
0.744800 1.163809
0.745000 1.160686
0.745200 1.157582
0.745400 1.154497
0.745600 1.151431
0.745800 1.148384
0.746000 1.145355
0.746200 1.142344
0.746400 1.139352
0.746600 1.136378
0.746800 1.133422
0.747000 1.130484
0.747200 1.127564
0.747400 1.124661
0.747600 1.121776
0.747800 1.118908
0.748000 1.116057
0.748200 1.113223
0.748400 1.110407
0.748600 1.107607
0.748800 1.104824
0.749000 1.102059
0.749200 1.099309
0.749400 1.096577
0.749600 1.093860
0.749800 1.091161
0.750000 1.088477
0.750200 1.085810
0.750400 1.083159
0.750600 1.080525
0.750800 1.077906
0.751000 1.075304
0.751200 1.072717
0.751400 1.070146
0.751600 1.067592
0.751800 1.065053
0.752000 1.062530
0.752200 1.060022
0.752400 1.057531
0.752600 1.055055
0.752800 1.052594
0.753000 1.050149
0.753200 1.047720
0.753400 1.045306
0.753600 1.042908
0.753800 1.040525
0.754000 1.038157
0.754200 1.035805
0.754400 1.033468
0.754600 1.031147
0.754800 1.028841
0.755000 1.026550
0.755200 1.024274
0.755400 1.022013
0.755600 1.019768
0.755800 1.017538
0.756000 1.015323
0.756200 1.013123
0.756400 1.010938
0.756600 1.008769
0.756800 1.006614
0.757000 1.004474
0.757200 1.002350
0.757400 1.000240
0.757600 0.998146
0.757800 0.996066
0.758000 0.994002
0.758200 0.991952
0.758400 0.989918
0.758600 0.987898
0.758800 0.985893
0.759000 0.983903
0.759200 0.981928
0.759400 0.979968
0.759600 0.978023
0.759800 0.976092
0.760000 0.974177
0.760200 0.972276
0.760400 0.970390
0.760600 0.968519
0.760800 0.966662
0.761000 0.964821
0.761200 0.962994
0.761400 0.961182
0.761600 0.959384
0.761800 0.957602
0.762000 0.955834
0.762200 0.954081
0.762400 0.952342
0.762600 0.950618
0.762800 0.948909
0.763000 0.947214
0.763200 0.945534
0.763400 0.943869
0.763600 0.942218
0.763800 0.940582
0.764000 0.938961
0.764200 0.937354
0.764400 0.935761
0.764600 0.934183
0.764800 0.932620
0.765000 0.931071
0.765200 0.929537
0.765400 0.928017
0.765600 0.926511
0.765800 0.925020
0.766000 0.923544
0.766200 0.922081
0.766400 0.920634
0.766600 0.919200
0.766800 0.917781
0.767000 0.916377
0.767200 0.914986
0.767400 0.913610
0.767600 0.912248
0.767800 0.910901
0.768000 0.909568
0.768200 0.908249
0.768400 0.906944
0.768600 0.905654
0.768800 0.904377
0.769000 0.903115
0.769200 0.901867
0.769400 0.900633
0.769600 0.899413
0.769800 0.898207
0.770000 0.897016
0.770200 0.895838
0.770400 0.894674
0.770600 0.893525
0.770800 0.892389
0.771000 0.891267
0.771200 0.890159
0.771400 0.889065
0.771600 0.887985
0.771800 0.886919
0.772000 0.885867
0.772200 0.884828
0.772400 0.883803
0.772600 0.882792
0.772800 0.881795
0.773000 0.880811
0.773200 0.879842
0.773400 0.878885
0.773600 0.877943
0.773800 0.877013
0.774000 0.876098
0.774200 0.875196
0.774400 0.874307
0.774600 0.873433
0.774800 0.872571
0.775000 0.871723
0.775200 0.870888
0.775400 0.870067
0.775600 0.869259
0.775800 0.868464
0.776000 0.867683
0.776200 0.866915
0.776400 0.866160
0.776600 0.865418
0.776800 0.864689
0.777000 0.863974
0.777200 0.863271
0.777400 0.862582
0.777600 0.861906
0.777800 0.861242
0.778000 0.860592
0.778200 0.859954
0.778400 0.859330
0.778600 0.858718
0.778800 0.858119
0.779000 0.857533
0.779200 0.856960
0.779400 0.856399
0.779600 0.855851
0.779800 0.855316
0.780000 0.854794
0.780200 0.854284
0.780400 0.853786
0.780600 0.853301
0.780800 0.852828
0.781000 0.852368
0.781200 0.851921
0.781400 0.851485
0.781600 0.851062
0.781800 0.850652
0.782000 0.850253
0.782200 0.849867
0.782400 0.849493
0.782600 0.849131
0.782800 0.848781
0.783000 0.848443
0.783200 0.848117
0.783400 0.847804
0.783600 0.847502
0.783800 0.847212
0.784000 0.846934
0.784200 0.846667
0.784400 0.846413
0.784600 0.846170
0.784800 0.845939
0.785000 0.845719
0.785200 0.845512
0.785400 0.845315
0.785600 0.845131
0.785800 0.844957
0.786000 0.844796
0.786200 0.844645
0.786400 0.844506
0.786600 0.844379
0.786800 0.844262
0.787000 0.844157
0.787200 0.844063
0.787400 0.843980
0.787600 0.843909
0.787800 0.843848
0.788000 0.843798
0.788200 0.843760
0.788400 0.843732
0.788600 0.843715
0.788800 0.843709
0.789000 0.843714
0.789200 0.843730
0.789400 0.843756
0.789600 0.843793
0.789800 0.843840
0.790000 0.843899
0.790200 0.843967
0.790400 0.844046
0.790600 0.844136
0.790800 0.844236
0.791000 0.844346
0.791200 0.844467
0.791400 0.844598
0.791600 0.844739
0.791800 0.844890
0.792000 0.845052
0.792200 0.845223
0.792400 0.845405
0.792600 0.845596
0.792800 0.845798
0.793000 0.846009
0.793200 0.846230
0.793400 0.846461
0.793600 0.846702
0.793800 0.846952
0.794000 0.847212
0.794200 0.847482
0.794400 0.847761
0.794600 0.848049
0.794800 0.848348
0.795000 0.848655
0.795200 0.848972
0.795400 0.849298
0.795600 0.849634
0.795800 0.849978
0.796000 0.850332
0.796200 0.850695
0.796400 0.851067
0.796600 0.851448
0.796800 0.851838
0.797000 0.852237
0.797200 0.852645
0.797400 0.853062
0.797600 0.853487
0.797800 0.853921
0.798000 0.854364
0.798200 0.854815
0.798400 0.855275
0.798600 0.855744
0.798800 0.856221
0.799000 0.856707
0.799200 0.857200
0.799400 0.857703
0.799600 0.858213
0.799800 0.858732
0.800000 0.859259
0.800200 0.859794
0.800400 0.860337
0.800600 0.860888
0.800800 0.861447
0.801000 0.862014
0.801200 0.862589
0.801400 0.863172
0.801600 0.863762
0.801800 0.864360
0.802000 0.864966
0.802200 0.865580
0.802400 0.866201
0.802600 0.866830
0.802800 0.867466
0.803000 0.868109
0.803200 0.868760
0.803400 0.869419
0.803600 0.870084
0.803800 0.870757
0.804000 0.871437
0.804200 0.872124
0.804400 0.872818
0.804600 0.873519
0.804800 0.874227
0.805000 0.874942
0.805200 0.875664
0.805400 0.876393
0.805600 0.877129
0.805800 0.877871
0.806000 0.878620
0.806200 0.879375
0.806400 0.880137
0.806600 0.880906
0.806800 0.881681
0.807000 0.882463
0.807200 0.883250
0.807400 0.884045
0.807600 0.884845
0.807800 0.885652
0.808000 0.886465
0.808200 0.887283
0.808400 0.888108
0.808600 0.888939
0.808800 0.889776
0.809000 0.890619
0.809200 0.891468
0.809400 0.892322
0.809600 0.893183
0.809800 0.894049
0.810000 0.894920
0.810200 0.895797
0.810400 0.896680
0.810600 0.897569
0.810800 0.898462
0.811000 0.899361
0.811200 0.900266
0.811400 0.901176
0.811600 0.902091
0.811800 0.903011
0.812000 0.903936
0.812200 0.904867
0.812400 0.905802
0.812600 0.906743
0.812800 0.907688
0.813000 0.908639
0.813200 0.909594
0.813400 0.910554
0.813600 0.911519
0.813800 0.912488
0.814000 0.913462
0.814200 0.914441
0.814400 0.915424
0.814600 0.916412
0.814800 0.917404
0.815000 0.918400
0.815200 0.919401
0.815400 0.920407
0.815600 0.921416
0.815800 0.922430
0.816000 0.923447
0.816200 0.924469
0.816400 0.925495
0.816600 0.926525
0.816800 0.927559
0.817000 0.928597
0.817200 0.929639
0.817400 0.930684
0.817600 0.931733
0.817800 0.932786
0.818000 0.933843
0.818200 0.934903
0.818400 0.935967
0.818600 0.937034
0.818800 0.938104
0.819000 0.939179
0.819200 0.940256
0.819400 0.941337
0.819600 0.942421
0.819800 0.943508
0.820000 0.944599
0.820200 0.945692
0.820400 0.946789
0.820600 0.947888
0.820800 0.948991
0.821000 0.950096
0.821200 0.951205
0.821400 0.952316
0.821600 0.953430
0.821800 0.954547
0.822000 0.955666
0.822200 0.956788
0.822400 0.957913
0.822600 0.959040
0.822800 0.960170
0.823000 0.961302
0.823200 0.962437
0.823400 0.963574
0.823600 0.964713
0.823800 0.965855
0.824000 0.966998
0.824200 0.968144
0.824400 0.969292
0.824600 0.970442
0.824800 0.971594
0.825000 0.972748
0.825200 0.973905
0.825400 0.975062
0.825600 0.976222
0.825800 0.977384
0.826000 0.978547
0.826200 0.979712
0.826400 0.980879
0.826600 0.982047
0.826800 0.983217
0.827000 0.984389
0.827200 0.985561
0.827400 0.986736
0.827600 0.987911
0.827800 0.989089
0.828000 0.990267
0.828200 0.991447
0.828400 0.992627
0.828600 0.993809
0.828800 0.994993
0.829000 0.996177
0.829200 0.997362
0.829400 0.998548
0.829600 0.999736
0.829800 1.000924
0.830000 1.002113
0.830200 1.003302
0.830400 1.004493
0.830600 1.005684
0.830800 1.006876
0.831000 1.008069
0.831200 1.009262
0.831400 1.010456
0.831600 1.011650
0.831800 1.012845
0.832000 1.014041
0.832200 1.015236
0.832400 1.016432
0.832600 1.017629
0.832800 1.018825
0.833000 1.020022
0.833200 1.021219
0.833400 1.022416
0.833600 1.023614
0.833800 1.024811
0.834000 1.026009
0.834200 1.027206
0.834400 1.028404
0.834600 1.029601
0.834800 1.030798
0.835000 1.031995
0.835200 1.033192
0.835400 1.034389
0.835600 1.035585
0.835800 1.036782
0.836000 1.037977
0.836200 1.039173
0.836400 1.040368
0.836600 1.041562
0.836800 1.042757
0.837000 1.043950
0.837200 1.045143
0.837400 1.046336
0.837600 1.047528
0.837800 1.048719
0.838000 1.049910
0.838200 1.051100
0.838400 1.052289
0.838600 1.053478
0.838800 1.054665
0.839000 1.055852
0.839200 1.057038
0.839400 1.058223
0.839600 1.059408
0.839800 1.060591
0.840000 1.061774
0.840200 1.062955
0.840400 1.064136
0.840600 1.065315
0.840800 1.066494
0.841000 1.067671
0.841200 1.068848
0.841400 1.070023
0.841600 1.071198
0.841800 1.072371
0.842000 1.073543
0.842200 1.074714
0.842400 1.075884
0.842600 1.077052
0.842800 1.078220
0.843000 1.079386
0.843200 1.080551
0.843400 1.081715
0.843600 1.082878
0.843800 1.084040
0.844000 1.085200
0.844200 1.086360
0.844400 1.087518
0.844600 1.088675
0.844800 1.089831
0.845000 1.090985
0.845200 1.092139
0.845400 1.093292
0.845600 1.094443
0.845800 1.095593
0.846000 1.096743
0.846200 1.097891
0.846400 1.099038
0.846600 1.100185
0.846800 1.101330
0.847000 1.102475
0.847200 1.103619
0.847400 1.104762
0.847600 1.105904
0.847800 1.107046
0.848000 1.108187
0.848200 1.109327
0.848400 1.110467
0.848600 1.111606
0.848800 1.112745
0.849000 1.113884
0.849200 1.115023
0.849400 1.116161
0.849600 1.117300
0.849800 1.118438
0.850000 1.119577
0.850200 1.120716
0.850400 1.121856
0.850600 1.122995
0.850800 1.124136
0.851000 1.125277
0.851200 1.126420
0.851400 1.127563
0.851600 1.128707
0.851800 1.129853
0.852000 1.131001
0.852200 1.132150
0.852400 1.133300
0.852600 1.134453
0.852800 1.135609
0.853000 1.136766
0.853200 1.137927
0.853400 1.139090
0.853600 1.140256
0.853800 1.141426
0.854000 1.142600
0.854200 1.143777
0.854400 1.144958
0.854600 1.146144
0.854800 1.147335
0.855000 1.148530
0.855200 1.149731
0.855400 1.150938
0.855600 1.152150
0.855800 1.153369
0.856000 1.154595
0.856200 1.155827
0.856400 1.157068
0.856600 1.158316
0.856800 1.159572
0.857000 1.160837
0.857200 1.162111
0.857400 1.163395
0.857600 1.164689
0.857800 1.165993
0.858000 1.167309
0.858200 1.168636
0.858400 1.169975
0.858600 1.171327
0.858800 1.172693
0.859000 1.174072
0.859200 1.175465
0.859400 1.176874
0.859600 1.178299
0.859800 1.179740
0.860000 1.181198
0.860200 1.182673
0.860400 1.184168
0.860600 1.185681
0.860800 1.187215
0.861000 1.188769
0.861200 1.190345
0.861400 1.191944
0.861600 1.193566
0.861800 1.195212
0.862000 1.196883
0.862200 1.198580
0.862400 1.200304
0.862600 1.202056
0.862800 1.203837
0.863000 1.205647
0.863200 1.207489
0.863400 1.209363
0.863600 1.211270
0.863800 1.213211
0.864000 1.215187
0.864200 1.217200
0.864400 1.219251
0.864600 1.221341
0.864800 1.223470
0.865000 1.225642
0.865200 1.227856
0.865400 1.230114
0.865600 1.232418
0.865800 1.234769
0.866000 1.237168
0.866200 1.239616
0.866400 1.242116
0.866600 1.244668
0.866800 1.247275
0.867000 1.249937
0.867200 1.252657
0.867400 1.255435
0.867600 1.258275
0.867800 1.261176
0.868000 1.264141
0.868200 1.267172
0.868400 1.270270
0.868600 1.273438
0.868800 1.276676
0.869000 1.279987
0.869200 1.283372
0.869400 1.286834
0.869600 1.290375
0.869800 1.293996
0.870000 1.297699
0.870200 1.301486
0.870400 1.305359
0.870600 1.309321
0.870800 1.313372
0.871000 1.317517
0.871200 1.321755
0.871400 1.326090
0.871600 1.330524
0.871800 1.335059
0.872000 1.339696
0.872200 1.344439
0.872400 1.349289
0.872600 1.354248
0.872800 1.359319
0.873000 1.364504
0.873200 1.369806
0.873400 1.375226
0.873600 1.380766
0.873800 1.386430
0.874000 1.392219
0.874200 1.398136
0.874400 1.404183
0.874600 1.410362
0.874800 1.416675
0.875000 1.423126
0.875200 1.429715
0.875400 1.436447
0.875600 1.443321
0.875800 1.450342
0.876000 1.457511
0.876200 1.464831
0.876400 1.472304
0.876600 1.479932
0.876800 1.487717
0.877000 1.495662
0.877200 1.503769
0.877400 1.512040
0.877600 1.520477
0.877800 1.529082
0.878000 1.537858
0.878200 1.546806
0.878400 1.555928
0.878600 1.565228
0.878800 1.574705
0.879000 1.584364
0.879200 1.594204
0.879400 1.604229
0.879600 1.614440
0.879800 1.624839
0.880000 1.635427
0.880200 1.646207
0.880400 1.657179
0.880600 1.668346
0.880800 1.679709
0.881000 1.691269
0.881200 1.703027
0.881400 1.714986
0.881600 1.727146
0.881800 1.739508
0.882000 1.752074
0.882200 1.764844
0.882400 1.777819
0.882600 1.791001
0.882800 1.804390
0.883000 1.817987
0.883200 1.831792
0.883400 1.845805
0.883600 1.860028
0.883800 1.874460
0.884000 1.889102
0.884200 1.903953
0.884400 1.919015
0.884600 1.934286
0.884800 1.949766
0.885000 1.965455
0.885200 1.981353
0.885400 1.997460
0.885600 2.013773
0.885800 2.030293
0.886000 2.047019
0.886200 2.063949
0.886400 2.081083
0.886600 2.098418
0.886800 2.115955
0.887000 2.133690
0.887200 2.151623
0.887400 2.169752
0.887600 2.188074
0.887800 2.206587
0.888000 2.225290
0.888200 2.244180
0.888400 2.263254
0.888600 2.282509
0.888800 2.301944
0.889000 2.321554
0.889200 2.341338
0.889400 2.361290
0.889600 2.381409
0.889800 2.401691
0.890000 2.422131
0.890200 2.442727
0.890400 2.463474
0.890600 2.484368
0.890800 2.505404
0.891000 2.526579
0.891200 2.547887
0.891400 2.569325
0.891600 2.590887
0.891800 2.612568
0.892000 2.634363
0.892200 2.656267
0.892400 2.678274
0.892600 2.700379
0.892800 2.722576
0.893000 2.744859
0.893200 2.767223
0.893400 2.789661
0.893600 2.812167
0.893800 2.834734
0.894000 2.857357
0.894200 2.880028
0.894400 2.902741
0.894600 2.925489
0.894800 2.948265
0.895000 2.971062
0.895200 2.993873
0.895400 3.016690
0.895600 3.039507
0.895800 3.062315
0.896000 3.085107
0.896200 3.107875
0.896400 3.130612
0.896600 3.153309
0.896800 3.175960
0.897000 3.198555
0.897200 3.221088
0.897400 3.243548
0.897600 3.265930
0.897800 3.288223
0.898000 3.310420
0.898200 3.332513
0.898400 3.354493
0.898600 3.376352
0.898800 3.398081
0.899000 3.419672
0.899200 3.441116
0.899400 3.462405
0.899600 3.483530
0.899800 3.504482
0.900000 3.525254
0.900200 3.545837
0.900400 3.566221
0.900600 3.586399
0.900800 3.606362
0.901000 3.626102
0.901200 3.645610
0.901400 3.664878
0.901600 3.683897
0.901800 3.702659
0.902000 3.721157
0.902200 3.739381
0.902400 3.757324
0.902600 3.774978
0.902800 3.792335
0.903000 3.809386
0.903200 3.826125
0.903400 3.842543
0.903600 3.858634
0.903800 3.874389
0.904000 3.889801
0.904200 3.904863
0.904400 3.919568
0.904600 3.933910
0.904800 3.947880
0.905000 3.961473
0.905200 3.974683
0.905400 3.987501
0.905600 3.999924
0.905800 4.011944
0.906000 4.023555
0.906200 4.034752
0.906400 4.045530
0.906600 4.055882
0.906800 4.065805
0.907000 4.075292
0.907200 4.084339
0.907400 4.092942
0.907600 4.101096
0.907800 4.108797
0.908000 4.116041
0.908200 4.122824
0.908400 4.129143
0.908600 4.134993
0.908800 4.140374
0.909000 4.145280
0.909200 4.149710
0.909400 4.153661
0.909600 4.157132
0.909800 4.160119
0.910000 4.162621
0.910200 4.164638
0.910400 4.166166
0.910600 4.167206
0.910800 4.167757
0.911000 4.167817
0.911200 4.167387
0.911400 4.166467
0.911600 4.165056
0.911800 4.163156
0.912000 4.160766
0.912200 4.157887
0.912400 4.154521
0.912600 4.150669
0.912800 4.146333
0.913000 4.141513
0.913200 4.136213
0.913400 4.130434
0.913600 4.124179
0.913800 4.117451
0.914000 4.110253
0.914200 4.102587
0.914400 4.094457
0.914600 4.085867
0.914800 4.076820
0.915000 4.067321
0.915200 4.057373
0.915400 4.046981
0.915600 4.036150
0.915800 4.024885
0.916000 4.013189
0.916200 4.001070
0.916400 3.988531
0.916600 3.975580
0.916800 3.962220
0.917000 3.948459
0.917200 3.934302
0.917400 3.919755
0.917600 3.904825
0.917800 3.889519
0.918000 3.873843
0.918200 3.857804
0.918400 3.841408
0.918600 3.824664
0.918800 3.807578
0.919000 3.790158
0.919200 3.772410
0.919400 3.754343
0.919600 3.735965
0.919800 3.717283
0.920000 3.698304
0.920200 3.679037
0.920400 3.659491
0.920600 3.639672
0.920800 3.619589
0.921000 3.599251
0.921200 3.578666
0.921400 3.557842
0.921600 3.536787
0.921800 3.515510
0.922000 3.494019
0.922200 3.472324
0.922400 3.450432
0.922600 3.428352
0.922800 3.406092
0.923000 3.383661
0.923200 3.361068
0.923400 3.338322
0.923600 3.315430
0.923800 3.292401
0.924000 3.269244
0.924200 3.245967
0.924400 3.222579
0.924600 3.199088
0.924800 3.175503
0.925000 3.151831
0.925200 3.128081
0.925400 3.104262
0.925600 3.080381
0.925800 3.056446
0.926000 3.032466
0.926200 3.008449
0.926400 2.984402
0.926600 2.960332
0.926800 2.936249
0.927000 2.912159
0.927200 2.888070
0.927400 2.863989
0.927600 2.839923
0.927800 2.815880
0.928000 2.791867
0.928200 2.767891
0.928400 2.743959
0.928600 2.720077
0.928800 2.696251
0.929000 2.672490
0.929200 2.648798
0.929400 2.625182
0.929600 2.601649
0.929800 2.578203
0.930000 2.554852
0.930200 2.531601
0.930400 2.508454
0.930600 2.485419
0.930800 2.462499
0.931000 2.439701
0.931200 2.417029
0.931400 2.394488
0.931600 2.372083
0.931800 2.349818
0.932000 2.327697
0.932200 2.305726
0.932400 2.283908
0.932600 2.262247
0.932800 2.240748
0.933000 2.219412
0.933200 2.198246
0.933400 2.177250
0.933600 2.156430
0.933800 2.135788
0.934000 2.115326
0.934200 2.095049
0.934400 2.074958
0.934600 2.055056
0.934800 2.035345
0.935000 2.015828
0.935200 1.996507
0.935400 1.977383
0.935600 1.958460
0.935800 1.939737
0.936000 1.921217
0.936200 1.902902
0.936400 1.884793
0.936600 1.866890
0.936800 1.849195
0.937000 1.831709
0.937200 1.814432
0.937400 1.797366
0.937600 1.780511
0.937800 1.763867
0.938000 1.747435
0.938200 1.731215
0.938400 1.715206
0.938600 1.699410
0.938800 1.683826
0.939000 1.668454
0.939200 1.653293
0.939400 1.638344
0.939600 1.623605
0.939800 1.609076
0.940000 1.594756
0.940200 1.580646
0.940400 1.566742
0.940600 1.553046
0.940800 1.539556
0.941000 1.526271
0.941200 1.513189
0.941400 1.500310
0.941600 1.487632
0.941800 1.475153
0.942000 1.462873
0.942200 1.450790
0.942400 1.438902
0.942600 1.427208
0.942800 1.415706
0.943000 1.404395
0.943200 1.393272
0.943400 1.382336
0.943600 1.371584
0.943800 1.361016
0.944000 1.350629
0.944200 1.340421
0.944400 1.330390
0.944600 1.320534
0.944800 1.310852
0.945000 1.301340
0.945200 1.291997
0.945400 1.282820
0.945600 1.273808
0.945800 1.264959
0.946000 1.256269
0.946200 1.247737
0.946400 1.239361
0.946600 1.231138
0.946800 1.223066
0.947000 1.215143
0.947200 1.207366
0.947400 1.199733
0.947600 1.192243
0.947800 1.184892
0.948000 1.177678
0.948200 1.170599
0.948400 1.163653
0.948600 1.156837
0.948800 1.150149
0.949000 1.143588
0.949200 1.137149
0.949400 1.130832
0.949600 1.124634
0.949800 1.118553
0.950000 1.112587
0.950200 1.106732
0.950400 1.100988
0.950600 1.095352
0.950800 1.089821
0.951000 1.084395
0.951200 1.079069
0.951400 1.073843
0.951600 1.068715
0.951800 1.063681
0.952000 1.058740
0.952200 1.053891
0.952400 1.049131
0.952600 1.044458
0.952800 1.039869
0.953000 1.035365
0.953200 1.030941
0.953400 1.026597
0.953600 1.022330
0.953800 1.018138
0.954000 1.014021
0.954200 1.009976
0.954400 1.006001
0.954600 1.002094
0.954800 0.998254
0.955000 0.994480
0.955200 0.990769
0.955400 0.987119
0.955600 0.983530
0.955800 0.980000
0.956000 0.976527
0.956200 0.973109
0.956400 0.969746
0.956600 0.966435
0.956800 0.963175
0.957000 0.959965
0.957200 0.956804
0.957400 0.953690
0.957600 0.950621
0.957800 0.947597
0.958000 0.944616
0.958200 0.941677
0.958400 0.938779
0.958600 0.935920
0.958800 0.933099
0.959000 0.930316
0.959200 0.927569
0.959400 0.924857
0.959600 0.922178
0.959800 0.919533
0.960000 0.916919
0.960200 0.914337
0.960400 0.911784
0.960600 0.909260
0.960800 0.906764
0.961000 0.904296
0.961200 0.901853
0.961400 0.899436
0.961600 0.897044
0.961800 0.894675
0.962000 0.892330
0.962200 0.890006
0.962400 0.887704
0.962600 0.885423
0.962800 0.883162
0.963000 0.880920
0.963200 0.878697
0.963400 0.876492
0.963600 0.874304
0.963800 0.872133
0.964000 0.869979
0.964200 0.867840
0.964400 0.865716
0.964600 0.863606
0.964800 0.861511
0.965000 0.859429
0.965200 0.857360
0.965400 0.855303
0.965600 0.853259
0.965800 0.851226
0.966000 0.849204
0.966200 0.847193
0.966400 0.845193
0.966600 0.843202
0.966800 0.841221
0.967000 0.839249
0.967200 0.837286
0.967400 0.835331
0.967600 0.833385
0.967800 0.831446
0.968000 0.829515
0.968200 0.827592
0.968400 0.825675
0.968600 0.823765
0.968800 0.821861
0.969000 0.819963
0.969200 0.818071
0.969400 0.816185
0.969600 0.814304
0.969800 0.812429
0.970000 0.810558
0.970200 0.808693
0.970400 0.806832
0.970600 0.804975
0.970800 0.803122
0.971000 0.801274
0.971200 0.799429
0.971400 0.797588
0.971600 0.795751
0.971800 0.793917
0.972000 0.792086
0.972200 0.790259
0.972400 0.788434
0.972600 0.786613
0.972800 0.784794
0.973000 0.782977
0.973200 0.781164
0.973400 0.779352
0.973600 0.777543
0.973800 0.775737
0.974000 0.773932
0.974200 0.772130
0.974400 0.770329
0.974600 0.768531
0.974800 0.766734
0.975000 0.764939
0.975200 0.763146
0.975400 0.761354
0.975600 0.759564
0.975800 0.757775
0.976000 0.755988
0.976200 0.754202
0.976400 0.752418
0.976600 0.750635
0.976800 0.748853
0.977000 0.747073
0.977200 0.745294
0.977400 0.743516
0.977600 0.741739
0.977800 0.739963
0.978000 0.738188
0.978200 0.736414
0.978400 0.734642
0.978600 0.732870
0.978800 0.731099
0.979000 0.729329
0.979200 0.727561
0.979400 0.725793
0.979600 0.724026
0.979800 0.722260
0.980000 0.720495
0.980200 0.718730
0.980400 0.716967
0.980600 0.715204
0.980800 0.713443
0.981000 0.711682
0.981200 0.709922
0.981400 0.708163
0.981600 0.706404
0.981800 0.704647
0.982000 0.702890
0.982200 0.701135
0.982400 0.699380
0.982600 0.697626
0.982800 0.695872
0.983000 0.694120
0.983200 0.692369
0.983400 0.690618
0.983600 0.688868
0.983800 0.687119
0.984000 0.685371
0.984200 0.683624
0.984400 0.681878
0.984600 0.680132
0.984800 0.678388
0.985000 0.676644
0.985200 0.674901
0.985400 0.673160
0.985600 0.671419
0.985800 0.669679
0.986000 0.667940
0.986200 0.666202
0.986400 0.664465
0.986600 0.662729
0.986800 0.660994
0.987000 0.659260
0.987200 0.657527
0.987400 0.655795
0.987600 0.654064
0.987800 0.652335
0.988000 0.650606
0.988200 0.648878
0.988400 0.647152
0.988600 0.645426
0.988800 0.643702
0.989000 0.641979
0.989200 0.640257
0.989400 0.638536
0.989600 0.636816
0.989800 0.635097
0.990000 0.633380
0.990200 0.631664
0.990400 0.629949
0.990600 0.628235
0.990800 0.626523
0.991000 0.624812
0.991200 0.623102
0.991400 0.621393
0.991600 0.619686
0.991800 0.617980
0.992000 0.616276
0.992200 0.614572
0.992400 0.612871
0.992600 0.611170
0.992800 0.609471
0.993000 0.607773
0.993200 0.606077
0.993400 0.604382
0.993600 0.602689
0.993800 0.600997
0.994000 0.599306
0.994200 0.597617
0.994400 0.595930
0.994600 0.594244
0.994800 0.592559
0.995000 0.590876
0.995200 0.589195
0.995400 0.587515
0.995600 0.585837
0.995800 0.584161
0.996000 0.582486
0.996200 0.580812
0.996400 0.579140
0.996600 0.577470
0.996800 0.575802
0.997000 0.574135
0.997200 0.572470
0.997400 0.570807
0.997600 0.569145
0.997800 0.567485
0.998000 0.565827
0.998200 0.564171
0.998400 0.562516
0.998600 0.560863
0.998800 0.559212
0.999000 0.557563
0.999200 0.555915
0.999400 0.554270
0.999600 0.552626
0.999800 0.550984
