0.000000 0.969476
0.000200 0.967642
0.000400 0.965805
0.000600 0.963965
0.000800 0.962123
0.001000 0.960278
0.001200 0.958430
0.001400 0.956580
0.001600 0.954728
0.001800 0.952874
0.002000 0.951017
0.002200 0.949157
0.002400 0.947296
0.002600 0.945433
0.002800 0.943567
0.003000 0.941699
0.003200 0.939830
0.003400 0.937958
0.003600 0.936085
0.003800 0.934210
0.004000 0.932334
0.004200 0.930455
0.004400 0.928576
0.004600 0.926694
0.004800 0.924812
0.005000 0.922928
0.005200 0.921043
0.005400 0.919156
0.005600 0.917269
0.005800 0.915380
0.006000 0.913491
0.006200 0.911600
0.006400 0.909709
0.006600 0.907817
0.006800 0.905925
0.007000 0.904032
0.007200 0.902138
0.007400 0.900244
0.007600 0.898350
0.007800 0.896455
0.008000 0.894560
0.008200 0.892665
0.008400 0.890770
0.008600 0.888875
0.008800 0.886981
0.009000 0.885086
0.009200 0.883192
0.009400 0.881298
0.009600 0.879405
0.009800 0.877512
0.010000 0.875619
0.010200 0.873728
0.010400 0.871837
0.010600 0.869947
0.010800 0.868058
0.011000 0.866170
0.011200 0.864283
0.011400 0.862397
0.011600 0.860512
0.011800 0.858629
0.012000 0.856747
0.012200 0.854866
0.012400 0.852987
0.012600 0.851110
0.012800 0.849234
0.013000 0.847360
0.013200 0.845488
0.013400 0.843617
0.013600 0.841749
0.013800 0.839883
0.014000 0.838019
0.014200 0.836157
0.014400 0.834297
0.014600 0.832440
0.014800 0.830584
0.015000 0.828732
0.015200 0.826882
0.015400 0.825034
0.015600 0.823190
0.015800 0.821348
0.016000 0.819508
0.016200 0.817672
0.016400 0.815839
0.016600 0.814008
0.016800 0.812181
0.017000 0.810356
0.017200 0.808535
0.017400 0.806717
0.017600 0.804903
0.017800 0.803092
0.018000 0.801284
0.018200 0.799480
0.018400 0.797679
0.018600 0.795882
0.018800 0.794088
0.019000 0.792299
0.019200 0.790513
0.019400 0.788730
0.019600 0.786952
0.019800 0.785178
0.020000 0.783408
0.020200 0.781641
0.020400 0.779879
0.020600 0.778121
0.020800 0.776367
0.021000 0.774618
0.021200 0.772872
0.021400 0.771131
0.021600 0.769395
0.021800 0.767663
0.022000 0.765935
0.022200 0.764212
0.022400 0.762493
0.022600 0.760780
0.022800 0.759070
0.023000 0.757366
0.023200 0.755666
0.023400 0.753971
0.023600 0.752281
0.023800 0.750596
0.024000 0.748916
0.024200 0.747240
0.024400 0.745570
0.024600 0.743904
0.024800 0.742244
0.025000 0.740589
0.025200 0.738939
0.025400 0.737294
0.025600 0.735654
0.025800 0.734020
0.026000 0.732391
0.026200 0.730767
0.026400 0.729149
0.026600 0.727535
0.026800 0.725928
0.027000 0.724325
0.027200 0.722729
0.027400 0.721137
0.027600 0.719551
0.027800 0.717971
0.028000 0.716396
0.028200 0.714827
0.028400 0.713264
0.028600 0.711706
0.028800 0.710153
0.029000 0.708607
0.029200 0.707066
0.029400 0.705531
0.029600 0.704001
0.029800 0.702478
0.030000 0.700960
0.030200 0.699448
0.030400 0.697941
0.030600 0.696441
0.030800 0.694946
0.031000 0.693458
0.031200 0.691975
0.031400 0.690498
0.031600 0.689027
0.031800 0.687562
0.032000 0.686103
0.032200 0.684650
0.032400 0.683203
0.032600 0.681761
0.032800 0.680326
0.033000 0.678897
0.033200 0.677474
0.033400 0.676056
0.033600 0.674645
0.033800 0.673240
0.034000 0.671841
0.034200 0.670448
0.034400 0.669061
0.034600 0.667679
0.034800 0.666305
0.035000 0.664936
0.035200 0.663573
0.035400 0.662216
0.035600 0.660865
0.035800 0.659521
0.036000 0.658182
0.036200 0.656850
0.036400 0.655523
0.036600 0.654203
0.036800 0.652888
0.037000 0.651580
0.037200 0.650278
0.037400 0.648982
0.037600 0.647692
0.037800 0.646408
0.038000 0.645130
0.038200 0.643858
0.038400 0.642592
0.038600 0.641333
0.038800 0.640079
0.039000 0.638831
0.039200 0.637589
0.039400 0.636354
0.039600 0.635124
0.039800 0.633900
0.040000 0.632683
0.040200 0.631471
0.040400 0.630265
0.040600 0.629065
0.040800 0.627871
0.041000 0.626683
0.041200 0.625501
0.041400 0.624325
0.041600 0.623155
0.041800 0.621991
0.042000 0.620832
0.042200 0.619680
0.042400 0.618533
0.042600 0.617392
0.042800 0.616257
0.043000 0.615128
0.043200 0.614004
0.043400 0.612887
0.043600 0.611775
0.043800 0.610669
0.044000 0.609568
0.044200 0.608473
0.044400 0.607384
0.044600 0.606301
0.044800 0.605223
0.045000 0.604151
0.045200 0.603084
0.045400 0.602023
0.045600 0.600968
0.045800 0.599918
0.046000 0.598874
0.046200 0.597835
0.046400 0.596802
0.046600 0.595774
0.046800 0.594752
0.047000 0.593735
0.047200 0.592724
0.047400 0.591717
0.047600 0.590717
0.047800 0.589721
0.048000 0.588731
0.048200 0.587747
0.048400 0.586767
0.048600 0.585793
0.048800 0.584824
0.049000 0.583860
0.049200 0.582901
0.049400 0.581948
0.049600 0.580999
0.049800 0.580056
0.050000 0.579118
0.050200 0.578185
0.050400 0.577257
0.050600 0.576333
0.050800 0.575415
0.051000 0.574502
0.051200 0.573594
0.051400 0.572690
0.051600 0.571792
0.051800 0.570898
0.052000 0.570009
0.052200 0.569125
0.052400 0.568246
0.052600 0.567371
0.052800 0.566501
0.053000 0.565636
0.053200 0.564775
0.053400 0.563919
0.053600 0.563068
0.053800 0.562221
0.054000 0.561378
0.054200 0.560541
0.054400 0.559707
0.054600 0.558878
0.054800 0.558054
0.055000 0.557233
0.055200 0.556418
0.055400 0.555606
0.055600 0.554799
0.055800 0.553996
0.056000 0.553197
0.056200 0.552403
0.056400 0.551613
0.056600 0.550826
0.056800 0.550044
0.057000 0.549266
0.057200 0.548492
0.057400 0.547723
0.057600 0.546957
0.057800 0.546195
0.058000 0.545437
0.058200 0.544683
0.058400 0.543932
0.058600 0.543186
0.058800 0.542443
0.059000 0.541704
0.059200 0.540969
0.059400 0.540238
0.059600 0.539510
0.059800 0.538786
0.060000 0.538066
0.060200 0.537349
0.060400 0.536636
0.060600 0.535926
0.060800 0.535220
0.061000 0.534517
0.061200 0.533817
0.061400 0.533122
0.061600 0.532429
0.061800 0.531740
0.062000 0.531054
0.062200 0.530371
0.062400 0.529692
0.062600 0.529016
0.062800 0.528343
0.063000 0.527673
0.063200 0.527006
0.063400 0.526343
0.063600 0.525682
0.063800 0.525024
0.064000 0.524370
0.064200 0.523718
0.064400 0.523070
0.064600 0.522424
0.064800 0.521781
0.065000 0.521141
0.065200 0.520504
0.065400 0.519870
0.065600 0.519238
0.065800 0.518610
0.066000 0.517983
0.066200 0.517360
0.066400 0.516739
0.066600 0.516121
0.066800 0.515505
0.067000 0.514892
0.067200 0.514282
0.067400 0.513673
0.067600 0.513068
0.067800 0.512465
0.068000 0.511864
0.068200 0.511265
0.068400 0.510669
0.068600 0.510075
0.068800 0.509484
0.069000 0.508895
0.069200 0.508308
0.069400 0.507723
0.069600 0.507140
0.069800 0.506560
0.070000 0.505981
0.070200 0.505405
0.070400 0.504831
0.070600 0.504259
0.070800 0.503689
0.071000 0.503120
0.071200 0.502554
0.071400 0.501990
0.071600 0.501427
0.071800 0.500867
0.072000 0.500308
0.072200 0.499751
0.072400 0.499196
0.072600 0.498642
0.072800 0.498091
0.073000 0.497541
0.073200 0.496992
0.073400 0.496445
0.073600 0.495900
0.073800 0.495357
0.074000 0.494815
0.074200 0.494275
0.074400 0.493736
0.074600 0.493199
0.074800 0.492663
0.075000 0.492128
0.075200 0.491595
0.075400 0.491064
0.075600 0.490533
0.075800 0.490005
0.076000 0.489477
0.076200 0.488951
0.076400 0.488426
0.076600 0.487902
0.076800 0.487379
0.077000 0.486858
0.077200 0.486338
0.077400 0.485819
0.077600 0.485301
0.077800 0.484784
0.078000 0.484269
0.078200 0.483754
0.078400 0.483240
0.078600 0.482728
0.078800 0.482216
0.079000 0.481705
0.079200 0.481196
0.079400 0.480687
0.079600 0.480179
0.079800 0.479672
0.080000 0.479166
0.080200 0.478661
0.080400 0.478156
0.080600 0.477653
0.080800 0.477150
0.081000 0.476648
0.081200 0.476146
0.081400 0.475646
0.081600 0.475146
0.081800 0.474646
0.082000 0.474148
0.082200 0.473650
0.082400 0.473152
0.082600 0.472656
0.082800 0.472159
0.083000 0.471664
0.083200 0.471168
0.083400 0.470674
0.083600 0.470180
0.083800 0.469686
0.084000 0.469193
0.084200 0.468700
0.084400 0.468208
0.084600 0.467716
0.084800 0.467225
0.085000 0.466734
0.085200 0.466243
0.085400 0.465752
0.085600 0.465262
0.085800 0.464773
0.086000 0.464283
0.086200 0.463794
0.086400 0.463305
0.086600 0.462816
0.086800 0.462328
0.087000 0.461839
0.087200 0.461351
0.087400 0.460864
0.087600 0.460376
0.087800 0.459888
0.088000 0.459401
0.088200 0.458913
0.088400 0.458426
0.088600 0.457939
0.088800 0.457452
0.089000 0.456965
0.089200 0.456478
0.089400 0.455991
0.089600 0.455504
0.089800 0.455017
0.090000 0.454530
0.090200 0.454044
0.090400 0.453557
0.090600 0.453070
0.090800 0.452583
0.091000 0.452095
0.091200 0.451608
0.091400 0.451121
0.091600 0.450633
0.091800 0.450146
0.092000 0.449658
0.092200 0.449170
0.092400 0.448682
0.092600 0.448194
0.092800 0.447706
0.093000 0.447217
0.093200 0.446729
0.093400 0.446240
0.093600 0.445751
0.093800 0.445261
0.094000 0.444772
0.094200 0.444282
0.094400 0.443791
0.094600 0.443301
0.094800 0.442810
0.095000 0.442319
0.095200 0.441828
0.095400 0.441336
0.095600 0.440844
0.095800 0.440352
0.096000 0.439859
0.096200 0.439366
0.096400 0.438873
0.096600 0.438379
0.096800 0.437885
0.097000 0.437391
0.097200 0.436896
0.097400 0.436401
0.097600 0.435905
0.097800 0.435409
0.098000 0.434913
0.098200 0.434416
0.098400 0.433918
0.098600 0.433420
0.098800 0.432922
0.099000 0.432423
0.099200 0.431924
0.099400 0.431424
0.099600 0.430924
0.099800 0.430424
0.100000 0.429923
0.100200 0.429421
0.100400 0.428919
0.100600 0.428416
0.100800 0.427913
0.101000 0.427409
0.101200 0.426905
0.101400 0.426400
0.101600 0.425895
0.101800 0.425389
0.102000 0.424883
0.102200 0.424376
0.102400 0.423868
0.102600 0.423360
0.102800 0.422852
0.103000 0.422342
0.103200 0.421833
0.103400 0.421322
0.103600 0.420811
0.103800 0.420300
0.104000 0.419788
0.104200 0.419275
0.104400 0.418762
0.104600 0.418248
0.104800 0.417733
0.105000 0.417218
0.105200 0.416702
0.105400 0.416186
0.105600 0.415669
0.105800 0.415151
0.106000 0.414633
0.106200 0.414114
0.106400 0.413594
0.106600 0.413074
0.106800 0.412553
0.107000 0.412032
0.107200 0.411510
0.107400 0.410987
0.107600 0.410463
0.107800 0.409939
0.108000 0.409415
0.108200 0.408889
0.108400 0.408363
0.108600 0.407836
0.108800 0.407309
0.109000 0.406781
0.109200 0.406252
0.109400 0.405723
0.109600 0.405193
0.109800 0.404662
0.110000 0.404131
0.110200 0.403599
0.110400 0.403066
0.110600 0.402533
0.110800 0.401999
0.111000 0.401464
0.111200 0.400929
0.111400 0.400393
0.111600 0.399856
0.111800 0.399319
0.112000 0.398781
0.112200 0.398242
0.112400 0.397702
0.112600 0.397162
0.112800 0.396622
0.113000 0.396080
0.113200 0.395538
0.113400 0.394995
0.113600 0.394452
0.113800 0.393908
0.114000 0.393363
0.114200 0.392817
0.114400 0.392271
0.114600 0.391724
0.114800 0.391177
0.115000 0.390629
0.115200 0.390080
0.115400 0.389531
0.115600 0.388980
0.115800 0.388430
0.116000 0.387878
0.116200 0.387326
0.116400 0.386773
0.116600 0.386220
0.116800 0.385666
0.117000 0.385111
0.117200 0.384555
0.117400 0.383999
0.117600 0.383443
0.117800 0.382885
0.118000 0.382327
0.118200 0.381769
0.118400 0.381209
0.118600 0.380649
0.118800 0.380089
0.119000 0.379527
0.119200 0.378966
0.119400 0.378403
0.119600 0.377840
0.119800 0.377276
0.120000 0.376712
0.120200 0.376147
0.120400 0.375581
0.120600 0.375015
0.120800 0.374448
0.121000 0.373880
0.121200 0.373312
0.121400 0.372744
0.121600 0.372174
0.121800 0.371604
0.122000 0.371034
0.122200 0.370463
0.122400 0.369891
0.122600 0.369319
0.122800 0.368746
0.123000 0.368172
0.123200 0.367598
0.123400 0.367024
0.123600 0.366449
0.123800 0.365873
0.124000 0.365296
0.124200 0.364719
0.124400 0.364142
0.124600 0.363564
0.124800 0.362985
0.125000 0.362406
0.125200 0.361827
0.125400 0.361246
0.125600 0.360666
0.125800 0.360084
0.126000 0.359502
0.126200 0.358920
0.126400 0.358337
0.126600 0.357754
0.126800 0.357170
0.127000 0.356585
0.127200 0.356000
0.127400 0.355415
0.127600 0.354829
0.127800 0.354242
0.128000 0.353655
0.128200 0.353068
0.128400 0.352480
0.128600 0.351891
0.128800 0.351302
0.129000 0.350713
0.129200 0.350123
0.129400 0.349533
0.129600 0.348942
0.129800 0.348351
0.130000 0.347759
0.130200 0.347167
0.130400 0.346574
0.130600 0.345981
0.130800 0.345388
0.131000 0.344794
0.131200 0.344199
0.131400 0.343605
0.131600 0.343009
0.131800 0.342414
0.132000 0.341818
0.132200 0.341221
0.132400 0.340624
0.132600 0.340027
0.132800 0.339430
0.133000 0.338832
0.133200 0.338233
0.133400 0.337634
0.133600 0.337035
0.133800 0.336436
0.134000 0.335836
0.134200 0.335236
0.134400 0.334635
0.134600 0.334034
0.134800 0.333433
0.135000 0.332831
0.135200 0.332229
0.135400 0.331627
0.135600 0.331024
0.135800 0.330421
0.136000 0.329818
0.136200 0.329214
0.136400 0.328611
0.136600 0.328006
0.136800 0.327402
0.137000 0.326797
0.137200 0.326192
0.137400 0.325587
0.137600 0.324981
0.137800 0.324375
0.138000 0.323769
0.138200 0.323162
0.138400 0.322556
0.138600 0.321949
0.138800 0.321342
0.139000 0.320734
0.139200 0.320126
0.139400 0.319519
0.139600 0.318910
0.139800 0.318302
0.140000 0.317693
0.140200 0.317085
0.140400 0.316476
0.140600 0.315866
0.140800 0.315257
0.141000 0.314647
0.141200 0.314038
0.141400 0.313428
0.141600 0.312817
0.141800 0.312207
0.142000 0.311597
0.142200 0.310986
0.142400 0.310375
0.142600 0.309764
0.142800 0.309153
0.143000 0.308542
0.143200 0.307930
0.143400 0.307319
0.143600 0.306707
0.143800 0.306095
0.144000 0.305484
0.144200 0.304872
0.144400 0.304259
0.144600 0.303647
0.144800 0.303035
0.145000 0.302423
0.145200 0.301810
0.145400 0.301197
0.145600 0.300585
0.145800 0.299972
0.146000 0.299359
0.146200 0.298746
0.146400 0.298134
0.146600 0.297521
0.146800 0.296908
0.147000 0.296295
0.147200 0.295681
0.147400 0.295068
0.147600 0.294455
0.147800 0.293842
0.148000 0.293229
0.148200 0.292616
0.148400 0.292003
0.148600 0.291389
0.148800 0.290776
0.149000 0.290163
0.149200 0.289550
0.149400 0.288937
0.149600 0.288324
0.149800 0.287711
0.150000 0.287098
0.150200 0.286485
0.150400 0.285872
0.150600 0.285259
0.150800 0.284646
0.151000 0.284033
0.151200 0.283420
0.151400 0.282808
0.151600 0.282195
0.151800 0.281583
0.152000 0.280970
0.152200 0.280358
0.152400 0.279746
0.152600 0.279134
0.152800 0.278522
0.153000 0.277910
0.153200 0.277298
0.153400 0.276686
0.153600 0.276075
0.153800 0.275463
0.154000 0.274852
0.154200 0.274241
0.154400 0.273630
0.154600 0.273019
0.154800 0.272408
0.155000 0.271798
0.155200 0.271187
0.155400 0.270577
0.155600 0.269967
0.155800 0.269357
0.156000 0.268748
0.156200 0.268138
0.156400 0.267529
0.156600 0.266920
0.156800 0.266311
0.157000 0.265702
0.157200 0.265094
0.157400 0.264486
0.157600 0.263878
0.157800 0.263270
0.158000 0.262662
0.158200 0.262055
0.158400 0.261448
0.158600 0.260841
0.158800 0.260235
0.159000 0.259628
0.159200 0.259022
0.159400 0.258416
0.159600 0.257811
0.159800 0.257206
0.160000 0.256601
0.160200 0.255996
0.160400 0.255392
0.160600 0.254787
0.160800 0.254184
0.161000 0.253580
0.161200 0.252977
0.161400 0.252374
0.161600 0.251771
0.161800 0.251169
0.162000 0.250567
0.162200 0.249966
0.162400 0.249364
0.162600 0.248763
0.162800 0.248163
0.163000 0.247563
0.163200 0.246963
0.163400 0.246363
0.163600 0.245764
0.163800 0.245165
0.164000 0.244567
0.164200 0.243969
0.164400 0.243371
0.164600 0.242774
0.164800 0.242177
0.165000 0.241580
0.165200 0.240984
0.165400 0.240388
0.165600 0.239793
0.165800 0.239198
0.166000 0.238604
0.166200 0.238009
0.166400 0.237416
0.166600 0.236822
0.166800 0.236230
0.167000 0.235637
0.167200 0.235045
0.167400 0.234454
0.167600 0.233863
0.167800 0.233272
0.168000 0.232682
0.168200 0.232092
0.168400 0.231503
0.168600 0.230914
0.168800 0.230326
0.169000 0.229738
0.169200 0.229150
0.169400 0.228564
0.169600 0.227977
0.169800 0.227391
0.170000 0.226806
0.170200 0.226221
0.170400 0.225636
0.170600 0.225053
0.170800 0.224469
0.171000 0.223886
0.171200 0.223304
0.171400 0.222722
0.171600 0.222141
0.171800 0.221560
0.172000 0.220979
0.172200 0.220400
0.172400 0.219821
0.172600 0.219242
0.172800 0.218664
0.173000 0.218086
0.173200 0.217509
0.173400 0.216933
0.173600 0.216357
0.173800 0.215781
0.174000 0.215207
0.174200 0.214632
0.174400 0.214059
0.174600 0.213486
0.174800 0.212913
0.175000 0.212341
0.175200 0.211770
0.175400 0.211199
0.175600 0.210629
0.175800 0.210060
0.176000 0.209491
0.176200 0.208923
0.176400 0.208355
0.176600 0.207788
0.176800 0.207222
0.177000 0.206656
0.177200 0.206091
0.177400 0.205526
0.177600 0.204962
0.177800 0.204399
0.178000 0.203836
0.178200 0.203274
0.178400 0.202713
0.178600 0.202152
0.178800 0.201592
0.179000 0.201032
0.179200 0.200474
0.179400 0.199915
0.179600 0.199358
0.179800 0.198801
0.180000 0.198245
0.180200 0.197690
0.180400 0.197135
0.180600 0.196581
0.180800 0.196027
0.181000 0.195475
0.181200 0.194923
0.181400 0.194371
0.181600 0.193821
0.181800 0.193271
0.182000 0.192721
0.182200 0.192173
0.182400 0.191625
0.182600 0.191078
0.182800 0.190531
0.183000 0.189986
0.183200 0.189441
0.183400 0.188896
0.183600 0.188353
0.183800 0.187810
0.184000 0.187268
0.184200 0.186726
0.184400 0.186186
0.184600 0.185646
0.184800 0.185107
0.185000 0.184568
0.185200 0.184030
0.185400 0.183493
0.185600 0.182957
0.185800 0.182422
0.186000 0.181887
0.186200 0.181353
0.186400 0.180820
0.186600 0.180288
0.186800 0.179756
0.187000 0.179225
0.187200 0.178695
0.187400 0.178166
0.187600 0.177637
0.187800 0.177109
0.188000 0.176582
0.188200 0.176056
0.188400 0.175531
0.188600 0.175006
0.188800 0.174482
0.189000 0.173959
0.189200 0.173437
0.189400 0.172915
0.189600 0.172395
0.189800 0.171875
0.190000 0.171356
0.190200 0.170837
0.190400 0.170320
0.190600 0.169803
0.190800 0.169287
0.191000 0.168772
0.191200 0.168258
0.191400 0.167745
0.191600 0.167232
0.191800 0.166720
0.192000 0.166209
0.192200 0.165699
0.192400 0.165190
0.192600 0.164681
0.192800 0.164174
0.193000 0.163667
0.193200 0.163161
0.193400 0.162656
0.193600 0.162152
0.193800 0.161648
0.194000 0.161146
0.194200 0.160644
0.194400 0.160143
0.194600 0.159643
0.194800 0.159144
0.195000 0.158646
0.195200 0.158148
0.195400 0.157651
0.195600 0.157156
0.195800 0.156661
0.196000 0.156167
0.196200 0.155674
0.196400 0.155181
0.196600 0.154690
0.196800 0.154199
0.197000 0.153710
0.197200 0.153221
0.197400 0.152733
0.197600 0.152246
0.197800 0.151759
0.198000 0.151274
0.198200 0.150790
0.198400 0.150306
0.198600 0.149823
0.198800 0.149342
0.199000 0.148861
0.199200 0.148381
0.199400 0.147902
0.199600 0.147423
0.199800 0.146946
0.200000 0.146470
0.200200 0.145994
0.200400 0.145519
0.200600 0.145046
0.200800 0.144573
0.201000 0.144101
0.201200 0.143630
0.201400 0.143160
0.201600 0.142690
0.201800 0.142222
0.202000 0.141755
0.202200 0.141288
0.202400 0.140822
0.202600 0.140358
0.202800 0.139894
0.203000 0.139431
0.203200 0.138969
0.203400 0.138508
0.203600 0.138048
0.203800 0.137589
0.204000 0.137130
0.204200 0.136673
0.204400 0.136217
0.204600 0.135761
0.204800 0.135307
0.205000 0.134853
0.205200 0.134400
0.205400 0.133948
0.205600 0.133497
0.205800 0.133047
0.206000 0.132598
0.206200 0.132150
0.206400 0.131703
0.206600 0.131257
0.206800 0.130812
0.207000 0.130367
0.207200 0.129924
0.207400 0.129481
0.207600 0.129040
0.207800 0.128599
0.208000 0.128159
0.208200 0.127721
0.208400 0.127283
0.208600 0.126846
0.208800 0.126410
0.209000 0.125975
0.209200 0.125541
0.209400 0.125108
0.209600 0.124676
0.209800 0.124245
0.210000 0.123814
0.210200 0.123385
0.210400 0.122957
0.210600 0.122529
0.210800 0.122103
0.211000 0.121677
0.211200 0.121253
0.211400 0.120829
0.211600 0.120407
0.211800 0.119985
0.212000 0.119564
0.212200 0.119144
0.212400 0.118725
0.212600 0.118308
0.212800 0.117891
0.213000 0.117475
0.213200 0.117060
0.213400 0.116646
0.213600 0.116232
0.213800 0.115820
0.214000 0.115409
0.214200 0.114999
0.214400 0.114590
0.214600 0.114181
0.214800 0.113774
0.215000 0.113367
0.215200 0.112962
0.215400 0.112558
0.215600 0.112154
0.215800 0.111751
0.216000 0.111350
0.216200 0.110949
0.216400 0.110550
0.216600 0.110151
0.216800 0.109753
0.217000 0.109356
0.217200 0.108960
0.217400 0.108566
0.217600 0.108172
0.217800 0.107779
0.218000 0.107387
0.218200 0.106996
0.218400 0.106606
0.218600 0.106217
0.218800 0.105829
0.219000 0.105441
0.219200 0.105055
0.219400 0.104670
0.219600 0.104286
0.219800 0.103902
0.220000 0.103520
0.220200 0.103139
0.220400 0.102758
0.220600 0.102379
0.220800 0.102000
0.221000 0.101623
0.221200 0.101246
0.221400 0.100871
0.221600 0.100496
0.221800 0.100123
0.222000 0.099750
0.222200 0.099378
0.222400 0.099007
0.222600 0.098638
0.222800 0.098269
0.223000 0.097901
0.223200 0.097534
0.223400 0.097168
0.223600 0.096803
0.223800 0.096439
0.224000 0.096076
0.224200 0.095714
0.224400 0.095353
0.224600 0.094993
0.224800 0.094634
0.225000 0.094276
0.225200 0.093918
0.225400 0.093562
0.225600 0.093207
0.225800 0.092852
0.226000 0.092499
0.226200 0.092147
0.226400 0.091795
0.226600 0.091445
0.226800 0.091095
0.227000 0.090747
0.227200 0.090399
0.227400 0.090052
0.227600 0.089707
0.227800 0.089362
0.228000 0.089018
0.228200 0.088675
0.228400 0.088334
0.228600 0.087993
0.228800 0.087653
0.229000 0.087314
0.229200 0.086976
0.229400 0.086639
0.229600 0.086303
0.229800 0.085968
0.230000 0.085633
0.230200 0.085300
0.230400 0.084968
0.230600 0.084637
0.230800 0.084306
0.231000 0.083977
0.231200 0.083649
0.231400 0.083321
0.231600 0.082995
0.231800 0.082669
0.232000 0.082344
0.232200 0.082021
0.232400 0.081698
0.232600 0.081376
0.232800 0.081056
0.233000 0.080736
0.233200 0.080417
0.233400 0.080099
0.233600 0.079782
0.233800 0.079466
0.234000 0.079151
0.234200 0.078837
0.234400 0.078524
0.234600 0.078211
0.234800 0.077900
0.235000 0.077590
0.235200 0.077280
0.235400 0.076972
0.235600 0.076665
0.235800 0.076358
0.236000 0.076052
0.236200 0.075748
0.236400 0.075444
0.236600 0.075141
0.236800 0.074839
0.237000 0.074539
0.237200 0.074239
0.237400 0.073940
0.237600 0.073642
0.237800 0.073345
0.238000 0.073048
0.238200 0.072753
0.238400 0.072459
0.238600 0.072166
0.238800 0.071873
0.239000 0.071582
0.239200 0.071291
0.239400 0.071002
0.239600 0.070713
0.239800 0.070425
0.240000 0.070138
0.240200 0.069853
0.240400 0.069568
0.240600 0.069284
0.240800 0.069001
0.241000 0.068719
0.241200 0.068437
0.241400 0.068157
0.241600 0.067878
0.241800 0.067600
0.242000 0.067322
0.242200 0.067046
0.242400 0.066770
0.242600 0.066495
0.242800 0.066222
0.243000 0.065949
0.243200 0.065677
0.243400 0.065406
0.243600 0.065136
0.243800 0.064867
0.244000 0.064599
0.244200 0.064332
0.244400 0.064065
0.244600 0.063800
0.244800 0.063535
0.245000 0.063272
0.245200 0.063009
0.245400 0.062748
0.245600 0.062487
0.245800 0.062227
0.246000 0.061968
0.246200 0.061710
0.246400 0.061453
0.246600 0.061197
0.246800 0.060941
0.247000 0.060687
0.247200 0.060434
0.247400 0.060181
0.247600 0.059930
0.247800 0.059679
0.248000 0.059429
0.248200 0.059180
0.248400 0.058932
0.248600 0.058685
0.248800 0.058439
0.249000 0.058194
0.249200 0.057950
0.249400 0.057707
0.249600 0.057464
0.249800 0.057223
0.250000 0.056982
0.250200 0.056742
0.250400 0.056504
0.250600 0.056266
0.250800 0.056029
0.251000 0.055793
0.251200 0.055557
0.251400 0.055323
0.251600 0.055090
0.251800 0.054857
0.252000 0.054626
0.252200 0.054395
0.252400 0.054166
0.252600 0.053937
0.252800 0.053709
0.253000 0.053482
0.253200 0.053256
0.253400 0.053031
0.253600 0.052807
0.253800 0.052583
0.254000 0.052361
0.254200 0.052139
0.254400 0.051919
0.254600 0.051699
0.254800 0.051480
0.255000 0.051262
0.255200 0.051045
0.255400 0.050829
0.255600 0.050614
0.255800 0.050399
0.256000 0.050186
0.256200 0.049973
0.256400 0.049762
0.256600 0.049551
0.256800 0.049341
0.257000 0.049132
0.257200 0.048924
0.257400 0.048717
0.257600 0.048511
0.257800 0.048306
0.258000 0.048102
0.258200 0.047898
0.258400 0.047695
0.258600 0.047494
0.258800 0.047293
0.259000 0.047093
0.259200 0.046894
0.259400 0.046696
0.259600 0.046499
0.259800 0.046303
0.260000 0.046107
0.260200 0.045913
0.260400 0.045719
0.260600 0.045527
0.260800 0.045335
0.261000 0.045144
0.261200 0.044954
0.261400 0.044765
0.261600 0.044577
0.261800 0.044390
0.262000 0.044203
0.262200 0.044018
0.262400 0.043833
0.262600 0.043650
0.262800 0.043467
0.263000 0.043285
0.263200 0.043104
0.263400 0.042924
0.263600 0.042745
0.263800 0.042567
0.264000 0.042390
0.264200 0.042213
0.264400 0.042038
0.264600 0.041863
0.264800 0.041690
0.265000 0.041517
0.265200 0.041345
0.265400 0.041174
0.265600 0.041004
0.265800 0.040835
0.266000 0.040667
0.266200 0.040500
0.266400 0.040333
0.266600 0.040168
0.266800 0.040003
0.267000 0.039840
0.267200 0.039677
0.267400 0.039515
0.267600 0.039354
0.267800 0.039194
0.268000 0.039035
0.268200 0.038877
0.268400 0.038720
0.268600 0.038564
0.268800 0.038408
0.269000 0.038254
0.269200 0.038101
0.269400 0.037948
0.269600 0.037796
0.269800 0.037646
0.270000 0.037496
0.270200 0.037347
0.270400 0.037199
0.270600 0.037052
0.270800 0.036906
0.271000 0.036761
0.271200 0.036617
0.271400 0.036473
0.271600 0.036331
0.271800 0.036190
0.272000 0.036049
0.272200 0.035910
0.272400 0.035771
0.272600 0.035634
0.272800 0.035497
0.273000 0.035361
0.273200 0.035227
0.273400 0.035093
0.273600 0.034960
0.273800 0.034828
0.274000 0.034697
0.274200 0.034567
0.274400 0.034438
0.274600 0.034310
0.274800 0.034183
0.275000 0.034057
0.275200 0.033931
0.275400 0.033807
0.275600 0.033684
0.275800 0.033562
0.276000 0.033440
0.276200 0.033320
0.276400 0.033201
0.276600 0.033082
0.276800 0.032965
0.277000 0.032848
0.277200 0.032733
0.277400 0.032618
0.277600 0.032505
0.277800 0.032392
0.278000 0.032281
0.278200 0.032170
0.278400 0.032061
0.278600 0.031952
0.278800 0.031845
0.279000 0.031738
0.279200 0.031633
0.279400 0.031528
0.279600 0.031425
0.279800 0.031323
0.280000 0.031221
0.280200 0.031121
0.280400 0.031021
0.280600 0.030923
0.280800 0.030826
0.281000 0.030729
0.281200 0.030634
0.281400 0.030540
0.281600 0.030447
0.281800 0.030355
0.282000 0.030263
0.282200 0.030173
0.282400 0.030084
0.282600 0.029996
0.282800 0.029909
0.283000 0.029824
0.283200 0.029739
0.283400 0.029655
0.283600 0.029573
0.283800 0.029491
0.284000 0.029410
0.284200 0.029331
0.284400 0.029253
0.284600 0.029176
0.284800 0.029099
0.285000 0.029024
0.285200 0.028950
0.285400 0.028878
0.285600 0.028806
0.285800 0.028735
0.286000 0.028666
0.286200 0.028597
0.286400 0.028530
0.286600 0.028464
0.286800 0.028399
0.287000 0.028335
0.287200 0.028272
0.287400 0.028211
0.287600 0.028150
0.287800 0.028091
0.288000 0.028033
0.288200 0.027976
0.288400 0.027920
0.288600 0.027865
0.288800 0.027812
0.289000 0.027759
0.289200 0.027708
0.289400 0.027658
0.289600 0.027610
0.289800 0.027562
0.290000 0.027516
0.290200 0.027470
0.290400 0.027426
0.290600 0.027384
0.290800 0.027342
0.291000 0.027302
0.291200 0.027263
0.291400 0.027225
0.291600 0.027189
0.291800 0.027153
0.292000 0.027119
0.292200 0.027086
0.292400 0.027055
0.292600 0.027025
0.292800 0.026996
0.293000 0.026968
0.293200 0.026941
0.293400 0.026916
0.293600 0.026892
0.293800 0.026870
0.294000 0.026849
0.294200 0.026829
0.294400 0.026810
0.294600 0.026793
0.294800 0.026777
0.295000 0.026762
0.295200 0.026749
0.295400 0.026737
0.295600 0.026727
0.295800 0.026718
0.296000 0.026710
0.296200 0.026703
0.296400 0.026698
0.296600 0.026695
0.296800 0.026693
0.297000 0.026692
0.297200 0.026692
0.297400 0.026694
0.297600 0.026698
0.297800 0.026703
0.298000 0.026709
0.298200 0.026717
0.298400 0.026726
0.298600 0.026737
0.298800 0.026749
0.299000 0.026763
0.299200 0.026778
0.299400 0.026794
0.299600 0.026813
0.299800 0.026832
0.300000 0.026853
0.300200 0.026876
0.300400 0.026900
0.300600 0.026926
0.300800 0.026953
0.301000 0.026982
0.301200 0.027013
0.301400 0.027045
0.301600 0.027079
0.301800 0.027114
0.302000 0.027151
0.302200 0.027189
0.302400 0.027229
0.302600 0.027271
0.302800 0.027314
0.303000 0.027359
0.303200 0.027406
0.303400 0.027454
0.303600 0.027504
0.303800 0.027556
0.304000 0.027609
0.304200 0.027664
0.304400 0.027721
0.304600 0.027779
0.304800 0.027840
0.305000 0.027902
0.305200 0.027965
0.305400 0.028031
0.305600 0.028098
0.305800 0.028167
0.306000 0.028238
0.306200 0.028311
0.306400 0.028385
0.306600 0.028461
0.306800 0.028539
0.307000 0.028619
0.307200 0.028701
0.307400 0.028785
0.307600 0.028871
0.307800 0.028958
0.308000 0.029047
0.308200 0.029139
0.308400 0.029232
0.308600 0.029327
0.308800 0.029424
0.309000 0.029523
0.309200 0.029624
0.309400 0.029727
0.309600 0.029832
0.309800 0.029939
0.310000 0.030048
0.310200 0.030159
0.310400 0.030272
0.310600 0.030387
0.310800 0.030504
0.311000 0.030623
0.311200 0.030745
0.311400 0.030868
0.311600 0.030994
0.311800 0.031121
0.312000 0.031251
0.312200 0.031383
0.312400 0.031517
0.312600 0.031654
0.312800 0.031792
0.313000 0.031933
0.313200 0.032076
0.313400 0.032221
0.313600 0.032368
0.313800 0.032518
0.314000 0.032670
0.314200 0.032824
0.314400 0.032981
0.314600 0.033139
0.314800 0.033301
0.315000 0.033464
0.315200 0.033630
0.315400 0.033798
0.315600 0.033969
0.315800 0.034142
0.316000 0.034317
0.316200 0.034495
0.316400 0.034675
0.316600 0.034858
0.316800 0.035043
0.317000 0.035231
0.317200 0.035421
0.317400 0.035614
0.317600 0.035810
0.317800 0.036007
0.318000 0.036208
0.318200 0.036411
0.318400 0.036616
0.318600 0.036825
0.318800 0.037035
0.319000 0.037249
0.319200 0.037465
0.319400 0.037684
0.319600 0.037906
0.319800 0.038130
0.320000 0.038357
0.320200 0.038586
0.320400 0.038819
0.320600 0.039054
0.320800 0.039292
0.321000 0.039533
0.321200 0.039777
0.321400 0.040023
0.321600 0.040273
0.321800 0.040525
0.322000 0.040780
0.322200 0.041039
0.322400 0.041300
0.322600 0.041564
0.322800 0.041831
0.323000 0.042101
0.323200 0.042374
0.323400 0.042650
0.323600 0.042929
0.323800 0.043211
0.324000 0.043496
0.324200 0.043785
0.324400 0.044076
0.324600 0.044371
0.324800 0.044668
0.325000 0.044969
0.325200 0.045274
0.325400 0.045581
0.325600 0.045892
0.325800 0.046205
0.326000 0.046523
0.326200 0.046843
0.326400 0.047167
0.326600 0.047494
0.326800 0.047824
0.327000 0.048158
0.327200 0.048495
0.327400 0.048836
0.327600 0.049180
0.327800 0.049528
0.328000 0.049879
0.328200 0.050233
0.328400 0.050591
0.328600 0.050953
0.328800 0.051318
0.329000 0.051687
0.329200 0.052059
0.329400 0.052435
0.329600 0.052815
0.329800 0.053198
0.330000 0.053585
0.330200 0.053976
0.330400 0.054370
0.330600 0.054768
0.330800 0.055170
0.331000 0.055576
0.331200 0.055986
0.331400 0.056399
0.331600 0.056817
0.331800 0.057238
0.332000 0.057663
0.332200 0.058092
0.332400 0.058525
0.332600 0.058963
0.332800 0.059404
0.333000 0.059849
0.333200 0.060298
0.333400 0.060751
0.333600 0.061209
0.333800 0.061670
0.334000 0.062136
0.334200 0.062606
0.334400 0.063080
0.334600 0.063558
0.334800 0.064041
0.335000 0.064527
0.335200 0.065019
0.335400 0.065514
0.335600 0.066014
0.335800 0.066518
0.336000 0.067027
0.336200 0.067540
0.336400 0.068057
0.336600 0.068579
0.336800 0.069105
0.337000 0.069636
0.337200 0.070172
0.337400 0.070712
0.337600 0.071257
0.337800 0.071806
0.338000 0.072360
0.338200 0.072919
0.338400 0.073482
0.338600 0.074050
0.338800 0.074623
0.339000 0.075201
0.339200 0.075783
0.339400 0.076370
0.339600 0.076963
0.339800 0.077560
0.340000 0.078162
0.340200 0.078769
0.340400 0.079381
0.340600 0.079998
0.340800 0.080620
0.341000 0.081247
0.341200 0.081879
0.341400 0.082516
0.341600 0.083158
0.341800 0.083806
0.342000 0.084459
0.342200 0.085117
0.342400 0.085780
0.342600 0.086448
0.342800 0.087122
0.343000 0.087801
0.343200 0.088486
0.343400 0.089176
0.343600 0.089871
0.343800 0.090572
0.344000 0.091278
0.344200 0.091990
0.344400 0.092708
0.344600 0.093430
0.344800 0.094159
0.345000 0.094893
0.345200 0.095633
0.345400 0.096378
0.345600 0.097130
0.345800 0.097887
0.346000 0.098649
0.346200 0.099418
0.346400 0.100192
0.346600 0.100973
0.346800 0.101759
0.347000 0.102551
0.347200 0.103349
0.347400 0.104153
0.347600 0.104963
0.347800 0.105779
0.348000 0.106601
0.348200 0.107430
0.348400 0.108264
0.348600 0.109105
0.348800 0.109951
0.349000 0.110804
0.349200 0.111664
0.349400 0.112529
0.349600 0.113401
0.349800 0.114279
0.350000 0.115164
0.350200 0.116055
0.350400 0.116953
0.350600 0.117857
0.350800 0.118767
0.351000 0.119684
0.351200 0.120608
0.351400 0.121538
0.351600 0.122475
0.351800 0.123419
0.352000 0.124369
0.352200 0.125326
0.352400 0.126290
0.352600 0.127260
0.352800 0.128238
0.353000 0.129222
0.353200 0.130213
0.353400 0.131212
0.353600 0.132217
0.353800 0.133229
0.354000 0.134248
0.354200 0.135274
0.354400 0.136307
0.354600 0.137348
0.354800 0.138395
0.355000 0.139450
0.355200 0.140512
0.355400 0.141581
0.355600 0.142657
0.355800 0.143741
0.356000 0.144832
0.356200 0.145931
0.356400 0.147037
0.356600 0.148150
0.356800 0.149271
0.357000 0.150400
0.357200 0.151536
0.357400 0.152679
0.357600 0.153830
0.357800 0.154989
0.358000 0.156156
0.358200 0.157330
0.358400 0.158512
0.358600 0.159702
0.358800 0.160899
0.359000 0.162105
0.359200 0.163318
0.359400 0.164539
0.359600 0.165768
0.359800 0.167005
0.360000 0.168251
0.360200 0.169504
0.360400 0.170765
0.360600 0.172035
0.360800 0.173312
0.361000 0.174598
0.361200 0.175892
0.361400 0.177194
0.361600 0.178505
0.361800 0.179824
0.362000 0.181151
0.362200 0.182486
0.362400 0.183830
0.362600 0.185183
0.362800 0.186544
0.363000 0.187913
0.363200 0.189291
0.363400 0.190678
0.363600 0.192073
0.363800 0.193477
0.364000 0.194889
0.364200 0.196311
0.364400 0.197741
0.364600 0.199179
0.364800 0.200627
0.365000 0.202083
0.365200 0.203549
0.365400 0.205023
0.365600 0.206506
0.365800 0.207998
0.366000 0.209500
0.366200 0.211010
0.366400 0.212529
0.366600 0.214058
0.366800 0.215595
0.367000 0.217142
0.367200 0.218698
0.367400 0.220264
0.367600 0.221838
0.367800 0.223422
0.368000 0.225015
0.368200 0.226618
0.368400 0.228230
0.368600 0.229851
0.368800 0.231482
0.369000 0.233123
0.369200 0.234773
0.369400 0.236432
0.369600 0.238101
0.369800 0.239780
0.370000 0.241469
0.370200 0.243167
0.370400 0.244875
0.370600 0.246592
0.370800 0.248320
0.371000 0.250057
0.371200 0.251804
0.371400 0.253561
0.371600 0.255328
0.371800 0.257105
0.372000 0.258892
0.372200 0.260689
0.372400 0.262496
0.372600 0.264313
0.372800 0.266141
0.373000 0.267978
0.373200 0.269825
0.373400 0.271683
0.373600 0.273551
0.373800 0.275429
0.374000 0.277318
0.374200 0.279217
0.374400 0.281126
0.374600 0.283045
0.374800 0.284976
0.375000 0.286916
0.375200 0.288867
0.375400 0.290828
0.375600 0.292800
0.375800 0.294783
0.376000 0.296776
0.376200 0.298780
0.376400 0.300794
0.376600 0.302819
0.376800 0.304855
0.377000 0.306902
0.377200 0.308959
0.377400 0.311027
0.377600 0.313106
0.377800 0.315196
0.378000 0.317296
0.378200 0.319408
0.378400 0.321530
0.378600 0.323664
0.378800 0.325808
0.379000 0.327964
0.379200 0.330130
0.379400 0.332308
0.379600 0.334496
0.379800 0.336696
0.380000 0.338907
0.380200 0.341129
0.380400 0.343362
0.380600 0.345607
0.380800 0.347863
0.381000 0.350130
0.381200 0.352408
0.381400 0.354698
0.381600 0.356999
0.381800 0.359311
0.382000 0.361635
0.382200 0.363970
0.382400 0.366317
0.382600 0.368675
0.382800 0.371045
0.383000 0.373426
0.383200 0.375818
0.383400 0.378223
0.383600 0.380639
0.383800 0.383066
0.384000 0.385505
0.384200 0.387956
0.384400 0.390418
0.384600 0.392892
0.384800 0.395378
0.385000 0.397876
0.385200 0.400385
0.385400 0.402906
0.385600 0.405439
0.385800 0.407984
0.386000 0.410540
0.386200 0.413109
0.386400 0.415689
0.386600 0.418281
0.386800 0.420885
0.387000 0.423501
0.387200 0.426129
0.387400 0.428769
0.387600 0.431421
0.387800 0.434085
0.388000 0.436761
0.388200 0.439449
0.388400 0.442150
0.388600 0.444862
0.388800 0.447586
0.389000 0.450322
0.389200 0.453071
0.389400 0.455832
0.389600 0.458604
0.389800 0.461389
0.390000 0.464187
0.390200 0.466996
0.390400 0.469817
0.390600 0.472651
0.390800 0.475497
0.391000 0.478356
0.391200 0.481226
0.391400 0.484109
0.391600 0.487004
0.391800 0.489912
0.392000 0.492831
0.392200 0.495763
0.392400 0.498708
0.392600 0.501665
0.392800 0.504634
0.393000 0.507615
0.393200 0.510609
0.393400 0.513615
0.393600 0.516634
0.393800 0.519665
0.394000 0.522708
0.394200 0.525764
0.394400 0.528833
0.394600 0.531913
0.394800 0.535007
0.395000 0.538112
0.395200 0.541230
0.395400 0.544361
0.395600 0.547504
0.395800 0.550659
0.396000 0.553827
0.396200 0.557008
0.396400 0.560201
0.396600 0.563406
0.396800 0.566624
0.397000 0.569854
0.397200 0.573097
0.397400 0.576352
0.397600 0.579620
0.397800 0.582901
0.398000 0.586193
0.398200 0.589499
0.398400 0.592817
0.398600 0.596147
0.398800 0.599490
0.399000 0.602845
0.399200 0.606213
0.399400 0.609594
0.399600 0.612986
0.399800 0.616392
0.400000 0.619810
0.400200 0.623240
0.400400 0.626683
0.400600 0.630138
0.400800 0.633606
0.401000 0.637086
0.401200 0.640579
0.401400 0.644084
0.401600 0.647602
0.401800 0.651132
0.402000 0.654674
0.402200 0.658229
0.402400 0.661796
0.402600 0.665376
0.402800 0.668968
0.403000 0.672573
0.403200 0.676190
0.403400 0.679819
0.403600 0.683461
0.403800 0.687115
0.404000 0.690781
0.404200 0.694460
0.404400 0.698151
0.404600 0.701854
0.404800 0.705570
0.405000 0.709297
0.405200 0.713038
0.405400 0.716790
0.405600 0.720554
0.405800 0.724331
0.406000 0.728120
0.406200 0.731922
0.406400 0.735735
0.406600 0.739560
0.406800 0.743398
0.407000 0.747248
0.407200 0.751110
0.407400 0.754984
0.407600 0.758870
0.407800 0.762768
0.408000 0.766678
0.408200 0.770600
0.408400 0.774534
0.408600 0.778479
0.408800 0.782437
0.409000 0.786407
0.409200 0.790389
0.409400 0.794382
0.409600 0.798387
0.409800 0.802404
0.410000 0.806433
0.410200 0.810474
0.410400 0.814526
0.410600 0.818590
0.410800 0.822666
0.411000 0.826753
0.411200 0.830852
0.411400 0.834963
0.411600 0.839085
0.411800 0.843218
0.412000 0.847364
0.412200 0.851520
0.412400 0.855688
0.412600 0.859867
0.412800 0.864058
0.413000 0.868260
0.413200 0.872473
0.413400 0.876698
0.413600 0.880934
0.413800 0.885181
0.414000 0.889439
0.414200 0.893708
0.414400 0.897989
0.414600 0.902280
0.414800 0.906582
0.415000 0.910896
0.415200 0.915220
0.415400 0.919555
0.415600 0.923901
0.415800 0.928258
0.416000 0.932625
0.416200 0.937004
0.416400 0.941392
0.416600 0.945792
0.416800 0.950202
0.417000 0.954623
0.417200 0.959054
0.417400 0.963496
0.417600 0.967948
0.417800 0.972410
0.418000 0.976883
0.418200 0.981366
0.418400 0.985859
0.418600 0.990362
0.418800 0.994876
0.419000 0.999399
0.419200 1.003933
0.419400 1.008477
0.419600 1.013030
0.419800 1.017593
0.420000 1.022167
0.420200 1.026750
0.420400 1.031342
0.420600 1.035945
0.420800 1.040556
0.421000 1.045178
0.421200 1.049809
0.421400 1.054449
0.421600 1.059099
0.421800 1.063758
0.422000 1.068426
0.422200 1.073104
0.422400 1.077791
0.422600 1.082486
0.422800 1.087191
0.423000 1.091905
0.423200 1.096628
0.423400 1.101359
0.423600 1.106100
0.423800 1.110849
0.424000 1.115606
0.424200 1.120373
0.424400 1.125147
0.424600 1.129931
0.424800 1.134722
0.425000 1.139522
0.425200 1.144331
0.425400 1.149147
0.425600 1.153972
0.425800 1.158804
0.426000 1.163645
0.426200 1.168494
0.426400 1.173350
0.426600 1.178214
0.426800 1.183086
0.427000 1.187966
0.427200 1.192853
0.427400 1.197748
0.427600 1.202650
0.427800 1.207559
0.428000 1.212476
0.428200 1.217400
0.428400 1.222331
0.428600 1.227269
0.428800 1.232214
0.429000 1.237166
0.429200 1.242125
0.429400 1.247090
0.429600 1.252062
0.429800 1.257041
0.430000 1.262027
0.430200 1.267018
0.430400 1.272016
0.430600 1.277021
0.430800 1.282031
0.431000 1.287048
0.431200 1.292071
0.431400 1.297099
0.431600 1.302134
0.431800 1.307174
0.432000 1.312220
0.432200 1.317272
0.432400 1.322329
0.432600 1.327391
0.432800 1.332459
0.433000 1.337532
0.433200 1.342610
0.433400 1.347694
0.433600 1.352782
0.433800 1.357875
0.434000 1.362974
0.434200 1.368076
0.434400 1.373184
0.434600 1.378296
0.434800 1.383412
0.435000 1.388533
0.435200 1.393658
0.435400 1.398788
0.435600 1.403921
0.435800 1.409058
0.436000 1.414200
0.436200 1.419345
0.436400 1.424493
0.436600 1.429646
0.436800 1.434802
0.437000 1.439961
0.437200 1.445124
0.437400 1.450289
0.437600 1.455458
0.437800 1.460631
0.438000 1.465805
0.438200 1.470983
0.438400 1.476164
0.438600 1.481347
0.438800 1.486533
0.439000 1.491721
0.439200 1.496911
0.439400 1.502104
0.439600 1.507299
0.439800 1.512496
0.440000 1.517694
0.440200 1.522895
0.440400 1.528097
0.440600 1.533301
0.440800 1.538507
0.441000 1.543713
0.441200 1.548921
0.441400 1.554131
0.441600 1.559341
0.441800 1.564552
0.442000 1.569765
0.442200 1.574978
0.442400 1.580191
0.442600 1.585405
0.442800 1.590620
0.443000 1.595835
0.443200 1.601050
0.443400 1.606265
0.443600 1.611481
0.443800 1.616696
0.444000 1.621911
0.444200 1.627125
0.444400 1.632340
0.444600 1.637553
0.444800 1.642766
0.445000 1.647978
0.445200 1.653189
0.445400 1.658400
0.445600 1.663609
0.445800 1.668817
0.446000 1.674023
0.446200 1.679228
0.446400 1.684432
0.446600 1.689634
0.446800 1.694834
0.447000 1.700032
0.447200 1.705228
0.447400 1.710422
0.447600 1.715613
0.447800 1.720803
0.448000 1.725989
0.448200 1.731174
0.448400 1.736355
0.448600 1.741533
0.448800 1.746709
0.449000 1.751881
0.449200 1.757051
0.449400 1.762217
0.449600 1.767379
0.449800 1.772538
0.450000 1.777693
0.450200 1.782845
0.450400 1.787992
0.450600 1.793135
0.450800 1.798275
0.451000 1.803410
0.451200 1.808540
0.451400 1.813666
0.451600 1.818788
0.451800 1.823904
0.452000 1.829016
0.452200 1.834123
0.452400 1.839224
0.452600 1.844320
0.452800 1.849411
0.453000 1.854497
0.453200 1.859576
0.453400 1.864651
0.453600 1.869719
0.453800 1.874781
0.454000 1.879837
0.454200 1.884887
0.454400 1.889930
0.454600 1.894967
0.454800 1.899997
0.455000 1.905021
0.455200 1.910037
0.455400 1.915047
0.455600 1.920050
0.455800 1.925045
0.456000 1.930033
0.456200 1.935014
0.456400 1.939987
0.456600 1.944952
0.456800 1.949909
0.457000 1.954858
0.457200 1.959800
0.457400 1.964733
0.457600 1.969657
0.457800 1.974573
0.458000 1.979481
0.458200 1.984380
0.458400 1.989270
0.458600 1.994151
0.458800 1.999022
0.459000 2.003885
0.459200 2.008738
0.459400 2.013582
0.459600 2.018416
0.459800 2.023241
0.460000 2.028055
0.460200 2.032860
0.460400 2.037654
0.460600 2.042439
0.460800 2.047213
0.461000 2.051976
0.461200 2.056729
0.461400 2.061471
0.461600 2.066202
0.461800 2.070923
0.462000 2.075632
0.462200 2.080330
0.462400 2.085017
0.462600 2.089692
0.462800 2.094356
0.463000 2.099008
0.463200 2.103648
0.463400 2.108276
0.463600 2.112893
0.463800 2.117497
0.464000 2.122089
0.464200 2.126669
0.464400 2.131237
0.464600 2.135791
0.464800 2.140334
0.465000 2.144864
0.465200 2.149381
0.465400 2.153885
0.465600 2.158376
0.465800 2.162855
0.466000 2.167320
0.466200 2.171773
0.466400 2.176213
0.466600 2.180640
0.466800 2.185054
0.467000 2.189455
0.467200 2.193844
0.467400 2.198220
0.467600 2.202584
0.467800 2.206935
0.468000 2.211275
0.468200 2.215603
0.468400 2.219919
0.468600 2.224225
0.468800 2.228520
0.469000 2.232806
0.469200 2.237082
0.469400 2.241350
0.469600 2.245610
0.469800 2.249864
0.470000 2.254112
0.470200 2.258356
0.470400 2.262598
0.470600 2.266838
0.470800 2.271079
0.471000 2.275323
0.471200 2.279571
0.471400 2.283828
0.471600 2.288096
0.471800 2.292377
0.472000 2.296676
0.472200 2.300997
0.472400 2.305343
0.472600 2.309721
0.472800 2.314136
0.473000 2.318593
0.473200 2.323100
0.473400 2.327664
0.473600 2.332292
0.473800 2.336995
0.474000 2.341782
0.474200 2.346663
0.474400 2.351651
0.474600 2.356758
0.474800 2.361998
0.475000 2.367387
0.475200 2.372942
0.475400 2.378679
0.475600 2.384620
0.475800 2.390784
0.476000 2.397196
0.476200 2.403879
0.476400 2.410860
0.476600 2.418168
0.476800 2.425834
0.477000 2.433890
0.477200 2.442372
0.477400 2.451317
0.477600 2.460766
0.477800 2.470761
0.478000 2.481349
0.478200 2.492577
0.478400 2.504496
0.478600 2.517162
0.478800 2.530631
0.479000 2.544963
0.479200 2.560223
0.479400 2.576476
0.479600 2.593794
0.479800 2.612248
0.480000 2.631915
0.480200 2.652875
0.480400 2.675211
0.480600 2.699007
0.480800 2.724353
0.481000 2.751341
0.481200 2.780064
0.481400 2.810619
0.481600 2.843106
0.481800 2.877625
0.482000 2.914281
0.482200 2.953177
0.482400 2.994421
0.482600 3.038118
0.482800 3.084377
0.483000 3.133305
0.483200 3.185009
0.483400 3.239596
0.483600 3.297172
0.483800 3.357840
0.484000 3.421700
0.484200 3.488852
0.484400 3.559388
0.484600 3.633399
0.484800 3.710970
0.485000 3.792181
0.485200 3.877104
0.485400 3.965805
0.485600 4.058343
0.485800 4.154765
0.486000 4.255113
0.486200 4.359417
0.486400 4.467695
0.486600 4.579955
0.486800 4.696193
0.487000 4.816391
0.487200 4.940519
0.487400 5.068532
0.487600 5.200370
0.487800 5.335958
0.488000 5.475207
0.488200 5.618009
0.488400 5.764243
0.488600 5.913769
0.488800 6.066431
0.489000 6.222056
0.489200 6.380456
0.489400 6.541424
0.489600 6.704735
0.489800 6.870153
0.490000 7.037419
0.490200 7.206265
0.490400 7.376403
0.490600 7.547534
0.490800 7.719344
0.491000 7.891505
0.491200 8.063680
0.491400 8.235518
0.491600 8.406662
0.491800 8.576744
0.492000 8.745388
0.492200 8.912216
0.492400 9.076841
0.492600 9.238878
0.492800 9.397937
0.493000 9.553629
0.493200 9.705569
0.493400 9.853374
0.493600 9.996665
0.493800 10.135073
0.494000 10.268236
0.494200 10.395802
0.494400 10.517431
0.494600 10.632797
0.494800 10.741590
0.495000 10.843516
0.495200 10.938297
0.495400 11.025678
0.495600 11.105422
0.495800 11.177315
0.496000 11.241166
0.496200 11.296808
0.496400 11.344098
0.496600 11.382918
0.496800 11.413179
0.497000 11.434814
0.497200 11.447788
0.497400 11.452089
0.497600 11.447733
0.497800 11.434764
0.498000 11.413253
0.498200 11.383296
0.498400 11.345014
0.498600 11.298557
0.498800 11.244095
0.499000 11.181824
0.499200 11.111963
0.499400 11.034751
0.499600 10.950447
0.499800 10.859331
0.500000 10.761698
0.500200 10.657860
0.500400 10.548144
0.500600 10.432889
0.500800 10.312446
0.501000 10.187176
0.501200 10.057446
0.501400 9.923631
0.501600 9.786111
0.501800 9.645267
0.502000 9.501483
0.502200 9.355141
0.502400 9.206621
0.502600 9.056303
0.502800 8.904556
0.503000 8.751748
0.503200 8.598237
0.503400 8.444371
0.503600 8.290488
0.503800 8.136918
0.504000 7.983973
0.504200 7.831957
0.504400 7.681157
0.504600 7.531846
0.504800 7.384282
0.505000 7.238705
0.505200 7.095342
0.505400 6.954402
0.505600 6.816075
0.505800 6.680538
0.506000 6.547948
0.506200 6.418446
0.506400 6.292156
0.506600 6.169187
0.506800 6.049629
0.507000 5.933558
0.507200 5.821034
0.507400 5.712103
0.507600 5.606795
0.507800 5.505126
0.508000 5.407102
0.508200 5.312712
0.508400 5.221937
0.508600 5.134744
0.508800 5.051092
0.509000 4.970928
0.509200 4.894192
0.509400 4.820815
0.509600 4.750722
0.509800 4.683829
0.510000 4.620049
0.510200 4.559287
0.510400 4.501446
0.510600 4.446425
0.510800 4.394117
0.511000 4.344417
0.511200 4.297215
0.511400 4.252402
0.511600 4.209867
0.511800 4.169498
0.512000 4.131185
0.512200 4.094820
0.512400 4.060292
0.512600 4.027496
0.512800 3.996326
0.513000 3.966680
0.513200 3.938457
0.513400 3.911561
0.513600 3.885897
0.513800 3.861373
0.514000 3.837903
0.514200 3.815401
0.514400 3.793788
0.514600 3.772986
0.514800 3.752921
0.515000 3.733525
0.515200 3.714731
0.515400 3.696477
0.515600 3.678705
0.515800 3.661360
0.516000 3.644392
0.516200 3.627751
0.516400 3.611396
0.516600 3.595284
0.516800 3.579379
0.517000 3.563647
0.517200 3.548055
0.517400 3.532577
0.517600 3.517187
0.517800 3.501862
0.518000 3.486582
0.518200 3.471330
0.518400 3.456090
0.518600 3.440850
0.518800 3.425597
0.519000 3.410324
0.519200 3.395023
0.519400 3.379689
0.519600 3.364316
0.519800 3.348904
0.520000 3.333450
0.520200 3.317955
0.520400 3.302419
0.520600 3.286846
0.520800 3.271237
0.521000 3.255597
0.521200 3.239931
0.521400 3.224244
0.521600 3.208541
0.521800 3.192830
0.522000 3.177116
0.522200 3.161407
0.522400 3.145710
0.522600 3.130034
0.522800 3.114385
0.523000 3.098772
0.523200 3.083202
0.523400 3.067684
0.523600 3.052225
0.523800 3.036834
0.524000 3.021518
0.524200 3.006285
0.524400 2.991143
0.524600 2.976098
0.524800 2.961158
0.525000 2.946330
0.525200 2.931620
0.525400 2.917035
0.525600 2.902581
0.525800 2.888263
0.526000 2.874087
0.526200 2.860058
0.526400 2.846181
0.526600 2.832460
0.526800 2.818900
0.527000 2.805504
0.527200 2.792276
0.527400 2.779219
0.527600 2.766336
0.527800 2.753629
0.528000 2.741100
0.528200 2.728752
0.528400 2.716585
0.528600 2.704601
0.528800 2.692800
0.529000 2.681185
0.529200 2.669753
0.529400 2.658507
0.529600 2.647445
0.529800 2.636567
0.530000 2.625872
0.530200 2.615359
0.530400 2.605027
0.530600 2.594875
0.530800 2.584901
0.531000 2.575103
0.531200 2.565478
0.531400 2.556026
0.531600 2.546743
0.531800 2.537627
0.532000 2.528675
0.532200 2.519885
0.532400 2.511253
0.532600 2.502776
0.532800 2.494452
0.533000 2.486278
0.533200 2.478249
0.533400 2.470362
0.533600 2.462615
0.533800 2.455003
0.534000 2.447524
0.534200 2.440172
0.534400 2.432946
0.534600 2.425842
0.534800 2.418855
0.535000 2.411982
0.535200 2.405220
0.535400 2.398565
0.535600 2.392013
0.535800 2.385561
0.536000 2.379205
0.536200 2.372942
0.536400 2.366769
0.536600 2.360681
0.536800 2.354676
0.537000 2.348751
0.537200 2.342901
0.537400 2.337124
0.537600 2.331417
0.537800 2.325776
0.538000 2.320199
0.538200 2.314682
0.538400 2.309223
0.538600 2.303819
0.538800 2.298467
0.539000 2.293164
0.539200 2.287908
0.539400 2.282697
0.539600 2.277527
0.539800 2.272397
0.540000 2.267304
0.540200 2.262246
0.540400 2.257220
0.540600 2.252226
0.540800 2.247260
0.541000 2.242321
0.541200 2.237406
0.541400 2.232515
0.541600 2.227645
0.541800 2.222795
0.542000 2.217963
0.542200 2.213148
0.542400 2.208347
0.542600 2.203561
0.542800 2.198787
0.543000 2.194023
0.543200 2.189270
0.543400 2.184526
0.543600 2.179789
0.543800 2.175059
0.544000 2.170335
0.544200 2.165615
0.544400 2.160899
0.544600 2.156187
0.544800 2.151476
0.545000 2.146767
0.545200 2.142058
0.545400 2.137349
0.545600 2.132640
0.545800 2.127930
0.546000 2.123218
0.546200 2.118503
0.546400 2.113786
0.546600 2.109066
0.546800 2.104342
0.547000 2.099615
0.547200 2.094882
0.547400 2.090146
0.547600 2.085404
0.547800 2.080657
0.548000 2.075904
0.548200 2.071146
0.548400 2.066382
0.548600 2.061611
0.548800 2.056834
0.549000 2.052051
0.549200 2.047261
0.549400 2.042464
0.549600 2.037661
0.549800 2.032850
0.550000 2.028033
0.550200 2.023208
0.550400 2.018376
0.550600 2.013537
0.550800 2.008691
0.551000 2.003838
0.551200 1.998977
0.551400 1.994109
0.551600 1.989234
0.551800 1.984352
0.552000 1.979462
0.552200 1.974565
0.552400 1.969662
0.552600 1.964751
0.552800 1.959833
0.553000 1.954908
0.553200 1.949976
0.553400 1.945038
0.553600 1.940092
0.553800 1.935140
0.554000 1.930181
0.554200 1.925216
0.554400 1.920244
0.554600 1.915266
0.554800 1.910282
0.555000 1.905292
0.555200 1.900295
0.555400 1.895293
0.555600 1.890284
0.555800 1.885270
0.556000 1.880250
0.556200 1.875225
0.556400 1.870194
0.556600 1.865158
0.556800 1.860117
0.557000 1.855071
0.557200 1.850019
0.557400 1.844963
0.557600 1.839902
0.557800 1.834836
0.558000 1.829766
0.558200 1.824691
0.558400 1.819612
0.558600 1.814529
0.558800 1.809442
0.559000 1.804351
0.559200 1.799256
0.559400 1.794158
0.559600 1.789056
0.559800 1.783950
0.560000 1.778841
0.560200 1.773729
0.560400 1.768614
0.560600 1.763496
0.560800 1.758375
0.561000 1.753251
0.561200 1.748125
0.561400 1.742996
0.561600 1.737865
0.561800 1.732732
0.562000 1.727596
0.562200 1.722459
0.562400 1.717319
0.562600 1.712178
0.562800 1.707036
0.563000 1.701891
0.563200 1.696746
0.563400 1.691599
0.563600 1.686451
0.563800 1.681302
0.564000 1.676152
0.564200 1.671002
0.564400 1.665850
0.564600 1.660698
0.564800 1.655546
0.565000 1.650394
0.565200 1.645241
0.565400 1.640088
0.565600 1.634935
0.565800 1.629783
0.566000 1.624630
0.566200 1.619478
0.566400 1.614327
0.566600 1.609176
0.566800 1.604026
0.567000 1.598877
0.567200 1.593729
0.567400 1.588582
0.567600 1.583436
0.567800 1.578292
0.568000 1.573149
0.568200 1.568007
0.568400 1.562867
0.568600 1.557729
0.568800 1.552593
0.569000 1.547459
0.569200 1.542327
0.569400 1.537198
0.569600 1.532070
0.569800 1.526945
0.570000 1.521823
0.570200 1.516704
0.570400 1.511587
0.570600 1.506473
0.570800 1.501362
0.571000 1.496254
0.571200 1.491150
0.571400 1.486048
0.571600 1.480951
0.571800 1.475856
0.572000 1.470766
0.572200 1.465679
0.572400 1.460596
0.572600 1.455517
0.572800 1.450443
0.573000 1.445372
0.573200 1.440306
0.573400 1.435244
0.573600 1.430187
0.573800 1.425134
0.574000 1.420086
0.574200 1.415043
0.574400 1.410004
0.574600 1.404971
0.574800 1.399943
0.575000 1.394920
0.575200 1.389902
0.575400 1.384890
0.575600 1.379884
0.575800 1.374883
0.576000 1.369887
0.576200 1.364898
0.576400 1.359914
0.576600 1.354937
0.576800 1.349965
0.577000 1.345000
0.577200 1.340041
0.577400 1.335089
0.577600 1.330143
0.577800 1.325204
0.578000 1.320271
0.578200 1.315345
0.578400 1.310426
0.578600 1.305514
0.578800 1.300609
0.579000 1.295711
0.579200 1.290821
0.579400 1.285938
0.579600 1.281062
0.579800 1.276194
0.580000 1.271333
0.580200 1.266480
0.580400 1.261635
0.580600 1.256798
0.580800 1.251968
0.581000 1.247147
0.581200 1.242334
0.581400 1.237529
0.581600 1.232732
0.581800 1.227944
0.582000 1.223165
0.582200 1.218393
0.582400 1.213631
0.582600 1.208877
0.582800 1.204132
0.583000 1.199396
0.583200 1.194669
0.583400 1.189951
0.583600 1.185242
0.583800 1.180543
0.584000 1.175852
0.584200 1.171171
0.584400 1.166500
0.584600 1.161838
0.584800 1.157186
0.585000 1.152543
0.585200 1.147910
0.585400 1.143287
0.585600 1.138674
0.585800 1.134071
0.586000 1.129478
0.586200 1.124895
0.586400 1.120323
0.586600 1.115760
0.586800 1.111208
0.587000 1.106667
0.587200 1.102136
0.587400 1.097616
0.587600 1.093106
0.587800 1.088607
0.588000 1.084119
0.588200 1.079641
0.588400 1.075175
0.588600 1.070719
0.588800 1.066275
0.589000 1.061842
0.589200 1.057420
0.589400 1.053009
0.589600 1.048610
0.589800 1.044222
0.590000 1.039845
0.590200 1.035480
0.590400 1.031126
0.590600 1.026785
0.590800 1.022455
0.591000 1.018136
0.591200 1.013830
0.591400 1.009535
0.591600 1.005253
0.591800 1.000982
0.592000 0.996724
0.592200 0.992477
0.592400 0.988243
0.592600 0.984021
0.592800 0.979812
0.593000 0.975615
0.593200 0.971430
0.593400 0.967257
0.593600 0.963098
0.593800 0.958950
0.594000 0.954816
0.594200 0.950694
0.594400 0.946585
0.594600 0.942489
0.594800 0.938405
0.595000 0.934335
0.595200 0.930277
0.595400 0.926233
0.595600 0.922201
0.595800 0.918183
0.596000 0.914177
0.596200 0.910185
0.596400 0.906207
0.596600 0.902241
0.596800 0.898289
0.597000 0.894350
0.597200 0.890425
0.597400 0.886513
0.597600 0.882615
0.597800 0.878730
0.598000 0.874859
0.598200 0.871001
0.598400 0.867157
0.598600 0.863327
0.598800 0.859511
0.599000 0.855709
0.599200 0.851920
0.599400 0.848145
0.599600 0.844384
0.599800 0.840638
0.600000 0.836905
0.600200 0.833186
0.600400 0.829482
0.600600 0.825791
0.600800 0.822115
0.601000 0.818453
0.601200 0.814805
0.601400 0.811171
0.601600 0.807552
0.601800 0.803947
0.602000 0.800356
0.602200 0.796780
0.602400 0.793219
0.602600 0.789671
0.602800 0.786138
0.603000 0.782620
0.603200 0.779117
0.603400 0.775627
0.603600 0.772153
0.603800 0.768693
0.604000 0.765248
0.604200 0.761818
0.604400 0.758402
0.604600 0.755001
0.604800 0.751615
0.605000 0.748243
0.605200 0.744887
0.605400 0.741545
0.605600 0.738218
0.605800 0.734907
0.606000 0.731610
0.606200 0.728328
0.606400 0.725061
0.606600 0.721808
0.606800 0.718571
0.607000 0.715349
0.607200 0.712143
0.607400 0.708951
0.607600 0.705774
0.607800 0.702612
0.608000 0.699466
0.608200 0.696334
0.608400 0.693218
0.608600 0.690117
0.608800 0.687031
0.609000 0.683961
0.609200 0.680905
0.609400 0.677865
0.609600 0.674840
0.609800 0.671831
0.610000 0.668836
0.610200 0.665857
0.610400 0.662894
0.610600 0.659945
0.610800 0.657012
0.611000 0.654094
0.611200 0.651192
0.611400 0.648305
0.611600 0.645433
0.611800 0.642577
0.612000 0.639736
0.612200 0.636911
0.612400 0.634101
0.612600 0.631306
0.612800 0.628527
0.613000 0.625763
0.613200 0.623015
0.613400 0.620282
0.613600 0.617565
0.613800 0.614862
0.614000 0.612176
0.614200 0.609505
0.614400 0.606849
0.614600 0.604209
0.614800 0.601584
0.615000 0.598975
0.615200 0.596381
0.615400 0.593803
0.615600 0.591240
0.615800 0.588692
0.616000 0.586160
0.616200 0.583644
0.616400 0.581143
0.616600 0.578657
0.616800 0.576187
0.617000 0.573732
0.617200 0.571293
0.617400 0.568869
0.617600 0.566461
0.617800 0.564068
0.618000 0.561690
0.618200 0.559328
0.618400 0.556982
0.618600 0.554651
0.618800 0.552335
0.619000 0.550034
0.619200 0.547749
0.619400 0.545480
0.619600 0.543225
0.619800 0.540986
0.620000 0.538763
0.620200 0.536554
0.620400 0.534362
0.620600 0.532184
0.620800 0.530022
0.621000 0.527875
0.621200 0.525743
0.621400 0.523627
0.621600 0.521526
0.621800 0.519440
0.622000 0.517369
0.622200 0.515314
0.622400 0.513273
0.622600 0.511248
0.622800 0.509238
0.623000 0.507244
0.623200 0.505264
0.623400 0.503300
0.623600 0.501350
0.623800 0.499416
0.624000 0.497497
0.624200 0.495593
0.624400 0.493704
0.624600 0.491830
0.624800 0.489971
0.625000 0.488126
0.625200 0.486297
0.625400 0.484483
0.625600 0.482684
0.625800 0.480899
0.626000 0.479130
0.626200 0.477375
0.626400 0.475635
0.626600 0.473910
0.626800 0.472200
0.627000 0.470505
0.627200 0.468824
0.627400 0.467158
0.627600 0.465507
0.627800 0.463870
0.628000 0.462248
0.628200 0.460640
0.628400 0.459047
0.628600 0.457469
0.628800 0.455905
0.629000 0.454356
0.629200 0.452821
0.629400 0.451301
0.629600 0.449795
0.629800 0.448303
0.630000 0.446826
0.630200 0.445363
0.630400 0.443914
0.630600 0.442480
0.630800 0.441059
0.631000 0.439653
0.631200 0.438262
0.631400 0.436884
0.631600 0.435520
0.631800 0.434171
0.632000 0.432835
0.632200 0.431514
0.632400 0.430206
0.632600 0.428913
0.632800 0.427633
0.633000 0.426367
0.633200 0.425115
0.633400 0.423877
0.633600 0.422653
0.633800 0.421442
0.634000 0.420245
0.634200 0.419062
0.634400 0.417892
0.634600 0.416736
0.634800 0.415593
0.635000 0.414464
0.635200 0.413348
0.635400 0.412246
0.635600 0.411157
0.635800 0.410081
0.636000 0.409019
0.636200 0.407970
0.636400 0.406934
0.636600 0.405912
0.636800 0.404902
0.637000 0.403906
0.637200 0.402922
0.637400 0.401952
0.637600 0.400994
0.637800 0.400050
0.638000 0.399118
0.638200 0.398200
0.638400 0.397294
0.638600 0.396400
0.638800 0.395520
0.639000 0.394652
0.639200 0.393797
0.639400 0.392954
0.639600 0.392124
0.639800 0.391306
0.640000 0.390501
0.640200 0.389708
0.640400 0.388927
0.640600 0.388159
0.640800 0.387403
0.641000 0.386659
0.641200 0.385927
0.641400 0.385208
0.641600 0.384500
0.641800 0.383804
0.642000 0.383121
0.642200 0.382449
0.642400 0.381789
0.642600 0.381141
0.642800 0.380505
0.643000 0.379880
0.643200 0.379267
0.643400 0.378665
0.643600 0.378075
0.643800 0.377497
0.644000 0.376930
0.644200 0.376374
0.644400 0.375830
0.644600 0.375297
0.644800 0.374775
0.645000 0.374264
0.645200 0.373765
0.645400 0.373276
0.645600 0.372799
0.645800 0.372332
0.646000 0.371877
0.646200 0.371432
0.646400 0.370998
0.646600 0.370575
0.646800 0.370162
0.647000 0.369760
0.647200 0.369369
0.647400 0.368988
0.647600 0.368617
0.647800 0.368257
0.648000 0.367908
0.648200 0.367568
0.648400 0.367239
0.648600 0.366920
0.648800 0.366611
0.649000 0.366312
0.649200 0.366023
0.649400 0.365744
0.649600 0.365475
0.649800 0.365215
0.650000 0.364966
0.650200 0.364726
0.650400 0.364496
0.650600 0.364275
0.650800 0.364064
0.651000 0.363862
0.651200 0.363669
0.651400 0.363486
0.651600 0.363313
0.651800 0.363148
0.652000 0.362992
0.652200 0.362846
0.652400 0.362709
0.652600 0.362580
0.652800 0.362461
0.653000 0.362350
0.653200 0.362248
0.653400 0.362155
0.653600 0.362070
0.653800 0.361994
0.654000 0.361927
0.654200 0.361868
0.654400 0.361817
0.654600 0.361775
0.654800 0.361740
0.655000 0.361714
0.655200 0.361697
0.655400 0.361687
0.655600 0.361685
0.655800 0.361691
0.656000 0.361705
0.656200 0.361727
0.656400 0.361757
0.656600 0.361794
0.656800 0.361839
0.657000 0.361891
0.657200 0.361951
0.657400 0.362019
0.657600 0.362093
0.657800 0.362175
0.658000 0.362264
0.658200 0.362361
0.658400 0.362464
0.658600 0.362574
0.658800 0.362691
0.659000 0.362816
0.659200 0.362947
0.659400 0.363084
0.659600 0.363229
0.659800 0.363380
0.660000 0.363537
0.660200 0.363701
0.660400 0.363871
0.660600 0.364048
0.660800 0.364231
0.661000 0.364420
0.661200 0.364615
0.661400 0.364817
0.661600 0.365024
0.661800 0.365237
0.662000 0.365456
0.662200 0.365681
0.662400 0.365912
0.662600 0.366148
0.662800 0.366390
0.663000 0.366637
0.663200 0.366890
0.663400 0.367148
0.663600 0.367412
0.663800 0.367680
0.664000 0.367954
0.664200 0.368233
0.664400 0.368517
0.664600 0.368806
0.664800 0.369100
0.665000 0.369398
0.665200 0.369702
0.665400 0.370010
0.665600 0.370322
0.665800 0.370639
0.666000 0.370961
0.666200 0.371287
0.666400 0.371617
0.666600 0.371952
0.666800 0.372291
0.667000 0.372634
0.667200 0.372981
0.667400 0.373332
0.667600 0.373687
0.667800 0.374045
0.668000 0.374408
0.668200 0.374774
0.668400 0.375144
0.668600 0.375517
0.668800 0.375894
0.669000 0.376275
0.669200 0.376658
0.669400 0.377045
0.669600 0.377435
0.669800 0.377829
0.670000 0.378225
0.670200 0.378625
0.670400 0.379027
0.670600 0.379432
0.670800 0.379840
0.671000 0.380251
0.671200 0.380664
0.671400 0.381080
0.671600 0.381499
0.671800 0.381920
0.672000 0.382343
0.672200 0.382769
0.672400 0.383197
0.672600 0.383627
0.672800 0.384059
0.673000 0.384493
0.673200 0.384930
0.673400 0.385368
0.673600 0.385808
0.673800 0.386250
0.674000 0.386693
0.674200 0.387138
0.674400 0.387585
0.674600 0.388033
0.674800 0.388483
0.675000 0.388934
0.675200 0.389386
0.675400 0.389839
0.675600 0.390294
0.675800 0.390750
0.676000 0.391207
0.676200 0.391664
0.676400 0.392123
0.676600 0.392583
0.676800 0.393043
0.677000 0.393504
0.677200 0.393965
0.677400 0.394428
0.677600 0.394890
0.677800 0.395353
0.678000 0.395817
0.678200 0.396281
0.678400 0.396745
0.678600 0.397209
0.678800 0.397673
0.679000 0.398137
0.679200 0.398602
0.679400 0.399066
0.679600 0.399530
0.679800 0.399994
0.680000 0.400457
0.680200 0.400921
0.680400 0.401384
0.680600 0.401846
0.680800 0.402308
0.681000 0.402769
0.681200 0.403230
0.681400 0.403690
0.681600 0.404149
0.681800 0.404607
0.682000 0.405065
0.682200 0.405521
0.682400 0.405977
0.682600 0.406431
0.682800 0.406884
0.683000 0.407336
0.683200 0.407787
0.683400 0.408236
0.683600 0.408685
0.683800 0.409131
0.684000 0.409576
0.684200 0.410020
0.684400 0.410462
0.684600 0.410902
0.684800 0.411341
0.685000 0.411777
0.685200 0.412212
0.685400 0.412645
0.685600 0.413076
0.685800 0.413506
0.686000 0.413932
0.686200 0.414357
0.686400 0.414780
0.686600 0.415200
0.686800 0.415619
0.687000 0.416034
0.687200 0.416448
0.687400 0.416859
0.687600 0.417267
0.687800 0.417673
0.688000 0.418076
0.688200 0.418476
0.688400 0.418874
0.688600 0.419269
0.688800 0.419662
0.689000 0.420051
0.689200 0.420437
0.689400 0.420821
0.689600 0.421201
0.689800 0.421578
0.690000 0.421952
0.690200 0.422323
0.690400 0.422691
0.690600 0.423055
0.690800 0.423416
0.691000 0.423774
0.691200 0.424128
0.691400 0.424479
0.691600 0.424826
0.691800 0.425170
0.692000 0.425510
0.692200 0.425847
0.692400 0.426179
0.692600 0.426508
0.692800 0.426833
0.693000 0.427155
0.693200 0.427472
0.693400 0.427786
0.693600 0.428095
0.693800 0.428400
0.694000 0.428702
0.694200 0.428999
0.694400 0.429292
0.694600 0.429581
0.694800 0.429866
0.695000 0.430146
0.695200 0.430422
0.695400 0.430694
0.695600 0.430961
0.695800 0.431224
0.696000 0.431483
0.696200 0.431737
0.696400 0.431986
0.696600 0.432231
0.696800 0.432471
0.697000 0.432706
0.697200 0.432937
0.697400 0.433163
0.697600 0.433384
0.697800 0.433601
0.698000 0.433812
0.698200 0.434019
0.698400 0.434221
0.698600 0.434418
0.698800 0.434610
0.699000 0.434797
0.699200 0.434978
0.699400 0.435155
0.699600 0.435327
0.699800 0.435493
0.700000 0.435654
0.700200 0.435811
0.700400 0.435961
0.700600 0.436107
0.700800 0.436247
0.701000 0.436382
0.701200 0.436512
0.701400 0.436636
0.701600 0.436755
0.701800 0.436868
0.702000 0.436976
0.702200 0.437079
0.702400 0.437176
0.702600 0.437267
0.702800 0.437353
0.703000 0.437433
0.703200 0.437508
0.703400 0.437577
0.703600 0.437640
0.703800 0.437698
0.704000 0.437750
0.704200 0.437796
0.704400 0.437837
0.704600 0.437871
0.704800 0.437900
0.705000 0.437923
0.705200 0.437941
0.705400 0.437952
0.705600 0.437958
0.705800 0.437958
0.706000 0.437951
0.706200 0.437939
0.706400 0.437921
0.706600 0.437897
0.706800 0.437867
0.707000 0.437831
0.707200 0.437789
0.707400 0.437742
0.707600 0.437688
0.707800 0.437628
0.708000 0.437562
0.708200 0.437489
0.708400 0.437411
0.708600 0.437327
0.708800 0.437237
0.709000 0.437140
0.709200 0.437037
0.709400 0.436929
0.709600 0.436814
0.709800 0.436693
0.710000 0.436565
0.710200 0.436432
0.710400 0.436292
0.710600 0.436147
0.710800 0.435995
0.711000 0.435837
0.711200 0.435672
0.711400 0.435502
0.711600 0.435325
0.711800 0.435142
0.712000 0.434953
0.712200 0.434757
0.712400 0.434556
0.712600 0.434348
0.712800 0.434134
0.713000 0.433913
0.713200 0.433687
0.713400 0.433454
0.713600 0.433215
0.713800 0.432969
0.714000 0.432718
0.714200 0.432460
0.714400 0.432196
0.714600 0.431925
0.714800 0.431649
0.715000 0.431366
0.715200 0.431077
0.715400 0.430782
0.715600 0.430480
0.715800 0.430172
0.716000 0.429858
0.716200 0.429538
0.716400 0.429212
0.716600 0.428879
0.716800 0.428540
0.717000 0.428195
0.717200 0.427844
0.717400 0.427487
0.717600 0.427123
0.717800 0.426754
0.718000 0.426378
0.718200 0.425996
0.718400 0.425608
0.718600 0.425214
0.718800 0.424813
0.719000 0.424407
0.719200 0.423994
0.719400 0.423575
0.719600 0.423151
0.719800 0.422720
0.720000 0.422283
0.720200 0.421840
0.720400 0.421391
0.720600 0.420936
0.720800 0.420476
0.721000 0.420009
0.721200 0.419536
0.721400 0.419057
0.721600 0.418572
0.721800 0.418082
0.722000 0.417585
0.722200 0.417083
0.722400 0.416574
0.722600 0.416060
0.722800 0.415540
0.723000 0.415014
0.723200 0.414483
0.723400 0.413945
0.723600 0.413402
0.723800 0.412853
0.724000 0.412298
0.724200 0.411738
0.724400 0.411172
0.724600 0.410600
0.724800 0.410023
0.725000 0.409440
0.725200 0.408852
0.725400 0.408257
0.725600 0.407658
0.725800 0.407052
0.726000 0.406442
0.726200 0.405826
0.726400 0.405204
0.726600 0.404577
0.726800 0.403944
0.727000 0.403306
0.727200 0.402663
0.727400 0.402015
0.727600 0.401361
0.727800 0.400701
0.728000 0.400037
0.728200 0.399367
0.728400 0.398692
0.728600 0.398012
0.728800 0.397327
0.729000 0.396637
0.729200 0.395941
0.729400 0.395241
0.729600 0.394535
0.729800 0.393825
0.730000 0.393109
0.730200 0.392389
0.730400 0.391663
0.730600 0.390933
0.730800 0.390198
0.731000 0.389458
0.731200 0.388713
0.731400 0.387963
0.731600 0.387209
0.731800 0.386450
0.732000 0.385686
0.732200 0.384918
0.732400 0.384145
0.732600 0.383367
0.732800 0.382585
0.733000 0.381799
0.733200 0.381008
0.733400 0.380212
0.733600 0.379412
0.733800 0.378608
0.734000 0.377799
0.734200 0.376986
0.734400 0.376169
0.734600 0.375347
0.734800 0.374521
0.735000 0.373691
0.735200 0.372857
0.735400 0.372019
0.735600 0.371176
0.735800 0.370330
0.736000 0.369480
0.736200 0.368625
0.736400 0.367767
0.736600 0.366905
0.736800 0.366039
0.737000 0.365169
0.737200 0.364296
0.737400 0.363418
0.737600 0.362537
0.737800 0.361652
0.738000 0.360764
0.738200 0.359872
0.738400 0.358976
0.738600 0.358077
0.738800 0.357175
0.739000 0.356268
0.739200 0.355359
0.739400 0.354446
0.739600 0.353530
0.739800 0.352610
0.740000 0.351688
0.740200 0.350762
0.740400 0.349833
0.740600 0.348900
0.740800 0.347965
0.741000 0.347026
0.741200 0.346085
0.741400 0.345140
0.741600 0.344193
0.741800 0.343242
0.742000 0.342289
0.742200 0.341333
0.742400 0.340374
0.742600 0.339413
0.742800 0.338448
0.743000 0.337481
0.743200 0.336512
0.743400 0.335539
0.743600 0.334565
0.743800 0.333587
0.744000 0.332607
0.744200 0.331625
0.744400 0.330641
0.744600 0.329654
0.744800 0.328664
0.745000 0.327673
0.745200 0.326679
0.745400 0.325683
0.745600 0.324685
0.745800 0.323684
0.746000 0.322682
0.746200 0.321678
0.746400 0.320671
0.746600 0.319663
0.746800 0.318653
0.747000 0.317641
0.747200 0.316627
0.747400 0.315611
0.747600 0.314593
0.747800 0.313574
0.748000 0.312553
0.748200 0.311531
0.748400 0.310507
0.748600 0.309481
0.748800 0.308454
0.749000 0.307425
0.749200 0.306395
0.749400 0.305363
0.749600 0.304331
0.749800 0.303296
0.750000 0.302261
0.750200 0.301224
0.750400 0.300187
0.750600 0.299148
0.750800 0.298107
0.751000 0.297066
0.751200 0.296024
0.751400 0.294981
0.751600 0.293937
0.751800 0.292892
0.752000 0.291846
0.752200 0.290799
0.752400 0.289751
0.752600 0.288703
0.752800 0.287654
0.753000 0.286604
0.753200 0.285554
0.753400 0.284503
0.753600 0.283451
0.753800 0.282399
0.754000 0.281347
0.754200 0.280294
0.754400 0.279241
0.754600 0.278187
0.754800 0.277133
0.755000 0.276078
0.755200 0.275024
0.755400 0.273969
0.755600 0.272914
0.755800 0.271859
0.756000 0.270803
0.756200 0.269748
0.756400 0.268693
0.756600 0.267637
0.756800 0.266582
0.757000 0.265527
0.757200 0.264472
0.757400 0.263417
0.757600 0.262362
0.757800 0.261307
0.758000 0.260253
0.758200 0.259199
0.758400 0.258146
0.758600 0.257092
0.758800 0.256039
0.759000 0.254987
0.759200 0.253935
0.759400 0.252884
0.759600 0.251833
0.759800 0.250783
0.760000 0.249733
0.760200 0.248684
0.760400 0.247636
0.760600 0.246588
0.760800 0.245541
0.761000 0.244495
0.761200 0.243450
0.761400 0.242406
0.761600 0.241362
0.761800 0.240320
0.762000 0.239278
0.762200 0.238237
0.762400 0.237198
0.762600 0.236159
0.762800 0.235122
0.763000 0.234086
0.763200 0.233051
0.763400 0.232017
0.763600 0.230984
0.763800 0.229953
0.764000 0.228922
0.764200 0.227893
0.764400 0.226866
0.764600 0.225840
0.764800 0.224815
0.765000 0.223792
0.765200 0.222770
0.765400 0.221750
0.765600 0.220731
0.765800 0.219714
0.766000 0.218698
0.766200 0.217684
0.766400 0.216671
0.766600 0.215661
0.766800 0.214652
0.767000 0.213644
0.767200 0.212639
0.767400 0.211635
0.767600 0.210633
0.767800 0.209633
0.768000 0.208635
0.768200 0.207639
0.768400 0.206644
0.768600 0.205652
0.768800 0.204661
0.769000 0.203673
0.769200 0.202686
0.769400 0.201702
0.769600 0.200720
0.769800 0.199739
0.770000 0.198761
0.770200 0.197786
0.770400 0.196812
0.770600 0.195840
0.770800 0.194871
0.771000 0.193904
0.771200 0.192939
0.771400 0.191977
0.771600 0.191017
0.771800 0.190059
0.772000 0.189104
0.772200 0.188151
0.772400 0.187200
0.772600 0.186252
0.772800 0.185307
0.773000 0.184363
0.773200 0.183423
0.773400 0.182485
0.773600 0.181549
0.773800 0.180616
0.774000 0.179686
0.774200 0.178758
0.774400 0.177833
0.774600 0.176911
0.774800 0.175991
0.775000 0.175074
0.775200 0.174159
0.775400 0.173248
0.775600 0.172339
0.775800 0.171433
0.776000 0.170530
0.776200 0.169629
0.776400 0.168731
0.776600 0.167837
0.776800 0.166945
0.777000 0.166056
0.777200 0.165170
0.777400 0.164286
0.777600 0.163406
0.777800 0.162529
0.778000 0.161655
0.778200 0.160783
0.778400 0.159915
0.778600 0.159050
0.778800 0.158187
0.779000 0.157328
0.779200 0.156472
0.779400 0.155619
0.779600 0.154769
0.779800 0.153922
0.780000 0.153078
0.780200 0.152238
0.780400 0.151401
0.780600 0.150566
0.780800 0.149735
0.781000 0.148907
0.781200 0.148083
0.781400 0.147261
0.781600 0.146443
0.781800 0.145628
0.782000 0.144817
0.782200 0.144008
0.782400 0.143203
0.782600 0.142401
0.782800 0.141603
0.783000 0.140808
0.783200 0.140016
0.783400 0.139227
0.783600 0.138442
0.783800 0.137660
0.784000 0.136882
0.784200 0.136107
0.784400 0.135335
0.784600 0.134567
0.784800 0.133802
0.785000 0.133041
0.785200 0.132283
0.785400 0.131529
0.785600 0.130778
0.785800 0.130030
0.786000 0.129286
0.786200 0.128545
0.786400 0.127808
0.786600 0.127075
0.786800 0.126345
0.787000 0.125618
0.787200 0.124895
0.787400 0.124175
0.787600 0.123459
0.787800 0.122747
0.788000 0.122038
0.788200 0.121333
0.788400 0.120631
0.788600 0.119933
0.788800 0.119238
0.789000 0.118547
0.789200 0.117859
0.789400 0.117175
0.789600 0.116495
0.789800 0.115818
0.790000 0.115145
0.790200 0.114476
0.790400 0.113810
0.790600 0.113148
0.790800 0.112489
0.791000 0.111834
0.791200 0.111183
0.791400 0.110535
0.791600 0.109891
0.791800 0.109250
0.792000 0.108613
0.792200 0.107980
0.792400 0.107351
0.792600 0.106725
0.792800 0.106103
0.793000 0.105484
0.793200 0.104869
0.793400 0.104258
0.793600 0.103651
0.793800 0.103047
0.794000 0.102447
0.794200 0.101850
0.794400 0.101257
0.794600 0.100668
0.794800 0.100083
0.795000 0.099501
0.795200 0.098923
0.795400 0.098348
0.795600 0.097778
0.795800 0.097211
0.796000 0.096647
0.796200 0.096088
0.796400 0.095532
0.796600 0.094979
0.796800 0.094431
0.797000 0.093886
0.797200 0.093345
0.797400 0.092807
0.797600 0.092273
0.797800 0.091743
0.798000 0.091217
0.798200 0.090694
0.798400 0.090175
0.798600 0.089659
0.798800 0.089148
0.799000 0.088640
0.799200 0.088135
0.799400 0.087635
0.799600 0.087138
0.799800 0.086644
0.800000 0.086155
0.800200 0.085669
0.800400 0.085187
0.800600 0.084708
0.800800 0.084233
0.801000 0.083762
0.801200 0.083294
0.801400 0.082830
0.801600 0.082370
0.801800 0.081914
0.802000 0.081461
0.802200 0.081011
0.802400 0.080566
0.802600 0.080124
0.802800 0.079686
0.803000 0.079251
0.803200 0.078820
0.803400 0.078393
0.803600 0.077969
0.803800 0.077549
0.804000 0.077133
0.804200 0.076720
0.804400 0.076311
0.804600 0.075905
0.804800 0.075503
0.805000 0.075105
0.805200 0.074710
0.805400 0.074319
0.805600 0.073932
0.805800 0.073548
0.806000 0.073168
0.806200 0.072791
0.806400 0.072418
0.806600 0.072049
0.806800 0.071683
0.807000 0.071321
0.807200 0.070962
0.807400 0.070607
0.807600 0.070255
0.807800 0.069907
0.808000 0.069563
0.808200 0.069222
0.808400 0.068885
0.808600 0.068552
0.808800 0.068221
0.809000 0.067895
0.809200 0.067572
0.809400 0.067252
0.809600 0.066937
0.809800 0.066624
0.810000 0.066315
0.810200 0.066010
0.810400 0.065708
0.810600 0.065410
0.810800 0.065115
0.811000 0.064824
0.811200 0.064537
0.811400 0.064252
0.811600 0.063972
0.811800 0.063695
0.812000 0.063421
0.812200 0.063151
0.812400 0.062884
0.812600 0.062621
0.812800 0.062361
0.813000 0.062105
0.813200 0.061852
0.813400 0.061603
0.813600 0.061357
0.813800 0.061115
0.814000 0.060876
0.814200 0.060641
0.814400 0.060409
0.814600 0.060180
0.814800 0.059955
0.815000 0.059734
0.815200 0.059516
0.815400 0.059301
0.815600 0.059090
0.815800 0.058882
0.816000 0.058677
0.816200 0.058476
0.816400 0.058279
0.816600 0.058085
0.816800 0.057894
0.817000 0.057707
0.817200 0.057523
0.817400 0.057343
0.817600 0.057166
0.817800 0.056992
0.818000 0.056822
0.818200 0.056655
0.818400 0.056492
0.818600 0.056332
0.818800 0.056175
0.819000 0.056022
0.819200 0.055872
0.819400 0.055726
0.819600 0.055583
0.819800 0.055443
0.820000 0.055307
0.820200 0.055174
0.820400 0.055044
0.820600 0.054918
0.820800 0.054795
0.821000 0.054676
0.821200 0.054560
0.821400 0.054448
0.821600 0.054338
0.821800 0.054232
0.822000 0.054130
0.822200 0.054031
0.822400 0.053935
0.822600 0.053843
0.822800 0.053754
0.823000 0.053668
0.823200 0.053586
0.823400 0.053507
0.823600 0.053431
0.823800 0.053359
0.824000 0.053291
0.824200 0.053225
0.824400 0.053163
0.824600 0.053104
0.824800 0.053049
0.825000 0.052997
0.825200 0.052949
0.825400 0.052903
0.825600 0.052862
0.825800 0.052823
0.826000 0.052788
0.826200 0.052757
0.826400 0.052728
0.826600 0.052703
0.826800 0.052682
0.827000 0.052664
0.827200 0.052649
0.827400 0.052638
0.827600 0.052630
0.827800 0.052625
0.828000 0.052624
0.828200 0.052626
0.828400 0.052632
0.828600 0.052641
0.828800 0.052653
0.829000 0.052669
0.829200 0.052688
0.829400 0.052711
0.829600 0.052737
0.829800 0.052766
0.830000 0.052799
0.830200 0.052836
0.830400 0.052876
0.830600 0.052919
0.830800 0.052966
0.831000 0.053016
0.831200 0.053069
0.831400 0.053126
0.831600 0.053187
0.831800 0.053251
0.832000 0.053318
0.832200 0.053389
0.832400 0.053464
0.832600 0.053542
0.832800 0.053623
0.833000 0.053708
0.833200 0.053797
0.833400 0.053889
0.833600 0.053984
0.833800 0.054083
0.834000 0.054186
0.834200 0.054292
0.834400 0.054402
0.834600 0.054515
0.834800 0.054632
0.835000 0.054752
0.835200 0.054876
0.835400 0.055004
0.835600 0.055135
0.835800 0.055270
0.836000 0.055408
0.836200 0.055550
0.836400 0.055696
0.836600 0.055845
0.836800 0.055998
0.837000 0.056155
0.837200 0.056315
0.837400 0.056479
0.837600 0.056647
0.837800 0.056818
0.838000 0.056993
0.838200 0.057172
0.838400 0.057355
0.838600 0.057541
0.838800 0.057731
0.839000 0.057925
0.839200 0.058123
0.839400 0.058324
0.839600 0.058529
0.839800 0.058738
0.840000 0.058951
0.840200 0.059168
0.840400 0.059388
0.840600 0.059613
0.840800 0.059841
0.841000 0.060073
0.841200 0.060310
0.841400 0.060550
0.841600 0.060794
0.841800 0.061042
0.842000 0.061294
0.842200 0.061549
0.842400 0.061809
0.842600 0.062073
0.842800 0.062341
0.843000 0.062613
0.843200 0.062889
0.843400 0.063169
0.843600 0.063454
0.843800 0.063742
0.844000 0.064034
0.844200 0.064331
0.844400 0.064632
0.844600 0.064937
0.844800 0.065246
0.845000 0.065559
0.845200 0.065877
0.845400 0.066198
0.845600 0.066524
0.845800 0.066855
0.846000 0.067189
0.846200 0.067528
0.846400 0.067872
0.846600 0.068219
0.846800 0.068571
0.847000 0.068928
0.847200 0.069289
0.847400 0.069654
0.847600 0.070024
0.847800 0.070398
0.848000 0.070777
0.848200 0.071160
0.848400 0.071548
0.848600 0.071940
0.848800 0.072337
0.849000 0.072739
0.849200 0.073145
0.849400 0.073556
0.849600 0.073972
0.849800 0.074392
0.850000 0.074818
0.850200 0.075247
0.850400 0.075682
0.850600 0.076122
0.850800 0.076566
0.851000 0.077015
0.851200 0.077470
0.851400 0.077929
0.851600 0.078393
0.851800 0.078862
0.852000 0.079336
0.852200 0.079815
0.852400 0.080299
0.852600 0.080789
0.852800 0.081283
0.853000 0.081783
0.853200 0.082288
0.853400 0.082798
0.853600 0.083313
0.853800 0.083834
0.854000 0.084360
0.854200 0.084891
0.854400 0.085428
0.854600 0.085970
0.854800 0.086518
0.855000 0.087072
0.855200 0.087630
0.855400 0.088195
0.855600 0.088765
0.855800 0.089341
0.856000 0.089922
0.856200 0.090510
0.856400 0.091103
0.856600 0.091702
0.856800 0.092307
0.857000 0.092918
0.857200 0.093535
0.857400 0.094158
0.857600 0.094787
0.857800 0.095422
0.858000 0.096064
0.858200 0.096711
0.858400 0.097366
0.858600 0.098026
0.858800 0.098693
0.859000 0.099366
0.859200 0.100046
0.859400 0.100733
0.859600 0.101426
0.859800 0.102126
0.860000 0.102833
0.860200 0.103546
0.860400 0.104267
0.860600 0.104995
0.860800 0.105729
0.861000 0.106471
0.861200 0.107220
0.861400 0.107977
0.861600 0.108741
0.861800 0.109512
0.862000 0.110291
0.862200 0.111077
0.862400 0.111872
0.862600 0.112674
0.862800 0.113484
0.863000 0.114302
0.863200 0.115129
0.863400 0.115963
0.863600 0.116806
0.863800 0.117657
0.864000 0.118517
0.864200 0.119386
0.864400 0.120263
0.864600 0.121150
0.864800 0.122045
0.865000 0.122950
0.865200 0.123864
0.865400 0.124787
0.865600 0.125720
0.865800 0.126663
0.866000 0.127615
0.866200 0.128578
0.866400 0.129550
0.866600 0.130534
0.866800 0.131527
0.867000 0.132531
0.867200 0.133546
0.867400 0.134573
0.867600 0.135610
0.867800 0.136659
0.868000 0.137719
0.868200 0.138791
0.868400 0.139875
0.868600 0.140972
0.868800 0.142081
0.869000 0.143202
0.869200 0.144336
0.869400 0.145484
0.869600 0.146645
0.869800 0.147819
0.870000 0.149007
0.870200 0.150210
0.870400 0.151427
0.870600 0.152658
0.870800 0.153904
0.871000 0.155166
0.871200 0.156443
0.871400 0.157736
0.871600 0.159046
0.871800 0.160371
0.872000 0.161714
0.872200 0.163074
0.872400 0.164451
0.872600 0.165846
0.872800 0.167260
0.873000 0.168692
0.873200 0.170143
0.873400 0.171613
0.873600 0.173104
0.873800 0.174614
0.874000 0.176145
0.874200 0.177698
0.874400 0.179272
0.874600 0.180868
0.874800 0.182486
0.875000 0.184128
0.875200 0.185793
0.875400 0.187482
0.875600 0.189195
0.875800 0.190934
0.876000 0.192698
0.876200 0.194488
0.876400 0.196305
0.876600 0.198150
0.876800 0.200022
0.877000 0.201923
0.877200 0.203853
0.877400 0.205813
0.877600 0.207803
0.877800 0.209824
0.878000 0.211878
0.878200 0.213963
0.878400 0.216082
0.878600 0.218235
0.878800 0.220423
0.879000 0.222646
0.879200 0.224905
0.879400 0.227201
0.879600 0.229536
0.879800 0.231908
0.880000 0.234321
0.880200 0.236773
0.880400 0.239267
0.880600 0.241803
0.880800 0.244382
0.881000 0.247005
0.881200 0.249673
0.881400 0.252386
0.881600 0.255147
0.881800 0.257955
0.882000 0.260812
0.882200 0.263719
0.882400 0.266676
0.882600 0.269686
0.882800 0.272748
0.883000 0.275865
0.883200 0.279037
0.883400 0.282265
0.883600 0.285550
0.883800 0.288895
0.884000 0.292299
0.884200 0.295764
0.884400 0.299291
0.884600 0.302882
0.884800 0.306537
0.885000 0.310259
0.885200 0.314047
0.885400 0.317904
0.885600 0.321831
0.885800 0.325830
0.886000 0.329900
0.886200 0.334045
0.886400 0.338265
0.886600 0.342561
0.886800 0.346936
0.887000 0.351390
0.887200 0.355925
0.887400 0.360542
0.887600 0.365243
0.887800 0.370030
0.888000 0.374903
0.888200 0.379865
0.888400 0.384916
0.888600 0.390058
0.888800 0.395294
0.889000 0.400624
0.889200 0.406049
0.889400 0.411573
0.889600 0.417195
0.889800 0.422918
0.890000 0.428743
0.890200 0.434672
0.890400 0.440706
0.890600 0.446848
0.890800 0.453098
0.891000 0.459458
0.891200 0.465930
0.891400 0.472516
0.891600 0.479216
0.891800 0.486034
0.892000 0.492969
0.892200 0.500025
0.892400 0.507202
0.892600 0.514502
0.892800 0.521927
0.893000 0.529478
0.893200 0.537157
0.893400 0.544966
0.893600 0.552906
0.893800 0.560979
0.894000 0.569185
0.894200 0.577528
0.894400 0.586008
0.894600 0.594626
0.894800 0.603385
0.895000 0.612286
0.895200 0.621330
0.895400 0.630519
0.895600 0.639854
0.895800 0.649336
0.896000 0.658967
0.896200 0.668749
0.896400 0.678682
0.896600 0.688769
0.896800 0.699009
0.897000 0.709405
0.897200 0.719958
0.897400 0.730668
0.897600 0.741538
0.897800 0.752568
0.898000 0.763759
0.898200 0.775112
0.898400 0.786628
0.898600 0.798309
0.898800 0.810155
0.899000 0.822167
0.899200 0.834345
0.899400 0.846692
0.899600 0.859206
0.899800 0.871890
0.900000 0.884743
0.900200 0.897766
0.900400 0.910961
0.900600 0.924326
0.900800 0.937863
0.901000 0.951572
0.901200 0.965453
0.901400 0.979507
0.901600 0.993733
0.901800 1.008132
0.902000 1.022703
0.902200 1.037448
0.902400 1.052365
0.902600 1.067454
0.902800 1.082715
0.903000 1.098148
0.903200 1.113753
0.903400 1.129528
0.903600 1.145474
0.903800 1.161590
0.904000 1.177875
0.904200 1.194327
0.904400 1.210948
0.904600 1.227734
0.904800 1.244686
0.905000 1.261802
0.905200 1.279081
0.905400 1.296522
0.905600 1.314124
0.905800 1.331884
0.906000 1.349801
0.906200 1.367874
0.906400 1.386101
0.906600 1.404480
0.906800 1.423009
0.907000 1.441686
0.907200 1.460509
0.907400 1.479476
0.907600 1.498584
0.907800 1.517831
0.908000 1.537215
0.908200 1.556733
0.908400 1.576382
0.908600 1.596160
0.908800 1.616064
0.909000 1.636090
0.909200 1.656236
0.909400 1.676498
0.909600 1.696873
0.909800 1.717359
0.910000 1.737951
0.910200 1.758646
0.910400 1.779440
0.910600 1.800330
0.910800 1.821312
0.911000 1.842381
0.911200 1.863535
0.911400 1.884769
0.911600 1.906078
0.911800 1.927459
0.912000 1.948907
0.912200 1.970418
0.912400 1.991987
0.912600 2.013610
0.912800 2.035282
0.913000 2.056999
0.913200 2.078755
0.913400 2.100547
0.913600 2.122368
0.913800 2.144213
0.914000 2.166079
0.914200 2.187960
0.914400 2.209850
0.914600 2.231744
0.914800 2.253637
0.915000 2.275525
0.915200 2.297400
0.915400 2.319259
0.915600 2.341095
0.915800 2.362903
0.916000 2.384677
0.916200 2.406413
0.916400 2.428104
0.916600 2.449745
0.916800 2.471330
0.917000 2.492854
0.917200 2.514311
0.917400 2.535696
0.917600 2.557003
0.917800 2.578227
0.918000 2.599362
0.918200 2.620403
0.918400 2.641344
0.918600 2.662180
0.918800 2.682906
0.919000 2.703518
0.919200 2.724008
0.919400 2.744374
0.919600 2.764610
0.919800 2.784711
0.920000 2.804673
0.920200 2.824491
0.920400 2.844162
0.920600 2.863681
0.920800 2.883045
0.921000 2.902250
0.921200 2.921293
0.921400 2.940170
0.921600 2.958880
0.921800 2.977419
0.922000 2.995786
0.922200 3.013979
0.922400 3.031997
0.922600 3.049838
0.922800 3.067503
0.923000 3.084992
0.923200 3.102304
0.923400 3.119442
0.923600 3.136406
0.923800 3.153199
0.924000 3.169824
0.924200 3.186284
0.924400 3.202584
0.924600 3.218728
0.924800 3.234722
0.925000 3.250573
0.925200 3.266287
0.925400 3.281873
0.925600 3.297340
0.925800 3.312698
0.926000 3.327957
0.926200 3.343131
0.926400 3.358230
0.926600 3.373270
0.926800 3.388266
0.927000 3.403233
0.927200 3.418188
0.927400 3.433151
0.927600 3.448139
0.927800 3.463175
0.928000 3.478280
0.928200 3.493476
0.928400 3.508789
0.928600 3.524242
0.928800 3.539863
0.929000 3.555679
0.929200 3.571718
0.929400 3.588011
0.929600 3.604588
0.929800 3.621481
0.930000 3.638722
0.930200 3.656346
0.930400 3.674386
0.930600 3.692878
0.930800 3.711857
0.931000 3.731361
0.931200 3.751425
0.931400 3.772087
0.931600 3.793385
0.931800 3.815356
0.932000 3.838037
0.932200 3.861467
0.932400 3.885681
0.932600 3.910717
0.932800 3.936610
0.933000 3.963395
0.933200 3.991107
0.933400 4.019778
0.933600 4.049439
0.933800 4.080120
0.934000 4.111849
0.934200 4.144652
0.934400 4.178552
0.934600 4.213570
0.934800 4.249725
0.935000 4.287032
0.935200 4.325503
0.935400 4.365146
0.935600 4.405968
0.935800 4.447970
0.936000 4.491149
0.936200 4.535498
0.936400 4.581007
0.936600 4.627659
0.936800 4.675434
0.937000 4.724308
0.937200 4.774250
0.937400 4.825225
0.937600 4.877192
0.937800 4.930105
0.938000 4.983914
0.938200 5.038562
0.938400 5.093988
0.938600 5.150124
0.938800 5.206897
0.939000 5.264230
0.939200 5.322040
0.939400 5.380239
0.939600 5.438734
0.939800 5.497427
0.940000 5.556215
0.940200 5.614993
0.940400 5.673649
0.940600 5.732068
0.940800 5.790133
0.941000 5.847722
0.941200 5.904711
0.941400 5.960972
0.941600 6.016378
0.941800 6.070797
0.942000 6.124098
0.942200 6.176147
0.942400 6.226813
0.942600 6.275962
0.942800 6.323461
0.943000 6.369180
0.943200 6.412989
0.943400 6.454760
0.943600 6.494368
0.943800 6.531691
0.944000 6.566612
0.944200 6.599015
0.944400 6.628791
0.944600 6.655835
0.944800 6.680047
0.945000 6.701335
0.945200 6.719611
0.945400 6.734794
0.945600 6.746810
0.945800 6.755594
0.946000 6.761086
0.946200 6.763236
0.946400 6.762002
0.946600 6.757349
0.946800 6.749251
0.947000 6.737691
0.947200 6.722661
0.947400 6.704161
0.947600 6.682201
0.947800 6.656798
0.948000 6.627980
0.948200 6.595781
0.948400 6.560247
0.948600 6.521429
0.948800 6.479387
0.949000 6.434190
0.949200 6.385915
0.949400 6.334644
0.949600 6.280467
0.949800 6.223483
0.950000 6.163793
0.950200 6.101507
0.950400 6.036740
0.950600 5.969611
0.950800 5.900245
0.951000 5.828768
0.951200 5.755313
0.951400 5.680015
0.951600 5.603010
0.951800 5.524438
0.952000 5.444440
0.952200 5.363157
0.952400 5.280732
0.952600 5.197307
0.952800 5.113025
0.953000 5.028026
0.953200 4.942450
0.953400 4.856436
0.953600 4.770119
0.953800 4.683632
0.954000 4.597106
0.954200 4.510668
0.954400 4.424441
0.954600 4.338545
0.954800 4.253094
0.955000 4.168199
0.955200 4.083967
0.955400 4.000498
0.955600 3.917888
0.955800 3.836228
0.956000 3.755603
0.956200 3.676093
0.956400 3.597773
0.956600 3.520711
0.956800 3.444970
0.957000 3.370609
0.957200 3.297679
0.957400 3.226227
0.957600 3.156294
0.957800 3.087917
0.958000 3.021126
0.958200 2.955946
0.958400 2.892399
0.958600 2.830501
0.958800 2.770262
0.959000 2.711689
0.959200 2.654787
0.959400 2.599552
0.959600 2.545980
0.959800 2.494063
0.960000 2.443787
0.960200 2.395138
0.960400 2.348098
0.960600 2.302645
0.960800 2.258755
0.961000 2.216404
0.961200 2.175562
0.961400 2.136200
0.961600 2.098287
0.961800 2.061789
0.962000 2.026673
0.962200 1.992902
0.962400 1.960441
0.962600 1.929253
0.962800 1.899299
0.963000 1.870543
0.963200 1.842946
0.963400 1.816469
0.963600 1.791075
0.963800 1.766724
0.964000 1.743380
0.964200 1.721005
0.964400 1.699561
0.964600 1.679012
0.964800 1.659322
0.965000 1.640455
0.965200 1.622378
0.965400 1.605057
0.965600 1.588458
0.965800 1.572549
0.966000 1.557301
0.966200 1.542682
0.966400 1.528663
0.966600 1.515217
0.966800 1.502316
0.967000 1.489935
0.967200 1.478047
0.967400 1.466629
0.967600 1.455658
0.967800 1.445112
0.968000 1.434969
0.968200 1.425210
0.968400 1.415815
0.968600 1.406765
0.968800 1.398044
0.969000 1.389634
0.969200 1.381520
0.969400 1.373687
0.969600 1.366120
0.969800 1.358807
0.970000 1.351734
0.970200 1.344889
0.970400 1.338262
0.970600 1.331840
0.970800 1.325615
0.971000 1.319576
0.971200 1.313715
0.971400 1.308022
0.971600 1.302491
0.971800 1.297113
0.972000 1.291881
0.972200 1.286789
0.972400 1.281831
0.972600 1.276999
0.972800 1.272289
0.973000 1.267696
0.973200 1.263214
0.973400 1.258839
0.973600 1.254567
0.973800 1.250392
0.974000 1.246312
0.974200 1.242322
0.974400 1.238419
0.974600 1.234600
0.974800 1.230862
0.975000 1.227201
0.975200 1.223614
0.975400 1.220100
0.975600 1.216654
0.975800 1.213276
0.976000 1.209962
0.976200 1.206711
0.976400 1.203520
0.976600 1.200387
0.976800 1.197310
0.977000 1.194287
0.977200 1.191317
0.977400 1.188398
0.977600 1.185528
0.977800 1.182705
0.978000 1.179928
0.978200 1.177196
0.978400 1.174506
0.978600 1.171858
0.978800 1.169251
0.979000 1.166682
0.979200 1.164150
0.979400 1.161655
0.979600 1.159195
0.979800 1.156769
0.980000 1.154376
0.980200 1.152014
0.980400 1.149683
0.980600 1.147382
0.980800 1.145109
0.981000 1.142863
0.981200 1.140644
0.981400 1.138450
0.981600 1.136281
0.981800 1.134135
0.982000 1.132013
0.982200 1.129912
0.982400 1.127832
0.982600 1.125773
0.982800 1.123733
0.983000 1.121712
0.983200 1.119708
0.983400 1.117722
0.983600 1.115752
0.983800 1.113798
0.984000 1.111858
0.984200 1.109933
0.984400 1.108022
0.984600 1.106124
0.984800 1.104238
0.985000 1.102364
0.985200 1.100501
0.985400 1.098649
0.985600 1.096807
0.985800 1.094974
0.986000 1.093151
0.986200 1.091336
0.986400 1.089529
0.986600 1.087729
0.986800 1.085936
0.987000 1.084151
0.987200 1.082371
0.987400 1.080597
0.987600 1.078828
0.987800 1.077064
0.988000 1.075305
0.988200 1.073550
0.988400 1.071799
0.988600 1.070051
0.988800 1.068306
0.989000 1.066564
0.989200 1.064824
0.989400 1.063087
0.989600 1.061351
0.989800 1.059618
0.990000 1.057885
0.990200 1.056153
0.990400 1.054423
0.990600 1.052693
0.990800 1.050963
0.991000 1.049233
0.991200 1.047503
0.991400 1.045773
0.991600 1.044043
0.991800 1.042311
0.992000 1.040579
0.992200 1.038846
0.992400 1.037112
0.992600 1.035377
0.992800 1.033640
0.993000 1.031901
0.993200 1.030161
0.993400 1.028419
0.993600 1.026675
0.993800 1.024929
0.994000 1.023181
0.994200 1.021430
0.994400 1.019677
0.994600 1.017922
0.994800 1.016165
0.995000 1.014404
0.995200 1.012642
0.995400 1.010876
0.995600 1.009108
0.995800 1.007337
0.996000 1.005563
0.996200 1.003787
0.996400 1.002007
0.996600 1.000225
0.996800 0.998440
0.997000 0.996651
0.997200 0.994860
0.997400 0.993066
0.997600 0.991269
0.997800 0.989469
0.998000 0.987666
0.998200 0.985860
0.998400 0.984051
0.998600 0.982239
0.998800 0.980425
0.999000 0.978607
0.999200 0.976787
0.999400 0.974963
0.999600 0.973137
0.999800 0.971308
