0.000000 0.147662
0.000200 0.147176
0.000400 0.146705
0.000600 0.146247
0.000800 0.145804
0.001000 0.145374
0.001200 0.144958
0.001400 0.144556
0.001600 0.144167
0.001800 0.143792
0.002000 0.143431
0.002200 0.143083
0.002400 0.142748
0.002600 0.142427
0.002800 0.142119
0.003000 0.141824
0.003200 0.141542
0.003400 0.141273
0.003600 0.141017
0.003800 0.140774
0.004000 0.140544
0.004200 0.140327
0.004400 0.140123
0.004600 0.139931
0.004800 0.139751
0.005000 0.139585
0.005200 0.139430
0.005400 0.139288
0.005600 0.139159
0.005800 0.139041
0.006000 0.138936
0.006200 0.138843
0.006400 0.138763
0.006600 0.138694
0.006800 0.138637
0.007000 0.138592
0.007200 0.138559
0.007400 0.138538
0.007600 0.138529
0.007800 0.138531
0.008000 0.138544
0.008200 0.138570
0.008400 0.138607
0.008600 0.138655
0.008800 0.138714
0.009000 0.138785
0.009200 0.138867
0.009400 0.138961
0.009600 0.139065
0.009800 0.139181
0.010000 0.139307
0.010200 0.139445
0.010400 0.139593
0.010600 0.139752
0.010800 0.139922
0.011000 0.140103
0.011200 0.140294
0.011400 0.140496
0.011600 0.140708
0.011800 0.140931
0.012000 0.141164
0.012200 0.141407
0.012400 0.141661
0.012600 0.141925
0.012800 0.142199
0.013000 0.142483
0.013200 0.142778
0.013400 0.143082
0.013600 0.143396
0.013800 0.143720
0.014000 0.144054
0.014200 0.144397
0.014400 0.144750
0.014600 0.145113
0.014800 0.145486
0.015000 0.145868
0.015200 0.146259
0.015400 0.146660
0.015600 0.147070
0.015800 0.147489
0.016000 0.147917
0.016200 0.148355
0.016400 0.148802
0.016600 0.149257
0.016800 0.149722
0.017000 0.150196
0.017200 0.150678
0.017400 0.151170
0.017600 0.151670
0.017800 0.152178
0.018000 0.152695
0.018200 0.153221
0.018400 0.153756
0.018600 0.154298
0.018800 0.154850
0.019000 0.155409
0.019200 0.155977
0.019400 0.156553
0.019600 0.157137
0.019800 0.157729
0.020000 0.158329
0.020200 0.158937
0.020400 0.159554
0.020600 0.160178
0.020800 0.160809
0.021000 0.161449
0.021200 0.162096
0.021400 0.162751
0.021600 0.163413
0.021800 0.164083
0.022000 0.164761
0.022200 0.165445
0.022400 0.166137
0.022600 0.166837
0.022800 0.167543
0.023000 0.168257
0.023200 0.168978
0.023400 0.169706
0.023600 0.170441
0.023800 0.171182
0.024000 0.171931
0.024200 0.172687
0.024400 0.173449
0.024600 0.174218
0.024800 0.174993
0.025000 0.175775
0.025200 0.176564
0.025400 0.177359
0.025600 0.178161
0.025800 0.178969
0.026000 0.179783
0.026200 0.180603
0.026400 0.181430
0.026600 0.182263
0.026800 0.183102
0.027000 0.183946
0.027200 0.184797
0.027400 0.185654
0.027600 0.186516
0.027800 0.187384
0.028000 0.188258
0.028200 0.189138
0.028400 0.190023
0.028600 0.190914
0.028800 0.191810
0.029000 0.192712
0.029200 0.193619
0.029400 0.194531
0.029600 0.195449
0.029800 0.196371
0.030000 0.197299
0.030200 0.198232
0.030400 0.199170
0.030600 0.200113
0.030800 0.201061
0.031000 0.202013
0.031200 0.202971
0.031400 0.203933
0.031600 0.204900
0.031800 0.205871
0.032000 0.206847
0.032200 0.207827
0.032400 0.208812
0.032600 0.209801
0.032800 0.210795
0.033000 0.211793
0.033200 0.212794
0.033400 0.213801
0.033600 0.214811
0.033800 0.215825
0.034000 0.216843
0.034200 0.217865
0.034400 0.218891
0.034600 0.219920
0.034800 0.220953
0.035000 0.221990
0.035200 0.223031
0.035400 0.224075
0.035600 0.225122
0.035800 0.226173
0.036000 0.227228
0.036200 0.228285
0.036400 0.229346
0.036600 0.230410
0.036800 0.231477
0.037000 0.232547
0.037200 0.233620
0.037400 0.234696
0.037600 0.235775
0.037800 0.236857
0.038000 0.237942
0.038200 0.239029
0.038400 0.240119
0.038600 0.241211
0.038800 0.242306
0.039000 0.243403
0.039200 0.244503
0.039400 0.245605
0.039600 0.246709
0.039800 0.247815
0.040000 0.248924
0.040200 0.250035
0.040400 0.251147
0.040600 0.252262
0.040800 0.253378
0.041000 0.254497
0.041200 0.255617
0.041400 0.256739
0.041600 0.257862
0.041800 0.258987
0.042000 0.260114
0.042200 0.261242
0.042400 0.262371
0.042600 0.263502
0.042800 0.264634
0.043000 0.265767
0.043200 0.266901
0.043400 0.268037
0.043600 0.269173
0.043800 0.270311
0.044000 0.271449
0.044200 0.272588
0.044400 0.273728
0.044600 0.274868
0.044800 0.276010
0.045000 0.277152
0.045200 0.278294
0.045400 0.279437
0.045600 0.280580
0.045800 0.281724
0.046000 0.282867
0.046200 0.284011
0.046400 0.285156
0.046600 0.286300
0.046800 0.287444
0.047000 0.288588
0.047200 0.289732
0.047400 0.290876
0.047600 0.292020
0.047800 0.293163
0.048000 0.294307
0.048200 0.295449
0.048400 0.296591
0.048600 0.297733
0.048800 0.298874
0.049000 0.300014
0.049200 0.301154
0.049400 0.302293
0.049600 0.303430
0.049800 0.304567
0.050000 0.305703
0.050200 0.306838
0.050400 0.307972
0.050600 0.309105
0.050800 0.310236
0.051000 0.311366
0.051200 0.312495
0.051400 0.313622
0.051600 0.314748
0.051800 0.315872
0.052000 0.316995
0.052200 0.318116
0.052400 0.319235
0.052600 0.320353
0.052800 0.321468
0.053000 0.322582
0.053200 0.323693
0.053400 0.324803
0.053600 0.325910
0.053800 0.327016
0.054000 0.328119
0.054200 0.329219
0.054400 0.330318
0.054600 0.331414
0.054800 0.332507
0.055000 0.333598
0.055200 0.334686
0.055400 0.335772
0.055600 0.336855
0.055800 0.337935
0.056000 0.339012
0.056200 0.340086
0.056400 0.341158
0.056600 0.342226
0.056800 0.343291
0.057000 0.344353
0.057200 0.345412
0.057400 0.346467
0.057600 0.347519
0.057800 0.348568
0.058000 0.349613
0.058200 0.350655
0.058400 0.351693
0.058600 0.352728
0.058800 0.353759
0.059000 0.354786
0.059200 0.355809
0.059400 0.356828
0.059600 0.357844
0.059800 0.358855
0.060000 0.359863
0.060200 0.360866
0.060400 0.361865
0.060600 0.362860
0.060800 0.363851
0.061000 0.364837
0.061200 0.365819
0.061400 0.366796
0.061600 0.367769
0.061800 0.368737
0.062000 0.369701
0.062200 0.370660
0.062400 0.371614
0.062600 0.372563
0.062800 0.373508
0.063000 0.374448
0.063200 0.375382
0.063400 0.376312
0.063600 0.377237
0.063800 0.378156
0.064000 0.379070
0.064200 0.379979
0.064400 0.380883
0.064600 0.381782
0.064800 0.382675
0.065000 0.383562
0.065200 0.384444
0.065400 0.385321
0.065600 0.386192
0.065800 0.387057
0.066000 0.387917
0.066200 0.388770
0.066400 0.389618
0.066600 0.390461
0.066800 0.391297
0.067000 0.392127
0.067200 0.392951
0.067400 0.393769
0.067600 0.394582
0.067800 0.395387
0.068000 0.396187
0.068200 0.396981
0.068400 0.397768
0.068600 0.398549
0.068800 0.399323
0.069000 0.400091
0.069200 0.400852
0.069400 0.401607
0.069600 0.402356
0.069800 0.403098
0.070000 0.403833
0.070200 0.404561
0.070400 0.405283
0.070600 0.405997
0.070800 0.406705
0.071000 0.407406
0.071200 0.408101
0.071400 0.408788
0.071600 0.409468
0.071800 0.410141
0.072000 0.410807
0.072200 0.411466
0.072400 0.412117
0.072600 0.412762
0.072800 0.413399
0.073000 0.414029
0.073200 0.414652
0.073400 0.415267
0.073600 0.415875
0.073800 0.416475
0.074000 0.417068
0.074200 0.417653
0.074400 0.418231
0.074600 0.418801
0.074800 0.419364
0.075000 0.419918
0.075200 0.420466
0.075400 0.421005
0.075600 0.421537
0.075800 0.422061
0.076000 0.422577
0.076200 0.423085
0.076400 0.423585
0.076600 0.424078
0.076800 0.424562
0.077000 0.425039
0.077200 0.425507
0.077400 0.425967
0.077600 0.426420
0.077800 0.426864
0.078000 0.427300
0.078200 0.427728
0.078400 0.428148
0.078600 0.428559
0.078800 0.428963
0.079000 0.429358
0.079200 0.429744
0.079400 0.430123
0.079600 0.430493
0.079800 0.430855
0.080000 0.431208
0.080200 0.431553
0.080400 0.431890
0.080600 0.432218
0.080800 0.432538
0.081000 0.432849
0.081200 0.433152
0.081400 0.433446
0.081600 0.433731
0.081800 0.434008
0.082000 0.434277
0.082200 0.434537
0.082400 0.434788
0.082600 0.435031
0.082800 0.435265
0.083000 0.435490
0.083200 0.435707
0.083400 0.435915
0.083600 0.436114
0.083800 0.436305
0.084000 0.436487
0.084200 0.436660
0.084400 0.436825
0.084600 0.436980
0.084800 0.437127
0.085000 0.437265
0.085200 0.437395
0.085400 0.437515
0.085600 0.437627
0.085800 0.437730
0.086000 0.437824
0.086200 0.437909
0.086400 0.437986
0.086600 0.438054
0.086800 0.438112
0.087000 0.438162
0.087200 0.438204
0.087400 0.438236
0.087600 0.438259
0.087800 0.438274
0.088000 0.438280
0.088200 0.438277
0.088400 0.438265
0.088600 0.438244
0.088800 0.438214
0.089000 0.438176
0.089200 0.438128
0.089400 0.438072
0.089600 0.438007
0.089800 0.437933
0.090000 0.437851
0.090200 0.437759
0.090400 0.437659
0.090600 0.437550
0.090800 0.437432
0.091000 0.437305
0.091200 0.437169
0.091400 0.437025
0.091600 0.436872
0.091800 0.436710
0.092000 0.436539
0.092200 0.436360
0.092400 0.436171
0.092600 0.435975
0.092800 0.435769
0.093000 0.435555
0.093200 0.435332
0.093400 0.435100
0.093600 0.434859
0.093800 0.434610
0.094000 0.434353
0.094200 0.434086
0.094400 0.433811
0.094600 0.433528
0.094800 0.433236
0.095000 0.432935
0.095200 0.432626
0.095400 0.432308
0.095600 0.431982
0.095800 0.431647
0.096000 0.431304
0.096200 0.430953
0.096400 0.430593
0.096600 0.430224
0.096800 0.429847
0.097000 0.429462
0.097200 0.429069
0.097400 0.428667
0.097600 0.428257
0.097800 0.427839
0.098000 0.427412
0.098200 0.426977
0.098400 0.426534
0.098600 0.426083
0.098800 0.425624
0.099000 0.425157
0.099200 0.424681
0.099400 0.424198
0.099600 0.423706
0.099800 0.423207
0.100000 0.422699
0.100200 0.422184
0.100400 0.421660
0.100600 0.421129
0.100800 0.420590
0.101000 0.420043
0.101200 0.419489
0.101400 0.418927
0.101600 0.418357
0.101800 0.417779
0.102000 0.417193
0.102200 0.416600
0.102400 0.416000
0.102600 0.415392
0.102800 0.414776
0.103000 0.414153
0.103200 0.413523
0.103400 0.412885
0.103600 0.412240
0.103800 0.411587
0.104000 0.410927
0.104200 0.410260
0.104400 0.409586
0.104600 0.408904
0.104800 0.408216
0.105000 0.407520
0.105200 0.406818
0.105400 0.406108
0.105600 0.405391
0.105800 0.404668
0.106000 0.403937
0.106200 0.403200
0.106400 0.402456
0.106600 0.401705
0.106800 0.400947
0.107000 0.400183
0.107200 0.399412
0.107400 0.398635
0.107600 0.397851
0.107800 0.397060
0.108000 0.396263
0.108200 0.395460
0.108400 0.394650
0.108600 0.393834
0.108800 0.393012
0.109000 0.392183
0.109200 0.391349
0.109400 0.390508
0.109600 0.389661
0.109800 0.388808
0.110000 0.387949
0.110200 0.387084
0.110400 0.386214
0.110600 0.385337
0.110800 0.384455
0.111000 0.383567
0.111200 0.382673
0.111400 0.381774
0.111600 0.380869
0.111800 0.379958
0.112000 0.379042
0.112200 0.378121
0.112400 0.377194
0.112600 0.376261
0.112800 0.375324
0.113000 0.374381
0.113200 0.373433
0.113400 0.372480
0.113600 0.371522
0.113800 0.370559
0.114000 0.369591
0.114200 0.368617
0.114400 0.367639
0.114600 0.366657
0.114800 0.365669
0.115000 0.364677
0.115200 0.363680
0.115400 0.362678
0.115600 0.361672
0.115800 0.360661
0.116000 0.359646
0.116200 0.358627
0.116400 0.357603
0.116600 0.356575
0.116800 0.355542
0.117000 0.354506
0.117200 0.353465
0.117400 0.352420
0.117600 0.351371
0.117800 0.350319
0.118000 0.349262
0.118200 0.348201
0.118400 0.347137
0.118600 0.346069
0.118800 0.344997
0.119000 0.343922
0.119200 0.342843
0.119400 0.341760
0.119600 0.340674
0.119800 0.339585
0.120000 0.338492
0.120200 0.337396
0.120400 0.336296
0.120600 0.335194
0.120800 0.334088
0.121000 0.332979
0.121200 0.331867
0.121400 0.330752
0.121600 0.329634
0.121800 0.328514
0.122000 0.327390
0.122200 0.326264
0.122400 0.325135
0.122600 0.324004
0.122800 0.322869
0.123000 0.321733
0.123200 0.320593
0.123400 0.319452
0.123600 0.318308
0.123800 0.317161
0.124000 0.316013
0.124200 0.314862
0.124400 0.313709
0.124600 0.312554
0.124800 0.311397
0.125000 0.310238
0.125200 0.309077
0.125400 0.307914
0.125600 0.306749
0.125800 0.305582
0.126000 0.304414
0.126200 0.303244
0.126400 0.302072
0.126600 0.300899
0.126800 0.299725
0.127000 0.298549
0.127200 0.297371
0.127400 0.296192
0.127600 0.295012
0.127800 0.293831
0.128000 0.292648
0.128200 0.291464
0.128400 0.290279
0.128600 0.289094
0.128800 0.287907
0.129000 0.286719
0.129200 0.285530
0.129400 0.284341
0.129600 0.283151
0.129800 0.281960
0.130000 0.280768
0.130200 0.279576
0.130400 0.278383
0.130600 0.277190
0.130800 0.275996
0.131000 0.274801
0.131200 0.273607
0.131400 0.272412
0.131600 0.271217
0.131800 0.270021
0.132000 0.268826
0.132200 0.267630
0.132400 0.266434
0.132600 0.265238
0.132800 0.264042
0.133000 0.262847
0.133200 0.261651
0.133400 0.260456
0.133600 0.259260
0.133800 0.258065
0.134000 0.256871
0.134200 0.255676
0.134400 0.254483
0.134600 0.253289
0.134800 0.252096
0.135000 0.250904
0.135200 0.249712
0.135400 0.248521
0.135600 0.247330
0.135800 0.246140
0.136000 0.244951
0.136200 0.243763
0.136400 0.242576
0.136600 0.241389
0.136800 0.240204
0.137000 0.239019
0.137200 0.237836
0.137400 0.236653
0.137600 0.235472
0.137800 0.234292
0.138000 0.233113
0.138200 0.231935
0.138400 0.230758
0.138600 0.229583
0.138800 0.228409
0.139000 0.227237
0.139200 0.226066
0.139400 0.224897
0.139600 0.223729
0.139800 0.222562
0.140000 0.221398
0.140200 0.220234
0.140400 0.219073
0.140600 0.217913
0.140800 0.216755
0.141000 0.215599
0.141200 0.214445
0.141400 0.213292
0.141600 0.212142
0.141800 0.210993
0.142000 0.209846
0.142200 0.208701
0.142400 0.207559
0.142600 0.206418
0.142800 0.205280
0.143000 0.204143
0.143200 0.203009
0.143400 0.201877
0.143600 0.200748
0.143800 0.199620
0.144000 0.198495
0.144200 0.197373
0.144400 0.196252
0.144600 0.195134
0.144800 0.194019
0.145000 0.192906
0.145200 0.191795
0.145400 0.190687
0.145600 0.189582
0.145800 0.188479
0.146000 0.187379
0.146200 0.186281
0.146400 0.185186
0.146600 0.184094
0.146800 0.183005
0.147000 0.181918
0.147200 0.180834
0.147400 0.179753
0.147600 0.178675
0.147800 0.177600
0.148000 0.176527
0.148200 0.175458
0.148400 0.174391
0.148600 0.173328
0.148800 0.172267
0.149000 0.171209
0.149200 0.170155
0.149400 0.169103
0.149600 0.168055
0.149800 0.167010
0.150000 0.165968
0.150200 0.164929
0.150400 0.163893
0.150600 0.162861
0.150800 0.161831
0.151000 0.160805
0.151200 0.159782
0.151400 0.158763
0.151600 0.157747
0.151800 0.156734
0.152000 0.155724
0.152200 0.154718
0.152400 0.153716
0.152600 0.152716
0.152800 0.151720
0.153000 0.150728
0.153200 0.149739
0.153400 0.148753
0.153600 0.147771
0.153800 0.146793
0.154000 0.145818
0.154200 0.144847
0.154400 0.143879
0.154600 0.142914
0.154800 0.141954
0.155000 0.140997
0.155200 0.140043
0.155400 0.139093
0.155600 0.138147
0.155800 0.137205
0.156000 0.136266
0.156200 0.135330
0.156400 0.134399
0.156600 0.133471
0.156800 0.132547
0.157000 0.131627
0.157200 0.130710
0.157400 0.129797
0.157600 0.128888
0.157800 0.127983
0.158000 0.127082
0.158200 0.126184
0.158400 0.125290
0.158600 0.124400
0.158800 0.123514
0.159000 0.122631
0.159200 0.121753
0.159400 0.120878
0.159600 0.120007
0.159800 0.119140
0.160000 0.118277
0.160200 0.117418
0.160400 0.116562
0.160600 0.115711
0.160800 0.114863
0.161000 0.114019
0.161200 0.113180
0.161400 0.112344
0.161600 0.111512
0.161800 0.110684
0.162000 0.109860
0.162200 0.109039
0.162400 0.108223
0.162600 0.107411
0.162800 0.106602
0.163000 0.105798
0.163200 0.104998
0.163400 0.104201
0.163600 0.103408
0.163800 0.102620
0.164000 0.101835
0.164200 0.101054
0.164400 0.100278
0.164600 0.099505
0.164800 0.098736
0.165000 0.097971
0.165200 0.097210
0.165400 0.096453
0.165600 0.095700
0.165800 0.094951
0.166000 0.094206
0.166200 0.093465
0.166400 0.092727
0.166600 0.091994
0.166800 0.091265
0.167000 0.090540
0.167200 0.089818
0.167400 0.089101
0.167600 0.088387
0.167800 0.087678
0.168000 0.086972
0.168200 0.086270
0.168400 0.085572
0.168600 0.084879
0.168800 0.084189
0.169000 0.083503
0.169200 0.082821
0.169400 0.082142
0.169600 0.081468
0.169800 0.080798
0.170000 0.080131
0.170200 0.079469
0.170400 0.078810
0.170600 0.078155
0.170800 0.077504
0.171000 0.076857
0.171200 0.076214
0.171400 0.075574
0.171600 0.074939
0.171800 0.074307
0.172000 0.073679
0.172200 0.073055
0.172400 0.072435
0.172600 0.071819
0.172800 0.071206
0.173000 0.070597
0.173200 0.069992
0.173400 0.069391
0.173600 0.068793
0.173800 0.068200
0.174000 0.067610
0.174200 0.067024
0.174400 0.066441
0.174600 0.065862
0.174800 0.065287
0.175000 0.064716
0.175200 0.064148
0.175400 0.063584
0.175600 0.063024
0.175800 0.062468
0.176000 0.061915
0.176200 0.061366
0.176400 0.060820
0.176600 0.060278
0.176800 0.059740
0.177000 0.059205
0.177200 0.058674
0.177400 0.058146
0.177600 0.057622
0.177800 0.057102
0.178000 0.056585
0.178200 0.056072
0.178400 0.055562
0.178600 0.055056
0.178800 0.054553
0.179000 0.054054
0.179200 0.053558
0.179400 0.053066
0.179600 0.052577
0.179800 0.052091
0.180000 0.051609
0.180200 0.051131
0.180400 0.050656
0.180600 0.050184
0.180800 0.049716
0.181000 0.049251
0.181200 0.048789
0.181400 0.048331
0.181600 0.047876
0.181800 0.047424
0.182000 0.046976
0.182200 0.046531
0.182400 0.046089
0.182600 0.045651
0.182800 0.045216
0.183000 0.044784
0.183200 0.044355
0.183400 0.043930
0.183600 0.043507
0.183800 0.043088
0.184000 0.042672
0.184200 0.042260
0.184400 0.041850
0.184600 0.041443
0.184800 0.041040
0.185000 0.040640
0.185200 0.040243
0.185400 0.039848
0.185600 0.039457
0.185800 0.039069
0.186000 0.038684
0.186200 0.038303
0.186400 0.037924
0.186600 0.037548
0.186800 0.037175
0.187000 0.036805
0.187200 0.036438
0.187400 0.036073
0.187600 0.035712
0.187800 0.035354
0.188000 0.034998
0.188200 0.034646
0.188400 0.034296
0.188600 0.033949
0.188800 0.033605
0.189000 0.033264
0.189200 0.032926
0.189400 0.032590
0.189600 0.032257
0.189800 0.031927
0.190000 0.031600
0.190200 0.031275
0.190400 0.030953
0.190600 0.030634
0.190800 0.030317
0.191000 0.030003
0.191200 0.029692
0.191400 0.029383
0.191600 0.029077
0.191800 0.028774
0.192000 0.028473
0.192200 0.028175
0.192400 0.027879
0.192600 0.027586
0.192800 0.027295
0.193000 0.027007
0.193200 0.026722
0.193400 0.026439
0.193600 0.026158
0.193800 0.025880
0.194000 0.025604
0.194200 0.025331
0.194400 0.025060
0.194600 0.024791
0.194800 0.024525
0.195000 0.024261
0.195200 0.024000
0.195400 0.023741
0.195600 0.023484
0.195800 0.023230
0.196000 0.022978
0.196200 0.022728
0.196400 0.022480
0.196600 0.022235
0.196800 0.021992
0.197000 0.021751
0.197200 0.021512
0.197400 0.021275
0.197600 0.021041
0.197800 0.020809
0.198000 0.020579
0.198200 0.020351
0.198400 0.020125
0.198600 0.019901
0.198800 0.019680
0.199000 0.019460
0.199200 0.019243
0.199400 0.019027
0.199600 0.018814
0.199800 0.018603
0.200000 0.018393
0.200200 0.018186
0.200400 0.017980
0.200600 0.017777
0.200800 0.017575
0.201000 0.017376
0.201200 0.017178
0.201400 0.016983
0.201600 0.016789
0.201800 0.016597
0.202000 0.016407
0.202200 0.016218
0.202400 0.016032
0.202600 0.015847
0.202800 0.015664
0.203000 0.015483
0.203200 0.015304
0.203400 0.015127
0.203600 0.014951
0.203800 0.014777
0.204000 0.014605
0.204200 0.014434
0.204400 0.014266
0.204600 0.014098
0.204800 0.013933
0.205000 0.013769
0.205200 0.013607
0.205400 0.013447
0.205600 0.013288
0.205800 0.013130
0.206000 0.012975
0.206200 0.012821
0.206400 0.012668
0.206600 0.012517
0.206800 0.012368
0.207000 0.012220
0.207200 0.012074
0.207400 0.011929
0.207600 0.011785
0.207800 0.011644
0.208000 0.011503
0.208200 0.011364
0.208400 0.011227
0.208600 0.011091
0.208800 0.010956
0.209000 0.010823
0.209200 0.010691
0.209400 0.010561
0.209600 0.010432
0.209800 0.010304
0.210000 0.010178
0.210200 0.010053
0.210400 0.009929
0.210600 0.009807
0.210800 0.009686
0.211000 0.009567
0.211200 0.009448
0.211400 0.009331
0.211600 0.009215
0.211800 0.009101
0.212000 0.008987
0.212200 0.008875
0.212400 0.008764
0.212600 0.008655
0.212800 0.008546
0.213000 0.008439
0.213200 0.008333
0.213400 0.008228
0.213600 0.008124
0.213800 0.008021
0.214000 0.007920
0.214200 0.007819
0.214400 0.007720
0.214600 0.007622
0.214800 0.007525
0.215000 0.007429
0.215200 0.007334
0.215400 0.007240
0.215600 0.007147
0.215800 0.007056
0.216000 0.006965
0.216200 0.006875
0.216400 0.006787
0.216600 0.006699
0.216800 0.006612
0.217000 0.006527
0.217200 0.006442
0.217400 0.006358
0.217600 0.006276
0.217800 0.006194
0.218000 0.006113
0.218200 0.006033
0.218400 0.005954
0.218600 0.005876
0.218800 0.005799
0.219000 0.005722
0.219200 0.005647
0.219400 0.005573
0.219600 0.005499
0.219800 0.005426
0.220000 0.005354
0.220200 0.005283
0.220400 0.005213
0.220600 0.005144
0.220800 0.005075
0.221000 0.005007
0.221200 0.004940
0.221400 0.004874
0.221600 0.004809
0.221800 0.004744
0.222000 0.004680
0.222200 0.004617
0.222400 0.004555
0.222600 0.004493
0.222800 0.004433
0.223000 0.004372
0.223200 0.004313
0.223400 0.004254
0.223600 0.004197
0.223800 0.004139
0.224000 0.004083
0.224200 0.004027
0.224400 0.003972
0.224600 0.003917
0.224800 0.003864
0.225000 0.003810
0.225200 0.003758
0.225400 0.003706
0.225600 0.003655
0.225800 0.003604
0.226000 0.003555
0.226200 0.003505
0.226400 0.003457
0.226600 0.003408
0.226800 0.003361
0.227000 0.003314
0.227200 0.003268
0.227400 0.003222
0.227600 0.003177
0.227800 0.003132
0.228000 0.003088
0.228200 0.003045
0.228400 0.003002
0.228600 0.002960
0.228800 0.002918
0.229000 0.002876
0.229200 0.002836
0.229400 0.002795
0.229600 0.002756
0.229800 0.002717
0.230000 0.002678
0.230200 0.002640
0.230400 0.002602
0.230600 0.002565
0.230800 0.002528
0.231000 0.002492
0.231200 0.002456
0.231400 0.002421
0.231600 0.002386
0.231800 0.002351
0.232000 0.002317
0.232200 0.002284
0.232400 0.002251
0.232600 0.002218
0.232800 0.002186
0.233000 0.002154
0.233200 0.002123
0.233400 0.002092
0.233600 0.002061
0.233800 0.002031
0.234000 0.002001
0.234200 0.001972
0.234400 0.001943
0.234600 0.001914
0.234800 0.001886
0.235000 0.001858
0.235200 0.001831
0.235400 0.001804
0.235600 0.001777
0.235800 0.001751
0.236000 0.001725
0.236200 0.001699
0.236400 0.001674
0.236600 0.001649
0.236800 0.001624
0.237000 0.001600
0.237200 0.001576
0.237400 0.001552
0.237600 0.001529
0.237800 0.001506
0.238000 0.001484
0.238200 0.001461
0.238400 0.001439
0.238600 0.001417
0.238800 0.001396
0.239000 0.001375
0.239200 0.001354
0.239400 0.001333
0.239600 0.001313
0.239800 0.001293
0.240000 0.001273
0.240200 0.001254
0.240400 0.001235
0.240600 0.001216
0.240800 0.001197
0.241000 0.001179
0.241200 0.001161
0.241400 0.001143
0.241600 0.001125
0.241800 0.001108
0.242000 0.001091
0.242200 0.001074
0.242400 0.001058
0.242600 0.001041
0.242800 0.001025
0.243000 0.001009
0.243200 0.000993
0.243400 0.000978
0.243600 0.000963
0.243800 0.000948
0.244000 0.000933
0.244200 0.000918
0.244400 0.000904
0.244600 0.000890
0.244800 0.000876
0.245000 0.000862
0.245200 0.000848
0.245400 0.000835
0.245600 0.000822
0.245800 0.000809
0.246000 0.000796
0.246200 0.000783
0.246400 0.000771
0.246600 0.000759
0.246800 0.000747
0.247000 0.000735
0.247200 0.000723
0.247400 0.000712
0.247600 0.000700
0.247800 0.000689
0.248000 0.000678
0.248200 0.000667
0.248400 0.000656
0.248600 0.000646
0.248800 0.000636
0.249000 0.000625
0.249200 0.000615
0.249400 0.000605
0.249600 0.000595
0.249800 0.000586
0.250000 0.000576
0.250200 0.000567
0.250400 0.000558
0.250600 0.000549
0.250800 0.000540
0.251000 0.000531
0.251200 0.000522
0.251400 0.000514
0.251600 0.000505
0.251800 0.000497
0.252000 0.000489
0.252200 0.000481
0.252400 0.000473
0.252600 0.000465
0.252800 0.000458
0.253000 0.000450
0.253200 0.000443
0.253400 0.000435
0.253600 0.000428
0.253800 0.000421
0.254000 0.000414
0.254200 0.000407
0.254400 0.000401
0.254600 0.000394
0.254800 0.000387
0.255000 0.000381
0.255200 0.000375
0.255400 0.000368
0.255600 0.000362
0.255800 0.000356
0.256000 0.000350
0.256200 0.000344
0.256400 0.000339
0.256600 0.000333
0.256800 0.000327
0.257000 0.000322
0.257200 0.000316
0.257400 0.000311
0.257600 0.000306
0.257800 0.000301
0.258000 0.000296
0.258200 0.000291
0.258400 0.000286
0.258600 0.000281
0.258800 0.000276
0.259000 0.000272
0.259200 0.000267
0.259400 0.000262
0.259600 0.000258
0.259800 0.000254
0.260000 0.000249
0.260200 0.000245
0.260400 0.000241
0.260600 0.000237
0.260800 0.000233
0.261000 0.000229
0.261200 0.000225
0.261400 0.000221
0.261600 0.000217
0.261800 0.000214
0.262000 0.000210
0.262200 0.000206
0.262400 0.000203
0.262600 0.000199
0.262800 0.000196
0.263000 0.000193
0.263200 0.000189
0.263400 0.000186
0.263600 0.000183
0.263800 0.000180
0.264000 0.000177
0.264200 0.000174
0.264400 0.000171
0.264600 0.000168
0.264800 0.000165
0.265000 0.000162
0.265200 0.000159
0.265400 0.000156
0.265600 0.000154
0.265800 0.000151
0.266000 0.000148
0.266200 0.000146
0.266400 0.000143
0.266600 0.000141
0.266800 0.000138
0.267000 0.000136
0.267200 0.000134
0.267400 0.000131
0.267600 0.000129
0.267800 0.000127
0.268000 0.000125
0.268200 0.000123
0.268400 0.000121
0.268600 0.000118
0.268800 0.000116
0.269000 0.000114
0.269200 0.000113
0.269400 0.000111
0.269600 0.000109
0.269800 0.000107
0.270000 0.000105
0.270200 0.000103
0.270400 0.000101
0.270600 0.000100
0.270800 0.000098
0.271000 0.000096
0.271200 0.000095
0.271400 0.000093
0.271600 0.000092
0.271800 0.000090
0.272000 0.000089
0.272200 0.000087
0.272400 0.000086
0.272600 0.000084
0.272800 0.000083
0.273000 0.000081
0.273200 0.000080
0.273400 0.000079
0.273600 0.000077
0.273800 0.000076
0.274000 0.000075
0.274200 0.000074
0.274400 0.000072
0.274600 0.000071
0.274800 0.000070
0.275000 0.000069
0.275200 0.000068
0.275400 0.000067
0.275600 0.000066
0.275800 0.000065
0.276000 0.000064
0.276200 0.000063
0.276400 0.000062
0.276600 0.000061
0.276800 0.000060
0.277000 0.000059
0.277200 0.000058
0.277400 0.000057
0.277600 0.000056
0.277800 0.000055
0.278000 0.000054
0.278200 0.000054
0.278400 0.000053
0.278600 0.000052
0.278800 0.000051
0.279000 0.000051
0.279200 0.000050
0.279400 0.000049
0.279600 0.000048
0.279800 0.000048
0.280000 0.000047
0.280200 0.000046
0.280400 0.000046
0.280600 0.000045
0.280800 0.000044
0.281000 0.000044
0.281200 0.000043
0.281400 0.000043
0.281600 0.000042
0.281800 0.000042
0.282000 0.000041
0.282200 0.000041
0.282400 0.000040
0.282600 0.000040
0.282800 0.000039
0.283000 0.000039
0.283200 0.000038
0.283400 0.000038
0.283600 0.000037
0.283800 0.000037
0.284000 0.000037
0.284200 0.000036
0.284400 0.000036
0.284600 0.000035
0.284800 0.000035
0.285000 0.000035
0.285200 0.000034
0.285400 0.000034
0.285600 0.000034
0.285800 0.000033
0.286000 0.000033
0.286200 0.000033
0.286400 0.000033
0.286600 0.000032
0.286800 0.000032
0.287000 0.000032
0.287200 0.000032
0.287400 0.000031
0.287600 0.000031
0.287800 0.000031
0.288000 0.000031
0.288200 0.000031
0.288400 0.000030
0.288600 0.000030
0.288800 0.000030
0.289000 0.000030
0.289200 0.000030
0.289400 0.000030
0.289600 0.000030
0.289800 0.000029
0.290000 0.000029
0.290200 0.000029
0.290400 0.000029
0.290600 0.000029
0.290800 0.000029
0.291000 0.000029
0.291200 0.000029
0.291400 0.000029
0.291600 0.000029
0.291800 0.000029
0.292000 0.000029
0.292200 0.000029
0.292400 0.000029
0.292600 0.000029
0.292800 0.000029
0.293000 0.000029
0.293200 0.000029
0.293400 0.000029
0.293600 0.000029
0.293800 0.000029
0.294000 0.000029
0.294200 0.000029
0.294400 0.000029
0.294600 0.000029
0.294800 0.000029
0.295000 0.000029
0.295200 0.000029
0.295400 0.000029
0.295600 0.000029
0.295800 0.000029
0.296000 0.000029
0.296200 0.000029
0.296400 0.000030
0.296600 0.000030
0.296800 0.000030
0.297000 0.000030
0.297200 0.000030
0.297400 0.000030
0.297600 0.000030
0.297800 0.000031
0.298000 0.000031
0.298200 0.000031
0.298400 0.000031
0.298600 0.000031
0.298800 0.000031
0.299000 0.000032
0.299200 0.000032
0.299400 0.000032
0.299600 0.000032
0.299800 0.000033
0.300000 0.000033
0.300200 0.000033
0.300400 0.000033
0.300600 0.000033
0.300800 0.000034
0.301000 0.000034
0.301200 0.000034
0.301400 0.000035
0.301600 0.000035
0.301800 0.000035
0.302000 0.000035
0.302200 0.000036
0.302400 0.000036
0.302600 0.000036
0.302800 0.000037
0.303000 0.000037
0.303200 0.000037
0.303400 0.000038
0.303600 0.000038
0.303800 0.000038
0.304000 0.000039
0.304200 0.000039
0.304400 0.000039
0.304600 0.000040
0.304800 0.000040
0.305000 0.000041
0.305200 0.000041
0.305400 0.000041
0.305600 0.000042
0.305800 0.000042
0.306000 0.000043
0.306200 0.000043
0.306400 0.000043
0.306600 0.000044
0.306800 0.000044
0.307000 0.000045
0.307200 0.000045
0.307400 0.000046
0.307600 0.000046
0.307800 0.000047
0.308000 0.000047
0.308200 0.000048
0.308400 0.000048
0.308600 0.000049
0.308800 0.000049
0.309000 0.000050
0.309200 0.000050
0.309400 0.000051
0.309600 0.000051
0.309800 0.000052
0.310000 0.000052
0.310200 0.000053
0.310400 0.000054
0.310600 0.000054
0.310800 0.000055
0.311000 0.000055
0.311200 0.000056
0.311400 0.000057
0.311600 0.000057
0.311800 0.000058
0.312000 0.000059
0.312200 0.000059
0.312400 0.000060
0.312600 0.000061
0.312800 0.000061
0.313000 0.000062
0.313200 0.000063
0.313400 0.000063
0.313600 0.000064
0.313800 0.000065
0.314000 0.000066
0.314200 0.000066
0.314400 0.000067
0.314600 0.000068
0.314800 0.000069
0.315000 0.000069
0.315200 0.000070
0.315400 0.000071
0.315600 0.000072
0.315800 0.000073
0.316000 0.000073
0.316200 0.000074
0.316400 0.000075
0.316600 0.000076
0.316800 0.000077
0.317000 0.000078
0.317200 0.000079
0.317400 0.000080
0.317600 0.000080
0.317800 0.000081
0.318000 0.000082
0.318200 0.000083
0.318400 0.000084
0.318600 0.000085
0.318800 0.000086
0.319000 0.000087
0.319200 0.000088
0.319400 0.000089
0.319600 0.000090
0.319800 0.000091
0.320000 0.000092
0.320200 0.000093
0.320400 0.000094
0.320600 0.000096
0.320800 0.000097
0.321000 0.000098
0.321200 0.000099
0.321400 0.000100
0.321600 0.000101
0.321800 0.000102
0.322000 0.000104
0.322200 0.000105
0.322400 0.000106
0.322600 0.000107
0.322800 0.000108
0.323000 0.000110
0.323200 0.000111
0.323400 0.000112
0.323600 0.000113
0.323800 0.000115
0.324000 0.000116
0.324200 0.000117
0.324400 0.000119
0.324600 0.000120
0.324800 0.000121
0.325000 0.000123
0.325200 0.000124
0.325400 0.000126
0.325600 0.000127
0.325800 0.000129
0.326000 0.000130
0.326200 0.000132
0.326400 0.000133
0.326600 0.000135
0.326800 0.000136
0.327000 0.000138
0.327200 0.000139
0.327400 0.000141
0.327600 0.000142
0.327800 0.000144
0.328000 0.000146
0.328200 0.000147
0.328400 0.000149
0.328600 0.000151
0.328800 0.000153
0.329000 0.000154
0.329200 0.000156
0.329400 0.000158
0.329600 0.000160
0.329800 0.000161
0.330000 0.000163
0.330200 0.000165
0.330400 0.000167
0.330600 0.000169
0.330800 0.000171
0.331000 0.000173
0.331200 0.000175
0.331400 0.000177
0.331600 0.000179
0.331800 0.000181
0.332000 0.000183
0.332200 0.000185
0.332400 0.000187
0.332600 0.000189
0.332800 0.000191
0.333000 0.000193
0.333200 0.000195
0.333400 0.000198
0.333600 0.000200
0.333800 0.000202
0.334000 0.000204
0.334200 0.000207
0.334400 0.000209
0.334600 0.000211
0.334800 0.000214
0.335000 0.000216
0.335200 0.000219
0.335400 0.000221
0.335600 0.000223
0.335800 0.000226
0.336000 0.000229
0.336200 0.000231
0.336400 0.000234
0.336600 0.000236
0.336800 0.000239
0.337000 0.000242
0.337200 0.000244
0.337400 0.000247
0.337600 0.000250
0.337800 0.000253
0.338000 0.000255
0.338200 0.000258
0.338400 0.000261
0.338600 0.000264
0.338800 0.000267
0.339000 0.000270
0.339200 0.000273
0.339400 0.000276
0.339600 0.000279
0.339800 0.000282
0.340000 0.000285
0.340200 0.000288
0.340400 0.000291
0.340600 0.000295
0.340800 0.000298
0.341000 0.000301
0.341200 0.000305
0.341400 0.000308
0.341600 0.000311
0.341800 0.000315
0.342000 0.000318
0.342200 0.000322
0.342400 0.000325
0.342600 0.000329
0.342800 0.000332
0.343000 0.000336
0.343200 0.000340
0.343400 0.000343
0.343600 0.000347
0.343800 0.000351
0.344000 0.000355
0.344200 0.000359
0.344400 0.000363
0.344600 0.000367
0.344800 0.000371
0.345000 0.000375
0.345200 0.000379
0.345400 0.000383
0.345600 0.000387
0.345800 0.000391
0.346000 0.000395
0.346200 0.000400
0.346400 0.000404
0.346600 0.000408
0.346800 0.000413
0.347000 0.000417
0.347200 0.000422
0.347400 0.000426
0.347600 0.000431
0.347800 0.000436
0.348000 0.000440
0.348200 0.000445
0.348400 0.000450
0.348600 0.000455
0.348800 0.000460
0.349000 0.000465
0.349200 0.000470
0.349400 0.000475
0.349600 0.000480
0.349800 0.000485
0.350000 0.000490
0.350200 0.000495
0.350400 0.000501
0.350600 0.000506
0.350800 0.000512
0.351000 0.000517
0.351200 0.000523
0.351400 0.000528
0.351600 0.000534
0.351800 0.000540
0.352000 0.000545
0.352200 0.000551
0.352400 0.000557
0.352600 0.000563
0.352800 0.000569
0.353000 0.000575
0.353200 0.000581
0.353400 0.000587
0.353600 0.000593
0.353800 0.000600
0.354000 0.000606
0.354200 0.000613
0.354400 0.000619
0.354600 0.000626
0.354800 0.000632
0.355000 0.000639
0.355200 0.000646
0.355400 0.000652
0.355600 0.000659
0.355800 0.000666
0.356000 0.000673
0.356200 0.000680
0.356400 0.000688
0.356600 0.000695
0.356800 0.000702
0.357000 0.000709
0.357200 0.000717
0.357400 0.000724
0.357600 0.000732
0.357800 0.000740
0.358000 0.000747
0.358200 0.000755
0.358400 0.000763
0.358600 0.000771
0.358800 0.000779
0.359000 0.000787
0.359200 0.000796
0.359400 0.000804
0.359600 0.000812
0.359800 0.000821
0.360000 0.000829
0.360200 0.000838
0.360400 0.000847
0.360600 0.000855
0.360800 0.000864
0.361000 0.000873
0.361200 0.000882
0.361400 0.000891
0.361600 0.000901
0.361800 0.000910
0.362000 0.000919
0.362200 0.000929
0.362400 0.000938
0.362600 0.000948
0.362800 0.000958
0.363000 0.000968
0.363200 0.000978
0.363400 0.000988
0.363600 0.000998
0.363800 0.001008
0.364000 0.001019
0.364200 0.001029
0.364400 0.001040
0.364600 0.001050
0.364800 0.001061
0.365000 0.001072
0.365200 0.001083
0.365400 0.001094
0.365600 0.001105
0.365800 0.001116
0.366000 0.001128
0.366200 0.001139
0.366400 0.001151
0.366600 0.001163
0.366800 0.001175
0.367000 0.001186
0.367200 0.001199
0.367400 0.001211
0.367600 0.001223
0.367800 0.001235
0.368000 0.001248
0.368200 0.001261
0.368400 0.001273
0.368600 0.001286
0.368800 0.001299
0.369000 0.001312
0.369200 0.001326
0.369400 0.001339
0.369600 0.001353
0.369800 0.001366
0.370000 0.001380
0.370200 0.001394
0.370400 0.001408
0.370600 0.001422
0.370800 0.001436
0.371000 0.001451
0.371200 0.001465
0.371400 0.001480
0.371600 0.001495
0.371800 0.001510
0.372000 0.001525
0.372200 0.001540
0.372400 0.001556
0.372600 0.001571
0.372800 0.001587
0.373000 0.001603
0.373200 0.001619
0.373400 0.001635
0.373600 0.001651
0.373800 0.001667
0.374000 0.001684
0.374200 0.001701
0.374400 0.001718
0.374600 0.001735
0.374800 0.001752
0.375000 0.001769
0.375200 0.001787
0.375400 0.001804
0.375600 0.001822
0.375800 0.001840
0.376000 0.001858
0.376200 0.001877
0.376400 0.001895
0.376600 0.001914
0.376800 0.001933
0.377000 0.001952
0.377200 0.001971
0.377400 0.001990
0.377600 0.002010
0.377800 0.002030
0.378000 0.002050
0.378200 0.002070
0.378400 0.002090
0.378600 0.002110
0.378800 0.002131
0.379000 0.002152
0.379200 0.002173
0.379400 0.002194
0.379600 0.002215
0.379800 0.002237
0.380000 0.002259
0.380200 0.002281
0.380400 0.002303
0.380600 0.002325
0.380800 0.002348
0.381000 0.002371
0.381200 0.002394
0.381400 0.002417
0.381600 0.002441
0.381800 0.002464
0.382000 0.002488
0.382200 0.002512
0.382400 0.002536
0.382600 0.002561
0.382800 0.002586
0.383000 0.002610
0.383200 0.002636
0.383400 0.002661
0.383600 0.002687
0.383800 0.002712
0.384000 0.002739
0.384200 0.002765
0.384400 0.002791
0.384600 0.002818
0.384800 0.002845
0.385000 0.002872
0.385200 0.002900
0.385400 0.002928
0.385600 0.002956
0.385800 0.002984
0.386000 0.003012
0.386200 0.003041
0.386400 0.003070
0.386600 0.003099
0.386800 0.003129
0.387000 0.003158
0.387200 0.003188
0.387400 0.003219
0.387600 0.003249
0.387800 0.003280
0.388000 0.003311
0.388200 0.003343
0.388400 0.003374
0.388600 0.003406
0.388800 0.003438
0.389000 0.003471
0.389200 0.003504
0.389400 0.003537
0.389600 0.003570
0.389800 0.003604
0.390000 0.003637
0.390200 0.003672
0.390400 0.003706
0.390600 0.003741
0.390800 0.003776
0.391000 0.003812
0.391200 0.003847
0.391400 0.003883
0.391600 0.003920
0.391800 0.003956
0.392000 0.003993
0.392200 0.004031
0.392400 0.004068
0.392600 0.004106
0.392800 0.004144
0.393000 0.004183
0.393200 0.004222
0.393400 0.004261
0.393600 0.004301
0.393800 0.004341
0.394000 0.004381
0.394200 0.004422
0.394400 0.004463
0.394600 0.004504
0.394800 0.004546
0.395000 0.004588
0.395200 0.004630
0.395400 0.004673
0.395600 0.004716
0.395800 0.004759
0.396000 0.004803
0.396200 0.004847
0.396400 0.004892
0.396600 0.004937
0.396800 0.004982
0.397000 0.005028
0.397200 0.005074
0.397400 0.005121
0.397600 0.005167
0.397800 0.005215
0.398000 0.005262
0.398200 0.005311
0.398400 0.005359
0.398600 0.005408
0.398800 0.005457
0.399000 0.005507
0.399200 0.005557
0.399400 0.005608
0.399600 0.005659
0.399800 0.005710
0.400000 0.005762
0.400200 0.005814
0.400400 0.005867
0.400600 0.005920
0.400800 0.005974
0.401000 0.006028
0.401200 0.006082
0.401400 0.006137
0.401600 0.006193
0.401800 0.006249
0.402000 0.006305
0.402200 0.006362
0.402400 0.006419
0.402600 0.006477
0.402800 0.006535
0.403000 0.006594
0.403200 0.006653
0.403400 0.006712
0.403600 0.006772
0.403800 0.006833
0.404000 0.006894
0.404200 0.006956
0.404400 0.007018
0.404600 0.007081
0.404800 0.007144
0.405000 0.007208
0.405200 0.007272
0.405400 0.007336
0.405600 0.007402
0.405800 0.007468
0.406000 0.007534
0.406200 0.007601
0.406400 0.007668
0.406600 0.007736
0.406800 0.007805
0.407000 0.007874
0.407200 0.007943
0.407400 0.008013
0.407600 0.008084
0.407800 0.008155
0.408000 0.008227
0.408200 0.008300
0.408400 0.008373
0.408600 0.008446
0.408800 0.008521
0.409000 0.008596
0.409200 0.008671
0.409400 0.008747
0.409600 0.008824
0.409800 0.008901
0.410000 0.008979
0.410200 0.009057
0.410400 0.009136
0.410600 0.009216
0.410800 0.009297
0.411000 0.009378
0.411200 0.009459
0.411400 0.009542
0.411600 0.009624
0.411800 0.009708
0.412000 0.009792
0.412200 0.009877
0.412400 0.009963
0.412600 0.010049
0.412800 0.010136
0.413000 0.010224
0.413200 0.010312
0.413400 0.010401
0.413600 0.010491
0.413800 0.010582
0.414000 0.010673
0.414200 0.010765
0.414400 0.010857
0.414600 0.010951
0.414800 0.011045
0.415000 0.011139
0.415200 0.011235
0.415400 0.011331
0.415600 0.011428
0.415800 0.011526
0.416000 0.011625
0.416200 0.011724
0.416400 0.011824
0.416600 0.011925
0.416800 0.012027
0.417000 0.012129
0.417200 0.012232
0.417400 0.012336
0.417600 0.012441
0.417800 0.012547
0.418000 0.012653
0.418200 0.012760
0.418400 0.012868
0.418600 0.012977
0.418800 0.013087
0.419000 0.013198
0.419200 0.013309
0.419400 0.013421
0.419600 0.013535
0.419800 0.013649
0.420000 0.013763
0.420200 0.013879
0.420400 0.013996
0.420600 0.014113
0.420800 0.014232
0.421000 0.014351
0.421200 0.014471
0.421400 0.014593
0.421600 0.014715
0.421800 0.014838
0.422000 0.014961
0.422200 0.015086
0.422400 0.015212
0.422600 0.015339
0.422800 0.015467
0.423000 0.015595
0.423200 0.015725
0.423400 0.015855
0.423600 0.015987
0.423800 0.016119
0.424000 0.016253
0.424200 0.016388
0.424400 0.016523
0.424600 0.016660
0.424800 0.016797
0.425000 0.016936
0.425200 0.017076
0.425400 0.017216
0.425600 0.017358
0.425800 0.017501
0.426000 0.017645
0.426200 0.017789
0.426400 0.017935
0.426600 0.018082
0.426800 0.018231
0.427000 0.018380
0.427200 0.018530
0.427400 0.018682
0.427600 0.018834
0.427800 0.018988
0.428000 0.019143
0.428200 0.019299
0.428400 0.019456
0.428600 0.019614
0.428800 0.019773
0.429000 0.019934
0.429200 0.020095
0.429400 0.020258
0.429600 0.020422
0.429800 0.020588
0.430000 0.020754
0.430200 0.020922
0.430400 0.021091
0.430600 0.021261
0.430800 0.021432
0.431000 0.021605
0.431200 0.021779
0.431400 0.021954
0.431600 0.022130
0.431800 0.022308
0.432000 0.022487
0.432200 0.022667
0.432400 0.022848
0.432600 0.023031
0.432800 0.023215
0.433000 0.023401
0.433200 0.023587
0.433400 0.023776
0.433600 0.023965
0.433800 0.024156
0.434000 0.024348
0.434200 0.024541
0.434400 0.024736
0.434600 0.024932
0.434800 0.025130
0.435000 0.025329
0.435200 0.025530
0.435400 0.025731
0.435600 0.025935
0.435800 0.026140
0.436000 0.026346
0.436200 0.026553
0.436400 0.026762
0.436600 0.026973
0.436800 0.027185
0.437000 0.027399
0.437200 0.027614
0.437400 0.027830
0.437600 0.028048
0.437800 0.028268
0.438000 0.028489
0.438200 0.028711
0.438400 0.028936
0.438600 0.029161
0.438800 0.029389
0.439000 0.029618
0.439200 0.029848
0.439400 0.030080
0.439600 0.030314
0.439800 0.030549
0.440000 0.030786
0.440200 0.031024
0.440400 0.031265
0.440600 0.031507
0.440800 0.031750
0.441000 0.031995
0.441200 0.032242
0.441400 0.032491
0.441600 0.032741
0.441800 0.032993
0.442000 0.033247
0.442200 0.033502
0.442400 0.033759
0.442600 0.034018
0.442800 0.034279
0.443000 0.034541
0.443200 0.034805
0.443400 0.035071
0.443600 0.035339
0.443800 0.035609
0.444000 0.035880
0.444200 0.036153
0.444400 0.036429
0.444600 0.036705
0.444800 0.036984
0.445000 0.037265
0.445200 0.037548
0.445400 0.037832
0.445600 0.038118
0.445800 0.038407
0.446000 0.038697
0.446200 0.038989
0.446400 0.039283
0.446600 0.039579
0.446800 0.039877
0.447000 0.040177
0.447200 0.040479
0.447400 0.040783
0.447600 0.041089
0.447800 0.041397
0.448000 0.041708
0.448200 0.042020
0.448400 0.042334
0.448600 0.042650
0.448800 0.042968
0.449000 0.043289
0.449200 0.043611
0.449400 0.043936
0.449600 0.044263
0.449800 0.044592
0.450000 0.044923
0.450200 0.045256
0.450400 0.045591
0.450600 0.045929
0.450800 0.046269
0.451000 0.046611
0.451200 0.046955
0.451400 0.047301
0.451600 0.047650
0.451800 0.048001
0.452000 0.048354
0.452200 0.048710
0.452400 0.049067
0.452600 0.049428
0.452800 0.049790
0.453000 0.050155
0.453200 0.050522
0.453400 0.050891
0.453600 0.051263
0.453800 0.051637
0.454000 0.052014
0.454200 0.052392
0.454400 0.052774
0.454600 0.053158
0.454800 0.053544
0.455000 0.053932
0.455200 0.054324
0.455400 0.054717
0.455600 0.055113
0.455800 0.055512
0.456000 0.055913
0.456200 0.056317
0.456400 0.056723
0.456600 0.057132
0.456800 0.057543
0.457000 0.057957
0.457200 0.058373
0.457400 0.058792
0.457600 0.059214
0.457800 0.059638
0.458000 0.060065
0.458200 0.060495
0.458400 0.060927
0.458600 0.061362
0.458800 0.061800
0.459000 0.062240
0.459200 0.062684
0.459400 0.063129
0.459600 0.063578
0.459800 0.064030
0.460000 0.064484
0.460200 0.064941
0.460400 0.065401
0.460600 0.065863
0.460800 0.066329
0.461000 0.066797
0.461200 0.067268
0.461400 0.067742
0.461600 0.068219
0.461800 0.068699
0.462000 0.069182
0.462200 0.069667
0.462400 0.070156
0.462600 0.070648
0.462800 0.071142
0.463000 0.071640
0.463200 0.072140
0.463400 0.072644
0.463600 0.073151
0.463800 0.073660
0.464000 0.074173
0.464200 0.074689
0.464400 0.075208
0.464600 0.075730
0.464800 0.076255
0.465000 0.076783
0.465200 0.077315
0.465400 0.077849
0.465600 0.078387
0.465800 0.078928
0.466000 0.079472
0.466200 0.080020
0.466400 0.080571
0.466600 0.081125
0.466800 0.081682
0.467000 0.082242
0.467200 0.082806
0.467400 0.083373
0.467600 0.083944
0.467800 0.084517
0.468000 0.085095
0.468200 0.085675
0.468400 0.086259
0.468600 0.086846
0.468800 0.087437
0.469000 0.088031
0.469200 0.088629
0.469400 0.089230
0.469600 0.089835
0.469800 0.090443
0.470000 0.091054
0.470200 0.091670
0.470400 0.092288
0.470600 0.092911
0.470800 0.093537
0.471000 0.094166
0.471200 0.094799
0.471400 0.095436
0.471600 0.096076
0.471800 0.096720
0.472000 0.097368
0.472200 0.098019
0.472400 0.098674
0.472600 0.099333
0.472800 0.099996
0.473000 0.100662
0.473200 0.101332
0.473400 0.102006
0.473600 0.102684
0.473800 0.103365
0.474000 0.104051
0.474200 0.104740
0.474400 0.105433
0.474600 0.106130
0.474800 0.106831
0.475000 0.107536
0.475200 0.108244
0.475400 0.108957
0.475600 0.109674
0.475800 0.110394
0.476000 0.111119
0.476200 0.111848
0.476400 0.112580
0.476600 0.113317
0.476800 0.114058
0.477000 0.114803
0.477200 0.115552
0.477400 0.116305
0.477600 0.117063
0.477800 0.117824
0.478000 0.118590
0.478200 0.119360
0.478400 0.120134
0.478600 0.120912
0.478800 0.121694
0.479000 0.122481
0.479200 0.123272
0.479400 0.124068
0.479600 0.124867
0.479800 0.125671
0.480000 0.126480
0.480200 0.127292
0.480400 0.128109
0.480600 0.128931
0.480800 0.129757
0.481000 0.130587
0.481200 0.131422
0.481400 0.132261
0.481600 0.133105
0.481800 0.133953
0.482000 0.134806
0.482200 0.135663
0.482400 0.136525
0.482600 0.137391
0.482800 0.138262
0.483000 0.139138
0.483200 0.140018
0.483400 0.140903
0.483600 0.141793
0.483800 0.142687
0.484000 0.143586
0.484200 0.144489
0.484400 0.145398
0.484600 0.146311
0.484800 0.147229
0.485000 0.148151
0.485200 0.149079
0.485400 0.150011
0.485600 0.150948
0.485800 0.151890
0.486000 0.152837
0.486200 0.153789
0.486400 0.154745
0.486600 0.155707
0.486800 0.156674
0.487000 0.157645
0.487200 0.158622
0.487400 0.159603
0.487600 0.160590
0.487800 0.161581
0.488000 0.162578
0.488200 0.163579
0.488400 0.164586
0.488600 0.165598
0.488800 0.166615
0.489000 0.167637
0.489200 0.168664
0.489400 0.169697
0.489600 0.170734
0.489800 0.171777
0.490000 0.172825
0.490200 0.173879
0.490400 0.174937
0.490600 0.176001
0.490800 0.177071
0.491000 0.178145
0.491200 0.179225
0.491400 0.180310
0.491600 0.181401
0.491800 0.182497
0.492000 0.183599
0.492200 0.184705
0.492400 0.185818
0.492600 0.186936
0.492800 0.188059
0.493000 0.189188
0.493200 0.190322
0.493400 0.191462
0.493600 0.192608
0.493800 0.193759
0.494000 0.194915
0.494200 0.196077
0.494400 0.197245
0.494600 0.198419
0.494800 0.199598
0.495000 0.200783
0.495200 0.201974
0.495400 0.203170
0.495600 0.204372
0.495800 0.205580
0.496000 0.206793
0.496200 0.208013
0.496400 0.209238
0.496600 0.210469
0.496800 0.211706
0.497000 0.212949
0.497200 0.214198
0.497400 0.215452
0.497600 0.216713
0.497800 0.217979
0.498000 0.219252
0.498200 0.220530
0.498400 0.221814
0.498600 0.223105
0.498800 0.224401
0.499000 0.225704
0.499200 0.227012
0.499400 0.228327
0.499600 0.229648
0.499800 0.230974
0.500000 0.232307
0.500200 0.233647
0.500400 0.234992
0.500600 0.236344
0.500800 0.237701
0.501000 0.239065
0.501200 0.240435
0.501400 0.241812
0.501600 0.243195
0.501800 0.244584
0.502000 0.245979
0.502200 0.247381
0.502400 0.248789
0.502600 0.250204
0.502800 0.251624
0.503000 0.253052
0.503200 0.254485
0.503400 0.255925
0.503600 0.257372
0.503800 0.258825
0.504000 0.260285
0.504200 0.261751
0.504400 0.263223
0.504600 0.264702
0.504800 0.266188
0.505000 0.267680
0.505200 0.269179
0.505400 0.270685
0.505600 0.272197
0.505800 0.273716
0.506000 0.275241
0.506200 0.276773
0.506400 0.278312
0.506600 0.279858
0.506800 0.281410
0.507000 0.282969
0.507200 0.284535
0.507400 0.286107
0.507600 0.287687
0.507800 0.289273
0.508000 0.290866
0.508200 0.292466
0.508400 0.294072
0.508600 0.295686
0.508800 0.297307
0.509000 0.298934
0.509200 0.300569
0.509400 0.302210
0.509600 0.303858
0.509800 0.305514
0.510000 0.307176
0.510200 0.308845
0.510400 0.310522
0.510600 0.312205
0.510800 0.313895
0.511000 0.315593
0.511200 0.317298
0.511400 0.319009
0.511600 0.320728
0.511800 0.322454
0.512000 0.324188
0.512200 0.325928
0.512400 0.327676
0.512600 0.329430
0.512800 0.331192
0.513000 0.332962
0.513200 0.334738
0.513400 0.336522
0.513600 0.338313
0.513800 0.340111
0.514000 0.341917
0.514200 0.343730
0.514400 0.345551
0.514600 0.347378
0.514800 0.349214
0.515000 0.351056
0.515200 0.352906
0.515400 0.354764
0.515600 0.356628
0.515800 0.358501
0.516000 0.360380
0.516200 0.362268
0.516400 0.364163
0.516600 0.366065
0.516800 0.367975
0.517000 0.369892
0.517200 0.371817
0.517400 0.373750
0.517600 0.375690
0.517800 0.377638
0.518000 0.379593
0.518200 0.381556
0.518400 0.383527
0.518600 0.385506
0.518800 0.387492
0.519000 0.389486
0.519200 0.391487
0.519400 0.393497
0.519600 0.395514
0.519800 0.397539
0.520000 0.399572
0.520200 0.401612
0.520400 0.403661
0.520600 0.405717
0.520800 0.407781
0.521000 0.409853
0.521200 0.411933
0.521400 0.414021
0.521600 0.416117
0.521800 0.418221
0.522000 0.420333
0.522200 0.422453
0.522400 0.424581
0.522600 0.426717
0.522800 0.428861
0.523000 0.431014
0.523200 0.433174
0.523400 0.435343
0.523600 0.437520
0.523800 0.439705
0.524000 0.441899
0.524200 0.444100
0.524400 0.446310
0.524600 0.448529
0.524800 0.450756
0.525000 0.452991
0.525200 0.455235
0.525400 0.457487
0.525600 0.459748
0.525800 0.462018
0.526000 0.464296
0.526200 0.466583
0.526400 0.468878
0.526600 0.471183
0.526800 0.473496
0.527000 0.475818
0.527200 0.478149
0.527400 0.480489
0.527600 0.482839
0.527800 0.485197
0.528000 0.487565
0.528200 0.489942
0.528400 0.492328
0.528600 0.494724
0.528800 0.497130
0.529000 0.499545
0.529200 0.501970
0.529400 0.504405
0.529600 0.506850
0.529800 0.509304
0.530000 0.511770
0.530200 0.514245
0.530400 0.516731
0.530600 0.519227
0.530800 0.521734
0.531000 0.524252
0.531200 0.526782
0.531400 0.529322
0.531600 0.531874
0.531800 0.534437
0.532000 0.537012
0.532200 0.539599
0.532400 0.542198
0.532600 0.544810
0.532800 0.547434
0.533000 0.550071
0.533200 0.552721
0.533400 0.555385
0.533600 0.558062
0.533800 0.560754
0.534000 0.563460
0.534200 0.566180
0.534400 0.568915
0.534600 0.571666
0.534800 0.574432
0.535000 0.577215
0.535200 0.580014
0.535400 0.582830
0.535600 0.585663
0.535800 0.588514
0.536000 0.591384
0.536200 0.594272
0.536400 0.597180
0.536600 0.600108
0.536800 0.603056
0.537000 0.606026
0.537200 0.609017
0.537400 0.612031
0.537600 0.615068
0.537800 0.618129
0.538000 0.621215
0.538200 0.624326
0.538400 0.627464
0.538600 0.630628
0.538800 0.633821
0.539000 0.637043
0.539200 0.640294
0.539400 0.643577
0.539600 0.646892
0.539800 0.650239
0.540000 0.653622
0.540200 0.657039
0.540400 0.660493
0.540600 0.663985
0.540800 0.667517
0.541000 0.671089
0.541200 0.674703
0.541400 0.678361
0.541600 0.682064
0.541800 0.685814
0.542000 0.689612
0.542200 0.693460
0.542400 0.697360
0.542600 0.701314
0.542800 0.705323
0.543000 0.709390
0.543200 0.713516
0.543400 0.717704
0.543600 0.721957
0.543800 0.726275
0.544000 0.730662
0.544200 0.735119
0.544400 0.739650
0.544600 0.744257
0.544800 0.748943
0.545000 0.753710
0.545200 0.758561
0.545400 0.763499
0.545600 0.768527
0.545800 0.773648
0.546000 0.778865
0.546200 0.784181
0.546400 0.789601
0.546600 0.795126
0.546800 0.800762
0.547000 0.806511
0.547200 0.812377
0.547400 0.818364
0.547600 0.824475
0.547800 0.830716
0.548000 0.837090
0.548200 0.843601
0.548400 0.850254
0.548600 0.857052
0.548800 0.864002
0.549000 0.871106
0.549200 0.878371
0.549400 0.885801
0.549600 0.893400
0.549800 0.901175
0.550000 0.909129
0.550200 0.917269
0.550400 0.925600
0.550600 0.934127
0.550800 0.942856
0.551000 0.951793
0.551200 0.960943
0.551400 0.970313
0.551600 0.979908
0.551800 0.989735
0.552000 0.999800
0.552200 1.010108
0.552400 1.020667
0.552600 1.031484
0.552800 1.042563
0.553000 1.053914
0.553200 1.065541
0.553400 1.077452
0.553600 1.089655
0.553800 1.102155
0.554000 1.114960
0.554200 1.128077
0.554400 1.141514
0.554600 1.155277
0.554800 1.169374
0.555000 1.183813
0.555200 1.198601
0.555400 1.213745
0.555600 1.229253
0.555800 1.245132
0.556000 1.261390
0.556200 1.278034
0.556400 1.295073
0.556600 1.312514
0.556800 1.330364
0.557000 1.348631
0.557200 1.367322
0.557400 1.386446
0.557600 1.406009
0.557800 1.426020
0.558000 1.446485
0.558200 1.467412
0.558400 1.488809
0.558600 1.510682
0.558800 1.533039
0.559000 1.555887
0.559200 1.579232
0.559400 1.603082
0.559600 1.627444
0.559800 1.652324
0.560000 1.677729
0.560200 1.703664
0.560400 1.730136
0.560600 1.757152
0.560800 1.784716
0.561000 1.812835
0.561200 1.841513
0.561400 1.870757
0.561600 1.900570
0.561800 1.930959
0.562000 1.961926
0.562200 1.993477
0.562400 2.025615
0.562600 2.058344
0.562800 2.091667
0.563000 2.125588
0.563200 2.160108
0.563400 2.195231
0.563600 2.230958
0.563800 2.267291
0.564000 2.304232
0.564200 2.341781
0.564400 2.379938
0.564600 2.418704
0.564800 2.458079
0.565000 2.498062
0.565200 2.538652
0.565400 2.579846
0.565600 2.621644
0.565800 2.664042
0.566000 2.707038
0.566200 2.750627
0.566400 2.794808
0.566600 2.839573
0.566800 2.884920
0.567000 2.930841
0.567200 2.977332
0.567400 3.024386
0.567600 3.071995
0.567800 3.120153
0.568000 3.168850
0.568200 3.218079
0.568400 3.267829
0.568600 3.318092
0.568800 3.368856
0.569000 3.420111
0.569200 3.471846
0.569400 3.524047
0.569600 3.576704
0.569800 3.629801
0.570000 3.683327
0.570200 3.737265
0.570400 3.791602
0.570600 3.846321
0.570800 3.901408
0.571000 3.956844
0.571200 4.012614
0.571400 4.068699
0.571600 4.125081
0.571800 4.181741
0.572000 4.238660
0.572200 4.295818
0.572400 4.353195
0.572600 4.410771
0.572800 4.468522
0.573000 4.526429
0.573200 4.584469
0.573400 4.642618
0.573600 4.700854
0.573800 4.759153
0.574000 4.817492
0.574200 4.875845
0.574400 4.934188
0.574600 4.992496
0.574800 5.050744
0.575000 5.108905
0.575200 5.166954
0.575400 5.224864
0.575600 5.282608
0.575800 5.340160
0.576000 5.397492
0.576200 5.454578
0.576400 5.511389
0.576600 5.567898
0.576800 5.624077
0.577000 5.679898
0.577200 5.735334
0.577400 5.790355
0.577600 5.844935
0.577800 5.899044
0.578000 5.952655
0.578200 6.005740
0.578400 6.058271
0.578600 6.110219
0.578800 6.161557
0.579000 6.212258
0.579200 6.262293
0.579400 6.311636
0.579600 6.360260
0.579800 6.408137
0.580000 6.455241
0.580200 6.501546
0.580400 6.547027
0.580600 6.591656
0.580800 6.635411
0.581000 6.678264
0.581200 6.720194
0.581400 6.761174
0.581600 6.801183
0.581800 6.840197
0.582000 6.878194
0.582200 6.915152
0.582400 6.951050
0.582600 6.985868
0.582800 7.019585
0.583000 7.052183
0.583200 7.083642
0.583400 7.113944
0.583600 7.143073
0.583800 7.171013
0.584000 7.197746
0.584200 7.223258
0.584400 7.247536
0.584600 7.270565
0.584800 7.292333
0.585000 7.312829
0.585200 7.332041
0.585400 7.349959
0.585600 7.366574
0.585800 7.381877
0.586000 7.395862
0.586200 7.408522
0.586400 7.419850
0.586600 7.429843
0.586800 7.438496
0.587000 7.445806
0.587200 7.451772
0.587400 7.456392
0.587600 7.459666
0.587800 7.461594
0.588000 7.462179
0.588200 7.461423
0.588400 7.459330
0.588600 7.455903
0.588800 7.451149
0.589000 7.445073
0.589200 7.437682
0.589400 7.428985
0.589600 7.418989
0.589800 7.407706
0.590000 7.395146
0.590200 7.381319
0.590400 7.366239
0.590600 7.349918
0.590800 7.332369
0.591000 7.313609
0.591200 7.293652
0.591400 7.272514
0.591600 7.250213
0.591800 7.226765
0.592000 7.202189
0.592200 7.176505
0.592400 7.149731
0.592600 7.121889
0.592800 7.092998
0.593000 7.063081
0.593200 7.032159
0.593400 7.000256
0.593600 6.967393
0.593800 6.933596
0.594000 6.898887
0.594200 6.863291
0.594400 6.826834
0.594600 6.789540
0.594800 6.751436
0.595000 6.712547
0.595200 6.672899
0.595400 6.632520
0.595600 6.591436
0.595800 6.549674
0.596000 6.507262
0.596200 6.464227
0.596400 6.420596
0.596600 6.376398
0.596800 6.331661
0.597000 6.286412
0.597200 6.240679
0.597400 6.194490
0.597600 6.147874
0.597800 6.100858
0.598000 6.053471
0.598200 6.005740
0.598400 5.957692
0.598600 5.909356
0.598800 5.860760
0.599000 5.811929
0.599200 5.762892
0.599400 5.713675
0.599600 5.664305
0.599800 5.614808
0.600000 5.565211
0.600200 5.515539
0.600400 5.465818
0.600600 5.416072
0.600800 5.366327
0.601000 5.316607
0.601200 5.266936
0.601400 5.217338
0.601600 5.167835
0.601800 5.118451
0.602000 5.069208
0.602200 5.020128
0.602400 4.971232
0.602600 4.922541
0.602800 4.874075
0.603000 4.825854
0.603200 4.777898
0.603400 4.730226
0.603600 4.682855
0.603800 4.635804
0.604000 4.589090
0.604200 4.542729
0.604400 4.496737
0.604600 4.451131
0.604800 4.405925
0.605000 4.361134
0.605200 4.316771
0.605400 4.272850
0.605600 4.229383
0.605800 4.186383
0.606000 4.143861
0.606200 4.101828
0.606400 4.060296
0.606600 4.019272
0.606800 3.978768
0.607000 3.938791
0.607200 3.899351
0.607400 3.860454
0.607600 3.822108
0.607800 3.784319
0.608000 3.747093
0.608200 3.710437
0.608400 3.674354
0.608600 3.638850
0.608800 3.603929
0.609000 3.569594
0.609200 3.535848
0.609400 3.502693
0.609600 3.470132
0.609800 3.438167
0.610000 3.406798
0.610200 3.376027
0.610400 3.345853
0.610600 3.316277
0.610800 3.287298
0.611000 3.258915
0.611200 3.231128
0.611400 3.203933
0.611600 3.177330
0.611800 3.151316
0.612000 3.125888
0.612200 3.101044
0.612400 3.076779
0.612600 3.053091
0.612800 3.029975
0.613000 3.007427
0.613200 2.985443
0.613400 2.964018
0.613600 2.943148
0.613800 2.922826
0.614000 2.903047
0.614200 2.883806
0.614400 2.865097
0.614600 2.846914
0.614800 2.829251
0.615000 2.812101
0.615200 2.795458
0.615400 2.779315
0.615600 2.763666
0.615800 2.748503
0.616000 2.733819
0.616200 2.719608
0.616400 2.705862
0.616600 2.692573
0.616800 2.679735
0.617000 2.667340
0.617200 2.655380
0.617400 2.643848
0.617600 2.632737
0.617800 2.622037
0.618000 2.611743
0.618200 2.601846
0.618400 2.592338
0.618600 2.583213
0.618800 2.574461
0.619000 2.566076
0.619200 2.558049
0.619400 2.550374
0.619600 2.543042
0.619800 2.536047
0.620000 2.529379
0.620200 2.523033
0.620400 2.517000
0.620600 2.511273
0.620800 2.505845
0.621000 2.500709
0.621200 2.495857
0.621400 2.491282
0.621600 2.486978
0.621800 2.482936
0.622000 2.479151
0.622200 2.475616
0.622400 2.472324
0.622600 2.469267
0.622800 2.466441
0.623000 2.463837
0.623200 2.461451
0.623400 2.459275
0.623600 2.457304
0.623800 2.455532
0.624000 2.453952
0.624200 2.452559
0.624400 2.451347
0.624600 2.450311
0.624800 2.449444
0.625000 2.448742
0.625200 2.448200
0.625400 2.447811
0.625600 2.447571
0.625800 2.447476
0.626000 2.447519
0.626200 2.447697
0.626400 2.448005
0.626600 2.448438
0.626800 2.448992
0.627000 2.449662
0.627200 2.450444
0.627400 2.451334
0.627600 2.452328
0.627800 2.453422
0.628000 2.454613
0.628200 2.455896
0.628400 2.457268
0.628600 2.458725
0.628800 2.460264
0.629000 2.461882
0.629200 2.463575
0.629400 2.465340
0.629600 2.467174
0.629800 2.469075
0.630000 2.471038
0.630200 2.473062
0.630400 2.475143
0.630600 2.477280
0.630800 2.479468
0.631000 2.481707
0.631200 2.483993
0.631400 2.486324
0.631600 2.488698
0.631800 2.491113
0.632000 2.493567
0.632200 2.496056
0.632400 2.498581
0.632600 2.501138
0.632800 2.503725
0.633000 2.506342
0.633200 2.508986
0.633400 2.511655
0.633600 2.514348
0.633800 2.517064
0.634000 2.519800
0.634200 2.522556
0.634400 2.525329
0.634600 2.528119
0.634800 2.530925
0.635000 2.533745
0.635200 2.536577
0.635400 2.539421
0.635600 2.542276
0.635800 2.545140
0.636000 2.548012
0.636200 2.550892
0.636400 2.553778
0.636600 2.556670
0.636800 2.559567
0.637000 2.562467
0.637200 2.565370
0.637400 2.568275
0.637600 2.571182
0.637800 2.574089
0.638000 2.576996
0.638200 2.579903
0.638400 2.582808
0.638600 2.585711
0.638800 2.588612
0.639000 2.591509
0.639200 2.594402
0.639400 2.597291
0.639600 2.600176
0.639800 2.603055
0.640000 2.605928
0.640200 2.608796
0.640400 2.611656
0.640600 2.614510
0.640800 2.617356
0.641000 2.620194
0.641200 2.623024
0.641400 2.625846
0.641600 2.628658
0.641800 2.631462
0.642000 2.634256
0.642200 2.637040
0.642400 2.639814
0.642600 2.642577
0.642800 2.645330
0.643000 2.648073
0.643200 2.650804
0.643400 2.653523
0.643600 2.656231
0.643800 2.658928
0.644000 2.661612
0.644200 2.664284
0.644400 2.666944
0.644600 2.669591
0.644800 2.672225
0.645000 2.674847
0.645200 2.677455
0.645400 2.680050
0.645600 2.682632
0.645800 2.685201
0.646000 2.687755
0.646200 2.690296
0.646400 2.692823
0.646600 2.695336
0.646800 2.697834
0.647000 2.700319
0.647200 2.702789
0.647400 2.705244
0.647600 2.707685
0.647800 2.710111
0.648000 2.712523
0.648200 2.714919
0.648400 2.717301
0.648600 2.719667
0.648800 2.722018
0.649000 2.724354
0.649200 2.726675
0.649400 2.728980
0.649600 2.731270
0.649800 2.733544
0.650000 2.735802
0.650200 2.738045
0.650400 2.740272
0.650600 2.742483
0.650800 2.744679
0.651000 2.746858
0.651200 2.749021
0.651400 2.751168
0.651600 2.753299
0.651800 2.755414
0.652000 2.757513
0.652200 2.759595
0.652400 2.761661
0.652600 2.763711
0.652800 2.765744
0.653000 2.767760
0.653200 2.769760
0.653400 2.771743
0.653600 2.773710
0.653800 2.775660
0.654000 2.777593
0.654200 2.779509
0.654400 2.781409
0.654600 2.783291
0.654800 2.785157
0.655000 2.787006
0.655200 2.788838
0.655400 2.790652
0.655600 2.792450
0.655800 2.794230
0.656000 2.795993
0.656200 2.797739
0.656400 2.799468
0.656600 2.801180
0.656800 2.802874
0.657000 2.804551
0.657200 2.806210
0.657400 2.807852
0.657600 2.809476
0.657800 2.811083
0.658000 2.812673
0.658200 2.814245
0.658400 2.815799
0.658600 2.817336
0.658800 2.818855
0.659000 2.820356
0.659200 2.821840
0.659400 2.823306
0.659600 2.824754
0.659800 2.826184
0.660000 2.827597
0.660200 2.828991
0.660400 2.830368
0.660600 2.831727
0.660800 2.833068
0.661000 2.834391
0.661200 2.835695
0.661400 2.836982
0.661600 2.838251
0.661800 2.839502
0.662000 2.840734
0.662200 2.841949
0.662400 2.843145
0.662600 2.844323
0.662800 2.845483
0.663000 2.846625
0.663200 2.847749
0.663400 2.848854
0.663600 2.849941
0.663800 2.851009
0.664000 2.852060
0.664200 2.853092
0.664400 2.854105
0.664600 2.855100
0.664800 2.856077
0.665000 2.857035
0.665200 2.857975
0.665400 2.858897
0.665600 2.859800
0.665800 2.860684
0.666000 2.861550
0.666200 2.862397
0.666400 2.863226
0.666600 2.864036
0.666800 2.864828
0.667000 2.865601
0.667200 2.866355
0.667400 2.867091
0.667600 2.867808
0.667800 2.868507
0.668000 2.869187
0.668200 2.869848
0.668400 2.870490
0.668600 2.871114
0.668800 2.871719
0.669000 2.872305
0.669200 2.872873
0.669400 2.873421
0.669600 2.873951
0.669800 2.874462
0.670000 2.874955
0.670200 2.875428
0.670400 2.875883
0.670600 2.876319
0.670800 2.876736
0.671000 2.877134
0.671200 2.877514
0.671400 2.877874
0.671600 2.878216
0.671800 2.878539
0.672000 2.878843
0.672200 2.879128
0.672400 2.879394
0.672600 2.879641
0.672800 2.879870
0.673000 2.880079
0.673200 2.880270
0.673400 2.880442
0.673600 2.880594
0.673800 2.880728
0.674000 2.880843
0.674200 2.880939
0.674400 2.881016
0.674600 2.881075
0.674800 2.881114
0.675000 2.881134
0.675200 2.881136
0.675400 2.881118
0.675600 2.881082
0.675800 2.881026
0.676000 2.880952
0.676200 2.880859
0.676400 2.880747
0.676600 2.880616
0.676800 2.880466
0.677000 2.880297
0.677200 2.880109
0.677400 2.879902
0.677600 2.879677
0.677800 2.879432
0.678000 2.879169
0.678200 2.878887
0.678400 2.878585
0.678600 2.878265
0.678800 2.877926
0.679000 2.877569
0.679200 2.877192
0.679400 2.876797
0.679600 2.876382
0.679800 2.875949
0.680000 2.875497
0.680200 2.875027
0.680400 2.874537
0.680600 2.874029
0.680800 2.873502
0.681000 2.872956
0.681200 2.872391
0.681400 2.871807
0.681600 2.871205
0.681800 2.870584
0.682000 2.869945
0.682200 2.869286
0.682400 2.868609
0.682600 2.867914
0.682800 2.867199
0.683000 2.866466
0.683200 2.865715
0.683400 2.864944
0.683600 2.864156
0.683800 2.863348
0.684000 2.862522
0.684200 2.861677
0.684400 2.860814
0.684600 2.859933
0.684800 2.859032
0.685000 2.858114
0.685200 2.857177
0.685400 2.856221
0.685600 2.855247
0.685800 2.854254
0.686000 2.853244
0.686200 2.852214
0.686400 2.851167
0.686600 2.850101
0.686800 2.849017
0.687000 2.847914
0.687200 2.846793
0.687400 2.845654
0.687600 2.844497
0.687800 2.843321
0.688000 2.842128
0.688200 2.840916
0.688400 2.839686
0.688600 2.838438
0.688800 2.837172
0.689000 2.835888
0.689200 2.834585
0.689400 2.833265
0.689600 2.831927
0.689800 2.830570
0.690000 2.829196
0.690200 2.827804
0.690400 2.826394
0.690600 2.824966
0.690800 2.823521
0.691000 2.822057
0.691200 2.820576
0.691400 2.819077
0.691600 2.817561
0.691800 2.816026
0.692000 2.814474
0.692200 2.812905
0.692400 2.811318
0.692600 2.809713
0.692800 2.808090
0.693000 2.806451
0.693200 2.804793
0.693400 2.803119
0.693600 2.801427
0.693800 2.799717
0.694000 2.797990
0.694200 2.796246
0.694400 2.794485
0.694600 2.792706
0.694800 2.790911
0.695000 2.789098
0.695200 2.787268
0.695400 2.785420
0.695600 2.783556
0.695800 2.781675
0.696000 2.779777
0.696200 2.777861
0.696400 2.775929
0.696600 2.773980
0.696800 2.772014
0.697000 2.770032
0.697200 2.768032
0.697400 2.766016
0.697600 2.763983
0.697800 2.761934
0.698000 2.759868
0.698200 2.757785
0.698400 2.755686
0.698600 2.753570
0.698800 2.751438
0.699000 2.749290
0.699200 2.747125
0.699400 2.744944
0.699600 2.742746
0.699800 2.740533
0.700000 2.738303
0.700200 2.736056
0.700400 2.733794
0.700600 2.731516
0.700800 2.729222
0.701000 2.726911
0.701200 2.724585
0.701400 2.722243
0.701600 2.719885
0.701800 2.717511
0.702000 2.715122
0.702200 2.712717
0.702400 2.710296
0.702600 2.707859
0.702800 2.705407
0.703000 2.702939
0.703200 2.700456
0.703400 2.697957
0.703600 2.695443
0.703800 2.692914
0.704000 2.690369
0.704200 2.687810
0.704400 2.685235
0.704600 2.682644
0.704800 2.680039
0.705000 2.677419
0.705200 2.674783
0.705400 2.672133
0.705600 2.669468
0.705800 2.666787
0.706000 2.664092
0.706200 2.661383
0.706400 2.658658
0.706600 2.655919
0.706800 2.653166
0.707000 2.650397
0.707200 2.647615
0.707400 2.644818
0.707600 2.642006
0.707800 2.639180
0.708000 2.636340
0.708200 2.633486
0.708400 2.630617
0.708600 2.627734
0.708800 2.624837
0.709000 2.621926
0.709200 2.619002
0.709400 2.616063
0.709600 2.613110
0.709800 2.610144
0.710000 2.607164
0.710200 2.604170
0.710400 2.601162
0.710600 2.598141
0.710800 2.595107
0.711000 2.592058
0.711200 2.588997
0.711400 2.585922
0.711600 2.582834
0.711800 2.579732
0.712000 2.576618
0.712200 2.573490
0.712400 2.570349
0.712600 2.567195
0.712800 2.564028
0.713000 2.560848
0.713200 2.557656
0.713400 2.554450
0.713600 2.551232
0.713800 2.548001
0.714000 2.544757
0.714200 2.541501
0.714400 2.538233
0.714600 2.534952
0.714800 2.531659
0.715000 2.528353
0.715200 2.525035
0.715400 2.521705
0.715600 2.518362
0.715800 2.515008
0.716000 2.511642
0.716200 2.508263
0.716400 2.504873
0.716600 2.501471
0.716800 2.498057
0.717000 2.494631
0.717200 2.491194
0.717400 2.487745
0.717600 2.484284
0.717800 2.480813
0.718000 2.477329
0.718200 2.473835
0.718400 2.470329
0.718600 2.466811
0.718800 2.463283
0.719000 2.459744
0.719200 2.456193
0.719400 2.452632
0.719600 2.449059
0.719800 2.445476
0.720000 2.441882
0.720200 2.438277
0.720400 2.434662
0.720600 2.431036
0.720800 2.427399
0.721000 2.423752
0.721200 2.420095
0.721400 2.416427
0.721600 2.412749
0.721800 2.409061
0.722000 2.405362
0.722200 2.401654
0.722400 2.397935
0.722600 2.394207
0.722800 2.390468
0.723000 2.386720
0.723200 2.382962
0.723400 2.379195
0.723600 2.375417
0.723800 2.371630
0.724000 2.367834
0.724200 2.364028
0.724400 2.360213
0.724600 2.356389
0.724800 2.352555
0.725000 2.348712
0.725200 2.344860
0.725400 2.340999
0.725600 2.337129
0.725800 2.333250
0.726000 2.329362
0.726200 2.325466
0.726400 2.321560
0.726600 2.317646
0.726800 2.313724
0.727000 2.309793
0.727200 2.305854
0.727400 2.301906
0.727600 2.297950
0.727800 2.293985
0.728000 2.290013
0.728200 2.286032
0.728400 2.282043
0.728600 2.278046
0.728800 2.274042
0.729000 2.270029
0.729200 2.266009
0.729400 2.261981
0.729600 2.257945
0.729800 2.253902
0.730000 2.249852
0.730200 2.245793
0.730400 2.241728
0.730600 2.237655
0.730800 2.233575
0.731000 2.229488
0.731200 2.225393
0.731400 2.221292
0.731600 2.217184
0.731800 2.213068
0.732000 2.208946
0.732200 2.204817
0.732400 2.200682
0.732600 2.196540
0.732800 2.192391
0.733000 2.188236
0.733200 2.184074
0.733400 2.179906
0.733600 2.175731
0.733800 2.171551
0.734000 2.167364
0.734200 2.163171
0.734400 2.158972
0.734600 2.154767
0.734800 2.150557
0.735000 2.146340
0.735200 2.142118
0.735400 2.137890
0.735600 2.133656
0.735800 2.129417
0.736000 2.125172
0.736200 2.120922
0.736400 2.116667
0.736600 2.112406
0.736800 2.108140
0.737000 2.103869
0.737200 2.099593
0.737400 2.095312
0.737600 2.091026
0.737800 2.086735
0.738000 2.082439
0.738200 2.078139
0.738400 2.073833
0.738600 2.069524
0.738800 2.065209
0.739000 2.060890
0.739200 2.056567
0.739400 2.052240
0.739600 2.047908
0.739800 2.043572
0.740000 2.039232
0.740200 2.034888
0.740400 2.030539
0.740600 2.026187
0.740800 2.021831
0.741000 2.017471
0.741200 2.013108
0.741400 2.008741
0.741600 2.004370
0.741800 1.999995
0.742000 1.995618
0.742200 1.991236
0.742400 1.986852
0.742600 1.982464
0.742800 1.978073
0.743000 1.973679
0.743200 1.969282
0.743400 1.964881
0.743600 1.960478
0.743800 1.956072
0.744000 1.951664
0.744200 1.947252
0.744400 1.942838
0.744600 1.938421
0.744800 1.934002
0.745000 1.929580
0.745200 1.925156
0.745400 1.920729
0.745600 1.916300
0.745800 1.911869
0.746000 1.907436
0.746200 1.903001
0.746400 1.898564
0.746600 1.894125
0.746800 1.889684
0.747000 1.885241
0.747200 1.880796
0.747400 1.876350
0.747600 1.871902
0.747800 1.867452
0.748000 1.863001
0.748200 1.858549
0.748400 1.854095
0.748600 1.849640
0.748800 1.845184
0.749000 1.840727
0.749200 1.836268
0.749400 1.831809
0.749600 1.827348
0.749800 1.822887
0.750000 1.818424
0.750200 1.813961
0.750400 1.809498
0.750600 1.805033
0.750800 1.800568
0.751000 1.796103
0.751200 1.791637
0.751400 1.787171
0.751600 1.782704
0.751800 1.778237
0.752000 1.773770
0.752200 1.769302
0.752400 1.764835
0.752600 1.760368
0.752800 1.755900
0.753000 1.751433
0.753200 1.746966
0.753400 1.742499
0.753600 1.738033
0.753800 1.733567
0.754000 1.729101
0.754200 1.724636
0.754400 1.720171
0.754600 1.715707
0.754800 1.711244
0.755000 1.706781
0.755200 1.702319
0.755400 1.697858
0.755600 1.693398
0.755800 1.688939
0.756000 1.684481
0.756200 1.680024
0.756400 1.675568
0.756600 1.671114
0.756800 1.666660
0.757000 1.662209
0.757200 1.657758
0.757400 1.653309
0.757600 1.648862
0.757800 1.644416
0.758000 1.639971
0.758200 1.635529
0.758400 1.631088
0.758600 1.626649
0.758800 1.622212
0.759000 1.617777
0.759200 1.613344
0.759400 1.608913
0.759600 1.604484
0.759800 1.600058
0.760000 1.595633
0.760200 1.591211
0.760400 1.586792
0.760600 1.582374
0.760800 1.577960
0.761000 1.573547
0.761200 1.569138
0.761400 1.564731
0.761600 1.560327
0.761800 1.555925
0.762000 1.551527
0.762200 1.547131
0.762400 1.542739
0.762600 1.538349
0.762800 1.533962
0.763000 1.529579
0.763200 1.525199
0.763400 1.520822
0.763600 1.516448
0.763800 1.512078
0.764000 1.507711
0.764200 1.503348
0.764400 1.498988
0.764600 1.494632
0.764800 1.490279
0.765000 1.485930
0.765200 1.481585
0.765400 1.477244
0.765600 1.472907
0.765800 1.468573
0.766000 1.464244
0.766200 1.459918
0.766400 1.455597
0.766600 1.451280
0.766800 1.446967
0.767000 1.442659
0.767200 1.438355
0.767400 1.434055
0.767600 1.429760
0.767800 1.425469
0.768000 1.421183
0.768200 1.416901
0.768400 1.412624
0.768600 1.408352
0.768800 1.404085
0.769000 1.399822
0.769200 1.395565
0.769400 1.391312
0.769600 1.387065
0.769800 1.382822
0.770000 1.378585
0.770200 1.374352
0.770400 1.370126
0.770600 1.365904
0.770800 1.361688
0.771000 1.357477
0.771200 1.353271
0.771400 1.349071
0.771600 1.344877
0.771800 1.340688
0.772000 1.336505
0.772200 1.332328
0.772400 1.328157
0.772600 1.323991
0.772800 1.319831
0.773000 1.315678
0.773200 1.311530
0.773400 1.307388
0.773600 1.303253
0.773800 1.299123
0.774000 1.295000
0.774200 1.290883
0.774400 1.286773
0.774600 1.282669
0.774800 1.278571
0.775000 1.274480
0.775200 1.270396
0.775400 1.266318
0.775600 1.262246
0.775800 1.258182
0.776000 1.254124
0.776200 1.250073
0.776400 1.246029
0.776600 1.241992
0.776800 1.237962
0.777000 1.233939
0.777200 1.229923
0.777400 1.225915
0.777600 1.221913
0.777800 1.217919
0.778000 1.213932
0.778200 1.209953
0.778400 1.205981
0.778600 1.202016
0.778800 1.198059
0.779000 1.194110
0.779200 1.190168
0.779400 1.186234
0.779600 1.182307
0.779800 1.178389
0.780000 1.174478
0.780200 1.170576
0.780400 1.166681
0.780600 1.162794
0.780800 1.158916
0.781000 1.155045
0.781200 1.151183
0.781400 1.147329
0.781600 1.143484
0.781800 1.139646
0.782000 1.135818
0.782200 1.131997
0.782400 1.128185
0.782600 1.124382
0.782800 1.120587
0.783000 1.116802
0.783200 1.113024
0.783400 1.109256
0.783600 1.105497
0.783800 1.101746
0.784000 1.098004
0.784200 1.094272
0.784400 1.090548
0.784600 1.086834
0.784800 1.083129
0.785000 1.079433
0.785200 1.075746
0.785400 1.072069
0.785600 1.068401
0.785800 1.064743
0.786000 1.061094
0.786200 1.057454
0.786400 1.053825
0.786600 1.050205
0.786800 1.046595
0.787000 1.042994
0.787200 1.039404
0.787400 1.035823
0.787600 1.032252
0.787800 1.028692
0.788000 1.025141
0.788200 1.021601
0.788400 1.018071
0.788600 1.014551
0.788800 1.011041
0.789000 1.007542
0.789200 1.004053
0.789400 1.000575
0.789600 0.997107
0.789800 0.993650
0.790000 0.990203
0.790200 0.986768
0.790400 0.983343
0.790600 0.979928
0.790800 0.976525
0.791000 0.973133
0.791200 0.969751
0.791400 0.966381
0.791600 0.963022
0.791800 0.959674
0.792000 0.956337
0.792200 0.953011
0.792400 0.949697
0.792600 0.946394
0.792800 0.943103
0.793000 0.939823
0.793200 0.936555
0.793400 0.933299
0.793600 0.930054
0.793800 0.926821
0.794000 0.923600
0.794200 0.920390
0.794400 0.917193
0.794600 0.914008
0.794800 0.910834
0.795000 0.907673
0.795200 0.904524
0.795400 0.901387
0.795600 0.898263
0.795800 0.895151
0.796000 0.892051
0.796200 0.888964
0.796400 0.885890
0.796600 0.882828
0.796800 0.879778
0.797000 0.876742
0.797200 0.873718
0.797400 0.870707
0.797600 0.867709
0.797800 0.864724
0.798000 0.861752
0.798200 0.858793
0.798400 0.855847
0.798600 0.852914
0.798800 0.849995
0.799000 0.847089
0.799200 0.844197
0.799400 0.841318
0.799600 0.838452
0.799800 0.835601
0.800000 0.832762
0.800200 0.829938
0.800400 0.827127
0.800600 0.824331
0.800800 0.821548
0.801000 0.818779
0.801200 0.816024
0.801400 0.813283
0.801600 0.810557
0.801800 0.807844
0.802000 0.805146
0.802200 0.802463
0.802400 0.799794
0.802600 0.797139
0.802800 0.794499
0.803000 0.791873
0.803200 0.789262
0.803400 0.786666
0.803600 0.784085
0.803800 0.781519
0.804000 0.778967
0.804200 0.776431
0.804400 0.773910
0.804600 0.771404
0.804800 0.768913
0.805000 0.766437
0.805200 0.763977
0.805400 0.761532
0.805600 0.759103
0.805800 0.756689
0.806000 0.754291
0.806200 0.751909
0.806400 0.749542
0.806600 0.747191
0.806800 0.744856
0.807000 0.742537
0.807200 0.740234
0.807400 0.737947
0.807600 0.735676
0.807800 0.733421
0.808000 0.731183
0.808200 0.728961
0.808400 0.726756
0.808600 0.724567
0.808800 0.722394
0.809000 0.720238
0.809200 0.718099
0.809400 0.715977
0.809600 0.713871
0.809800 0.711783
0.810000 0.709711
0.810200 0.707656
0.810400 0.705619
0.810600 0.703598
0.810800 0.701595
0.811000 0.699609
0.811200 0.697641
0.811400 0.695690
0.811600 0.693756
0.811800 0.691840
0.812000 0.689942
0.812200 0.688061
0.812400 0.686198
0.812600 0.684353
0.812800 0.682526
0.813000 0.680717
0.813200 0.678926
0.813400 0.677153
0.813600 0.675399
0.813800 0.673662
0.814000 0.671944
0.814200 0.670244
0.814400 0.668563
0.814600 0.666900
0.814800 0.665256
0.815000 0.663630
0.815200 0.662023
0.815400 0.660435
0.815600 0.658866
0.815800 0.657315
0.816000 0.655784
0.816200 0.654272
0.816400 0.652779
0.816600 0.651305
0.816800 0.649850
0.817000 0.648415
0.817200 0.646999
0.817400 0.645602
0.817600 0.644225
0.817800 0.642868
0.818000 0.641530
0.818200 0.640212
0.818400 0.638913
0.818600 0.637635
0.818800 0.636376
0.819000 0.635137
0.819200 0.633919
0.819400 0.632720
0.819600 0.631542
0.819800 0.630384
0.820000 0.629246
0.820200 0.628128
0.820400 0.627031
0.820600 0.625954
0.820800 0.624898
0.821000 0.623863
0.821200 0.622848
0.821400 0.621853
0.821600 0.620880
0.821800 0.619927
0.822000 0.618995
0.822200 0.618085
0.822400 0.617195
0.822600 0.616326
0.822800 0.615478
0.823000 0.614652
0.823200 0.613847
0.823400 0.613063
0.823600 0.612300
0.823800 0.611559
0.824000 0.610839
0.824200 0.610141
0.824400 0.609465
0.824600 0.608810
0.824800 0.608176
0.825000 0.607565
0.825200 0.606975
0.825400 0.606407
0.825600 0.605861
0.825800 0.605336
0.826000 0.604834
0.826200 0.604354
0.826400 0.603896
0.826600 0.603460
0.826800 0.603046
0.827000 0.602655
0.827200 0.602285
0.827400 0.601938
0.827600 0.601614
0.827800 0.601311
0.828000 0.601032
0.828200 0.600775
0.828400 0.600540
0.828600 0.600328
0.828800 0.600138
0.829000 0.599971
0.829200 0.599827
0.829400 0.599706
0.829600 0.599607
0.829800 0.599531
0.830000 0.599479
0.830200 0.599449
0.830400 0.599441
0.830600 0.599457
0.830800 0.599496
0.831000 0.599558
0.831200 0.599643
0.831400 0.599751
0.831600 0.599882
0.831800 0.600037
0.832000 0.600214
0.832200 0.600415
0.832400 0.600639
0.832600 0.600886
0.832800 0.601157
0.833000 0.601451
0.833200 0.601768
0.833400 0.602108
0.833600 0.602472
0.833800 0.602860
0.834000 0.603270
0.834200 0.603705
0.834400 0.604162
0.834600 0.604643
0.834800 0.605148
0.835000 0.605676
0.835200 0.606228
0.835400 0.606803
0.835600 0.607402
0.835800 0.608024
0.836000 0.608670
0.836200 0.609339
0.836400 0.610032
0.836600 0.610749
0.836800 0.611489
0.837000 0.612253
0.837200 0.613040
0.837400 0.613851
0.837600 0.614685
0.837800 0.615544
0.838000 0.616425
0.838200 0.617330
0.838400 0.618259
0.838600 0.619212
0.838800 0.620188
0.839000 0.621187
0.839200 0.622210
0.839400 0.623257
0.839600 0.624327
0.839800 0.625421
0.840000 0.626538
0.840200 0.627678
0.840400 0.628842
0.840600 0.630030
0.840800 0.631241
0.841000 0.632475
0.841200 0.633733
0.841400 0.635014
0.841600 0.636318
0.841800 0.637646
0.842000 0.638997
0.842200 0.640371
0.842400 0.641768
0.842600 0.643188
0.842800 0.644632
0.843000 0.646098
0.843200 0.647588
0.843400 0.649101
0.843600 0.650637
0.843800 0.652195
0.844000 0.653777
0.844200 0.655381
0.844400 0.657008
0.844600 0.658658
0.844800 0.660330
0.845000 0.662025
0.845200 0.663743
0.845400 0.665483
0.845600 0.667246
0.845800 0.669031
0.846000 0.670839
0.846200 0.672668
0.846400 0.674520
0.846600 0.676394
0.846800 0.678291
0.847000 0.680209
0.847200 0.682149
0.847400 0.684111
0.847600 0.686095
0.847800 0.688101
0.848000 0.690128
0.848200 0.692177
0.848400 0.694247
0.848600 0.696339
0.848800 0.698452
0.849000 0.700586
0.849200 0.702742
0.849400 0.704918
0.849600 0.707116
0.849800 0.709334
0.850000 0.711573
0.850200 0.713833
0.850400 0.716114
0.850600 0.718415
0.850800 0.720736
0.851000 0.723078
0.851200 0.725440
0.851400 0.727822
0.851600 0.730224
0.851800 0.732645
0.852000 0.735087
0.852200 0.737548
0.852400 0.740029
0.852600 0.742529
0.852800 0.745048
0.853000 0.747587
0.853200 0.750144
0.853400 0.752721
0.853600 0.755316
0.853800 0.757930
0.854000 0.760563
0.854200 0.763214
0.854400 0.765883
0.854600 0.768570
0.854800 0.771276
0.855000 0.773999
0.855200 0.776740
0.855400 0.779498
0.855600 0.782274
0.855800 0.785068
0.856000 0.787878
0.856200 0.790705
0.856400 0.793549
0.856600 0.796410
0.856800 0.799288
0.857000 0.802182
0.857200 0.805092
0.857400 0.808018
0.857600 0.810960
0.857800 0.813917
0.858000 0.816891
0.858200 0.819879
0.858400 0.822883
0.858600 0.825902
0.858800 0.828936
0.859000 0.831985
0.859200 0.835048
0.859400 0.838125
0.859600 0.841217
0.859800 0.844323
0.860000 0.847442
0.860200 0.850575
0.860400 0.853722
0.860600 0.856882
0.860800 0.860055
0.861000 0.863241
0.861200 0.866439
0.861400 0.869650
0.861600 0.872873
0.861800 0.876109
0.862000 0.879356
0.862200 0.882615
0.862400 0.885885
0.862600 0.889167
0.862800 0.892460
0.863000 0.895764
0.863200 0.899078
0.863400 0.902403
0.863600 0.905738
0.863800 0.909083
0.864000 0.912438
0.864200 0.915803
0.864400 0.919177
0.864600 0.922560
0.864800 0.925952
0.865000 0.929353
0.865200 0.932762
0.865400 0.936180
0.865600 0.939606
0.865800 0.943039
0.866000 0.946480
0.866200 0.949929
0.866400 0.953384
0.866600 0.956847
0.866800 0.960316
0.867000 0.963791
0.867200 0.967273
0.867400 0.970761
0.867600 0.974254
0.867800 0.977753
0.868000 0.981257
0.868200 0.984766
0.868400 0.988280
0.868600 0.991799
0.868800 0.995321
0.869000 0.998848
0.869200 1.002378
0.869400 1.005912
0.869600 1.009449
0.869800 1.012989
0.870000 1.016532
0.870200 1.020077
0.870400 1.023625
0.870600 1.027174
0.870800 1.030726
0.871000 1.034278
0.871200 1.037832
0.871400 1.041387
0.871600 1.044943
0.871800 1.048499
0.872000 1.052055
0.872200 1.055611
0.872400 1.059167
0.872600 1.062722
0.872800 1.066276
0.873000 1.069829
0.873200 1.073380
0.873400 1.076930
0.873600 1.080478
0.873800 1.084024
0.874000 1.087567
0.874200 1.091107
0.874400 1.094645
0.874600 1.098179
0.874800 1.101709
0.875000 1.105236
0.875200 1.108758
0.875400 1.112276
0.875600 1.115790
0.875800 1.119298
0.876000 1.122801
0.876200 1.126299
0.876400 1.129791
0.876600 1.133277
0.876800 1.136756
0.877000 1.140229
0.877200 1.143695
0.877400 1.147154
0.877600 1.150606
0.877800 1.154049
0.878000 1.157485
0.878200 1.160913
0.878400 1.164332
0.878600 1.167742
0.878800 1.171143
0.879000 1.174535
0.879200 1.177917
0.879400 1.181289
0.879600 1.184651
0.879800 1.188003
0.880000 1.191343
0.880200 1.194673
0.880400 1.197992
0.880600 1.201299
0.880800 1.204594
0.881000 1.207877
0.881200 1.211147
0.881400 1.214405
0.881600 1.217650
0.881800 1.220882
0.882000 1.224101
0.882200 1.227305
0.882400 1.230496
0.882600 1.233672
0.882800 1.236834
0.883000 1.239981
0.883200 1.243113
0.883400 1.246229
0.883600 1.249330
0.883800 1.252415
0.884000 1.255484
0.884200 1.258536
0.884400 1.261572
0.884600 1.264590
0.884800 1.267592
0.885000 1.270576
0.885200 1.273542
0.885400 1.276490
0.885600 1.279420
0.885800 1.282332
0.886000 1.285225
0.886200 1.288098
0.886400 1.290953
0.886600 1.293788
0.886800 1.296603
0.887000 1.299398
0.887200 1.302173
0.887400 1.304927
0.887600 1.307661
0.887800 1.310373
0.888000 1.313064
0.888200 1.315734
0.888400 1.318382
0.888600 1.321008
0.888800 1.323612
0.889000 1.326193
0.889200 1.328752
0.889400 1.331287
0.889600 1.333800
0.889800 1.336289
0.890000 1.338754
0.890200 1.341196
0.890400 1.343613
0.890600 1.346007
0.890800 1.348375
0.891000 1.350719
0.891200 1.353038
0.891400 1.355332
0.891600 1.357600
0.891800 1.359843
0.892000 1.362060
0.892200 1.364250
0.892400 1.366415
0.892600 1.368553
0.892800 1.370665
0.893000 1.372749
0.893200 1.374807
0.893400 1.376837
0.893600 1.378840
0.893800 1.380815
0.894000 1.382762
0.894200 1.384681
0.894400 1.386573
0.894600 1.388435
0.894800 1.390269
0.895000 1.392074
0.895200 1.393851
0.895400 1.395598
0.895600 1.397316
0.895800 1.399004
0.896000 1.400663
0.896200 1.402292
0.896400 1.403891
0.896600 1.405460
0.896800 1.406998
0.897000 1.408506
0.897200 1.409984
0.897400 1.411430
0.897600 1.412846
0.897800 1.414231
0.898000 1.415584
0.898200 1.416906
0.898400 1.418197
0.898600 1.419455
0.898800 1.420683
0.899000 1.421878
0.899200 1.423041
0.899400 1.424172
0.899600 1.425271
0.899800 1.426337
0.900000 1.427371
0.900200 1.428372
0.900400 1.429340
0.900600 1.430276
0.900800 1.431178
0.901000 1.432048
0.901200 1.432884
0.901400 1.433687
0.901600 1.434456
0.901800 1.435192
0.902000 1.435894
0.902200 1.436563
0.902400 1.437198
0.902600 1.437799
0.902800 1.438366
0.903000 1.438899
0.903200 1.439398
0.903400 1.439863
0.903600 1.440294
0.903800 1.440690
0.904000 1.441052
0.904200 1.441380
0.904400 1.441673
0.904600 1.441931
0.904800 1.442155
0.905000 1.442345
0.905200 1.442499
0.905400 1.442619
0.905600 1.442704
0.905800 1.442755
0.906000 1.442770
0.906200 1.442751
0.906400 1.442696
0.906600 1.442607
0.906800 1.442483
0.907000 1.442323
0.907200 1.442129
0.907400 1.441900
0.907600 1.441636
0.907800 1.441336
0.908000 1.441002
0.908200 1.440633
0.908400 1.440228
0.908600 1.439789
0.908800 1.439314
0.909000 1.438804
0.909200 1.438260
0.909400 1.437680
0.909600 1.437066
0.909800 1.436416
0.910000 1.435732
0.910200 1.435012
0.910400 1.434258
0.910600 1.433469
0.910800 1.432645
0.911000 1.431786
0.911200 1.430893
0.911400 1.429965
0.911600 1.429002
0.911800 1.428004
0.912000 1.426972
0.912200 1.425906
0.912400 1.424805
0.912600 1.423670
0.912800 1.422500
0.913000 1.421296
0.913200 1.420058
0.913400 1.418786
0.913600 1.417480
0.913800 1.416140
0.914000 1.414766
0.914200 1.413358
0.914400 1.411916
0.914600 1.410441
0.914800 1.408933
0.915000 1.407391
0.915200 1.405815
0.915400 1.404206
0.915600 1.402565
0.915800 1.400890
0.916000 1.399182
0.916200 1.397442
0.916400 1.395668
0.916600 1.393863
0.916800 1.392024
0.917000 1.390154
0.917200 1.388251
0.917400 1.386316
0.917600 1.384349
0.917800 1.382350
0.918000 1.380320
0.918200 1.378258
0.918400 1.376164
0.918600 1.374040
0.918800 1.371884
0.919000 1.369697
0.919200 1.367479
0.919400 1.365230
0.919600 1.362951
0.919800 1.360642
0.920000 1.358302
0.920200 1.355932
0.920400 1.353533
0.920600 1.351103
0.920800 1.348644
0.921000 1.346156
0.921200 1.343638
0.921400 1.341091
0.921600 1.338515
0.921800 1.335911
0.922000 1.333278
0.922200 1.330617
0.922400 1.327927
0.922600 1.325209
0.922800 1.322464
0.923000 1.319691
0.923200 1.316890
0.923400 1.314062
0.923600 1.311208
0.923800 1.308326
0.924000 1.305417
0.924200 1.302483
0.924400 1.299521
0.924600 1.296534
0.924800 1.293521
0.925000 1.290483
0.925200 1.287418
0.925400 1.284329
0.925600 1.281215
0.925800 1.278076
0.926000 1.274912
0.926200 1.271724
0.926400 1.268511
0.926600 1.265275
0.926800 1.262015
0.927000 1.258731
0.927200 1.255425
0.927400 1.252095
0.927600 1.248742
0.927800 1.245367
0.928000 1.241969
0.928200 1.238550
0.928400 1.235108
0.928600 1.231645
0.928800 1.228160
0.929000 1.224654
0.929200 1.221127
0.929400 1.217580
0.929600 1.214011
0.929800 1.210423
0.930000 1.206815
0.930200 1.203186
0.930400 1.199539
0.930600 1.195872
0.930800 1.192186
0.931000 1.188481
0.931200 1.184758
0.931400 1.181016
0.931600 1.177256
0.931800 1.173479
0.932000 1.169684
0.932200 1.165872
0.932400 1.162042
0.932600 1.158196
0.932800 1.154333
0.933000 1.150454
0.933200 1.146559
0.933400 1.142649
0.933600 1.138722
0.933800 1.134781
0.934000 1.130824
0.934200 1.126853
0.934400 1.122868
0.934600 1.118868
0.934800 1.114854
0.935000 1.110827
0.935200 1.106786
0.935400 1.102732
0.935600 1.098665
0.935800 1.094586
0.936000 1.090495
0.936200 1.086391
0.936400 1.082276
0.936600 1.078150
0.936800 1.074012
0.937000 1.069864
0.937200 1.065705
0.937400 1.061537
0.937600 1.057358
0.937800 1.053170
0.938000 1.048973
0.938200 1.044768
0.938400 1.040554
0.938600 1.036333
0.938800 1.032104
0.939000 1.027869
0.939200 1.023627
0.939400 1.019379
0.939600 1.015126
0.939800 1.010868
0.940000 1.006606
0.940200 1.002340
0.940400 0.998072
0.940600 0.993803
0.940800 0.989532
0.941000 0.985261
0.941200 0.980991
0.941400 0.976723
0.941600 0.972458
0.941800 0.968198
0.942000 0.963944
0.942200 0.959697
0.942400 0.955459
0.942600 0.951232
0.942800 0.947019
0.943000 0.942820
0.943200 0.938639
0.943400 0.934478
0.943600 0.930340
0.943800 0.926227
0.944000 0.922144
0.944200 0.918094
0.944400 0.914081
0.944600 0.910109
0.944800 0.906182
0.945000 0.902307
0.945200 0.898488
0.945400 0.894731
0.945600 0.891043
0.945800 0.887430
0.946000 0.883901
0.946200 0.880462
0.946400 0.877124
0.946600 0.873894
0.946800 0.870784
0.947000 0.867803
0.947200 0.864964
0.947400 0.862278
0.947600 0.859759
0.947800 0.857421
0.948000 0.855279
0.948200 0.853348
0.948400 0.851645
0.948600 0.850188
0.948800 0.848996
0.949000 0.848090
0.949200 0.847488
0.949400 0.847215
0.949600 0.847293
0.949800 0.847747
0.950000 0.848602
0.950200 0.849884
0.950400 0.851622
0.950600 0.853845
0.950800 0.856582
0.951000 0.859866
0.951200 0.863727
0.951400 0.868200
0.951600 0.873318
0.951800 0.879118
0.952000 0.885634
0.952200 0.892905
0.952400 0.900967
0.952600 0.909860
0.952800 0.919620
0.953000 0.930289
0.953200 0.941904
0.953400 0.954507
0.953600 0.968135
0.953800 0.982828
0.954000 0.998625
0.954200 1.015565
0.954400 1.033684
0.954600 1.053020
0.954800 1.073607
0.955000 1.095479
0.955200 1.118669
0.955400 1.143207
0.955600 1.169122
0.955800 1.196438
0.956000 1.225178
0.956200 1.255364
0.956400 1.287011
0.956600 1.320134
0.956800 1.354742
0.957000 1.390840
0.957200 1.428431
0.957400 1.467511
0.957600 1.508072
0.957800 1.550103
0.958000 1.593584
0.958200 1.638494
0.958400 1.684803
0.958600 1.732476
0.958800 1.781475
0.959000 1.831753
0.959200 1.883257
0.959400 1.935929
0.959600 1.989706
0.959800 2.044516
0.960000 2.100283
0.960200 2.156924
0.960400 2.214351
0.960600 2.272469
0.960800 2.331178
0.961000 2.390372
0.961200 2.449940
0.961400 2.509767
0.961600 2.569732
0.961800 2.629709
0.962000 2.689571
0.962200 2.749183
0.962400 2.808410
0.962600 2.867114
0.962800 2.925154
0.963000 2.982388
0.963200 3.038670
0.963400 3.093858
0.963600 3.147807
0.963800 3.200373
0.964000 3.251412
0.964200 3.300783
0.964400 3.348348
0.964600 3.393971
0.964800 3.437518
0.965000 3.478862
0.965200 3.517878
0.965400 3.554448
0.965600 3.588460
0.965800 3.619805
0.966000 3.648386
0.966200 3.674109
0.966400 3.696890
0.966600 3.716653
0.966800 3.733329
0.967000 3.746859
0.967200 3.757194
0.967400 3.764292
0.967600 3.768124
0.967800 3.768667
0.968000 3.765910
0.968200 3.759853
0.968400 3.750502
0.968600 3.737878
0.968800 3.722007
0.969000 3.702928
0.969200 3.680688
0.969400 3.655344
0.969600 3.626961
0.969800 3.595612
0.970000 3.561381
0.970200 3.524358
0.970400 3.484640
0.970600 3.442332
0.970800 3.397545
0.971000 3.350396
0.971200 3.301007
0.971400 3.249506
0.971600 3.196025
0.971800 3.140698
0.972000 3.083664
0.972200 3.025064
0.972400 2.965040
0.972600 2.903735
0.972800 2.841296
0.973000 2.777866
0.973200 2.713589
0.973400 2.648609
0.973600 2.583067
0.973800 2.517102
0.974000 2.450852
0.974200 2.384450
0.974400 2.318026
0.974600 2.251706
0.974800 2.185614
0.975000 2.119866
0.975200 2.054576
0.975400 1.989849
0.975600 1.925789
0.975800 1.862492
0.976000 1.800048
0.976200 1.738543
0.976400 1.678053
0.976600 1.618653
0.976800 1.560408
0.977000 1.503379
0.977200 1.447619
0.977400 1.393177
0.977600 1.340095
0.977800 1.288409
0.978000 1.238150
0.978200 1.189342
0.978400 1.142005
0.978600 1.096153
0.978800 1.051796
0.979000 1.008938
0.979200 0.967579
0.979400 0.927715
0.979600 0.889338
0.979800 0.852434
0.980000 0.816989
0.980200 0.782983
0.980400 0.750394
0.980600 0.719198
0.980800 0.689368
0.981000 0.660873
0.981200 0.633682
0.981400 0.607762
0.981600 0.583079
0.981800 0.559596
0.982000 0.537276
0.982200 0.516082
0.982400 0.495974
0.982600 0.476914
0.982800 0.458863
0.983000 0.441781
0.983200 0.425630
0.983400 0.410369
0.983600 0.395961
0.983800 0.382366
0.984000 0.369548
0.984200 0.357470
0.984400 0.346095
0.984600 0.335388
0.984800 0.325315
0.985000 0.315841
0.985200 0.306936
0.985400 0.298566
0.985600 0.290703
0.985800 0.283316
0.986000 0.276379
0.986200 0.269863
0.986400 0.263744
0.986600 0.257996
0.986800 0.252597
0.987000 0.247524
0.987200 0.242756
0.987400 0.238273
0.987600 0.234056
0.987800 0.230087
0.988000 0.226349
0.988200 0.222826
0.988400 0.219503
0.988600 0.216366
0.988800 0.213402
0.989000 0.210598
0.989200 0.207943
0.989400 0.205427
0.989600 0.203038
0.989800 0.200768
0.990000 0.198609
0.990200 0.196551
0.990400 0.194588
0.990600 0.192713
0.990800 0.190919
0.991000 0.189200
0.991200 0.187552
0.991400 0.185969
0.991600 0.184445
0.991800 0.182979
0.992000 0.181564
0.992200 0.180199
0.992400 0.178879
0.992600 0.177602
0.992800 0.176364
0.993000 0.175164
0.993200 0.174000
0.993400 0.172869
0.993600 0.171769
0.993800 0.170699
0.994000 0.169657
0.994200 0.168641
0.994400 0.167652
0.994600 0.166687
0.994800 0.165745
0.995000 0.164826
0.995200 0.163928
0.995400 0.163051
0.995600 0.162195
0.995800 0.161358
0.996000 0.160540
0.996200 0.159741
0.996400 0.158959
0.996600 0.158196
0.996800 0.157450
0.997000 0.156720
0.997200 0.156008
0.997400 0.155311
0.997600 0.154631
0.997800 0.153967
0.998000 0.153319
0.998200 0.152686
0.998400 0.152068
0.998600 0.151466
0.998800 0.150878
0.999000 0.150306
0.999200 0.149748
0.999400 0.149205
0.999600 0.148676
0.999800 0.148162
