0.000000 0.990745
0.000200 0.990351
0.000400 0.989951
0.000600 0.989543
0.000800 0.989128
0.001000 0.988705
0.001200 0.988276
0.001400 0.987839
0.001600 0.987396
0.001800 0.986945
0.002000 0.986487
0.002200 0.986022
0.002400 0.985550
0.002600 0.985071
0.002800 0.984584
0.003000 0.984091
0.003200 0.983591
0.003400 0.983084
0.003600 0.982569
0.003800 0.982048
0.004000 0.981520
0.004200 0.980984
0.004400 0.980442
0.004600 0.979893
0.004800 0.979337
0.005000 0.978774
0.005200 0.978204
0.005400 0.977628
0.005600 0.977044
0.005800 0.976454
0.006000 0.975857
0.006200 0.975253
0.006400 0.974642
0.006600 0.974024
0.006800 0.973400
0.007000 0.972769
0.007200 0.972131
0.007400 0.971487
0.007600 0.970836
0.007800 0.970178
0.008000 0.969514
0.008200 0.968843
0.008400 0.968165
0.008600 0.967481
0.008800 0.966791
0.009000 0.966093
0.009200 0.965390
0.009400 0.964679
0.009600 0.963963
0.009800 0.963240
0.010000 0.962510
0.010200 0.961774
0.010400 0.961031
0.010600 0.960283
0.010800 0.959527
0.011000 0.958766
0.011200 0.957998
0.011400 0.957224
0.011600 0.956444
0.011800 0.955657
0.012000 0.954864
0.012200 0.954065
0.012400 0.953260
0.012600 0.952449
0.012800 0.951631
0.013000 0.950808
0.013200 0.949978
0.013400 0.949142
0.013600 0.948301
0.013800 0.947453
0.014000 0.946599
0.014200 0.945739
0.014400 0.944874
0.014600 0.944002
0.014800 0.943125
0.015000 0.942242
0.015200 0.941352
0.015400 0.940457
0.015600 0.939557
0.015800 0.938650
0.016000 0.937738
0.016200 0.936820
0.016400 0.935897
0.016600 0.934967
0.016800 0.934033
0.017000 0.933092
0.017200 0.932146
0.017400 0.931195
0.017600 0.930238
0.017800 0.929275
0.018000 0.928307
0.018200 0.927334
0.018400 0.926355
0.018600 0.925371
0.018800 0.924381
0.019000 0.923386
0.019200 0.922386
0.019400 0.921381
0.019600 0.920370
0.019800 0.919355
0.020000 0.918334
0.020200 0.917308
0.020400 0.916276
0.020600 0.915240
0.020800 0.914199
0.021000 0.913153
0.021200 0.912102
0.021400 0.911045
0.021600 0.909984
0.021800 0.908918
0.022000 0.907848
0.022200 0.906772
0.022400 0.905692
0.022600 0.904606
0.022800 0.903516
0.023000 0.902422
0.023200 0.901323
0.023400 0.900219
0.023600 0.899111
0.023800 0.897998
0.024000 0.896880
0.024200 0.895758
0.024400 0.894632
0.024600 0.893501
0.024800 0.892366
0.025000 0.891226
0.025200 0.890082
0.025400 0.888934
0.025600 0.887782
0.025800 0.886626
0.026000 0.885465
0.026200 0.884300
0.026400 0.883131
0.026600 0.881958
0.026800 0.880781
0.027000 0.879600
0.027200 0.878415
0.027400 0.877226
0.027600 0.876034
0.027800 0.874837
0.028000 0.873637
0.028200 0.872433
0.028400 0.871225
0.028600 0.870014
0.028800 0.868799
0.029000 0.867580
0.029200 0.866358
0.029400 0.865132
0.029600 0.863903
0.029800 0.862670
0.030000 0.861434
0.030200 0.860194
0.030400 0.858951
0.030600 0.857705
0.030800 0.856456
0.031000 0.855203
0.031200 0.853948
0.031400 0.852689
0.031600 0.851427
0.031800 0.850162
0.032000 0.848894
0.032200 0.847623
0.032400 0.846349
0.032600 0.845072
0.032800 0.843793
0.033000 0.842511
0.033200 0.841226
0.033400 0.839938
0.033600 0.838647
0.033800 0.837354
0.034000 0.836059
0.034200 0.834761
0.034400 0.833460
0.034600 0.832157
0.034800 0.830851
0.035000 0.829544
0.035200 0.828233
0.035400 0.826921
0.035600 0.825606
0.035800 0.824290
0.036000 0.822971
0.036200 0.821650
0.036400 0.820327
0.036600 0.819002
0.036800 0.817675
0.037000 0.816346
0.037200 0.815015
0.037400 0.813683
0.037600 0.812348
0.037800 0.811012
0.038000 0.809675
0.038200 0.808335
0.038400 0.806994
0.038600 0.805652
0.038800 0.804308
0.039000 0.802963
0.039200 0.801616
0.039400 0.800268
0.039600 0.798919
0.039800 0.797568
0.040000 0.796217
0.040200 0.794864
0.040400 0.793510
0.040600 0.792155
0.040800 0.790799
0.041000 0.789442
0.041200 0.788084
0.041400 0.786726
0.041600 0.785366
0.041800 0.784006
0.042000 0.782645
0.042200 0.781284
0.042400 0.779922
0.042600 0.778559
0.042800 0.777196
0.043000 0.775832
0.043200 0.774468
0.043400 0.773104
0.043600 0.771740
0.043800 0.770375
0.044000 0.769010
0.044200 0.767645
0.044400 0.766280
0.044600 0.764915
0.044800 0.763550
0.045000 0.762185
0.045200 0.760820
0.045400 0.759455
0.045600 0.758091
0.045800 0.756727
0.046000 0.755363
0.046200 0.754000
0.046400 0.752637
0.046600 0.751275
0.046800 0.749913
0.047000 0.748552
0.047200 0.747192
0.047400 0.745832
0.047600 0.744473
0.047800 0.743115
0.048000 0.741758
0.048200 0.740402
0.048400 0.739047
0.048600 0.737693
0.048800 0.736340
0.049000 0.734988
0.049200 0.733638
0.049400 0.732288
0.049600 0.730941
0.049800 0.729594
0.050000 0.728249
0.050200 0.726906
0.050400 0.725564
0.050600 0.724224
0.050800 0.722886
0.051000 0.721549
0.051200 0.720214
0.051400 0.718881
0.051600 0.717550
0.051800 0.716221
0.052000 0.714894
0.052200 0.713569
0.052400 0.712246
0.052600 0.710926
0.052800 0.709608
0.053000 0.708292
0.053200 0.706979
0.053400 0.705668
0.053600 0.704359
0.053800 0.703053
0.054000 0.701750
0.054200 0.700450
0.054400 0.699152
0.054600 0.697857
0.054800 0.696565
0.055000 0.695276
0.055200 0.693990
0.055400 0.692707
0.055600 0.691427
0.055800 0.690151
0.056000 0.688877
0.056200 0.687607
0.056400 0.686341
0.056600 0.685078
0.056800 0.683818
0.057000 0.682562
0.057200 0.681309
0.057400 0.680060
0.057600 0.678815
0.057800 0.677574
0.058000 0.676337
0.058200 0.675103
0.058400 0.673874
0.058600 0.672648
0.058800 0.671427
0.059000 0.670210
0.059200 0.668997
0.059400 0.667789
0.059600 0.666585
0.059800 0.665385
0.060000 0.664190
0.060200 0.662999
0.060400 0.661813
0.060600 0.660632
0.060800 0.659455
0.061000 0.658284
0.061200 0.657117
0.061400 0.655955
0.061600 0.654798
0.061800 0.653646
0.062000 0.652500
0.062200 0.651358
0.062400 0.650222
0.062600 0.649091
0.062800 0.647966
0.063000 0.646846
0.063200 0.645732
0.063400 0.644623
0.063600 0.643520
0.063800 0.642422
0.064000 0.641331
0.064200 0.640245
0.064400 0.639165
0.064600 0.638091
0.064800 0.637023
0.065000 0.635962
0.065200 0.634906
0.065400 0.633857
0.065600 0.632814
0.065800 0.631777
0.066000 0.630747
0.066200 0.629723
0.066400 0.628706
0.066600 0.627696
0.066800 0.626692
0.067000 0.625695
0.067200 0.624705
0.067400 0.623721
0.067600 0.622745
0.067800 0.621776
0.068000 0.620813
0.068200 0.619858
0.068400 0.618910
0.068600 0.617970
0.068800 0.617036
0.069000 0.616111
0.069200 0.615192
0.069400 0.614281
0.069600 0.613378
0.069800 0.612483
0.070000 0.611595
0.070200 0.610715
0.070400 0.609843
0.070600 0.608979
0.070800 0.608122
0.071000 0.607274
0.071200 0.606434
0.071400 0.605602
0.071600 0.604779
0.071800 0.603963
0.072000 0.603157
0.072200 0.602358
0.072400 0.601568
0.072600 0.600787
0.072800 0.600014
0.073000 0.599250
0.073200 0.598495
0.073400 0.597748
0.073600 0.597011
0.073800 0.596282
0.074000 0.595563
0.074200 0.594852
0.074400 0.594151
0.074600 0.593459
0.074800 0.592776
0.075000 0.592102
0.075200 0.591438
0.075400 0.590783
0.075600 0.590138
0.075800 0.589502
0.076000 0.588876
0.076200 0.588260
0.076400 0.587654
0.076600 0.587057
0.076800 0.586470
0.077000 0.585893
0.077200 0.585327
0.077400 0.584770
0.077600 0.584223
0.077800 0.583687
0.078000 0.583161
0.078200 0.582645
0.078400 0.582139
0.078600 0.581644
0.078800 0.581159
0.079000 0.580685
0.079200 0.580222
0.079400 0.579769
0.079600 0.579327
0.079800 0.578896
0.080000 0.578475
0.080200 0.578066
0.080400 0.577667
0.080600 0.577279
0.080800 0.576903
0.081000 0.576538
0.081200 0.576183
0.081400 0.575840
0.081600 0.575509
0.081800 0.575188
0.082000 0.574879
0.082200 0.574582
0.082400 0.574296
0.082600 0.574021
0.082800 0.573758
0.083000 0.573507
0.083200 0.573268
0.083400 0.573040
0.083600 0.572824
0.083800 0.572620
0.084000 0.572428
0.084200 0.572248
0.084400 0.572080
0.084600 0.571924
0.084800 0.571781
0.085000 0.571649
0.085200 0.571530
0.085400 0.571422
0.085600 0.571328
0.085800 0.571245
0.086000 0.571175
0.086200 0.571118
0.086400 0.571073
0.086600 0.571041
0.086800 0.571021
0.087000 0.571014
0.087200 0.571019
0.087400 0.571038
0.087600 0.571069
0.087800 0.571113
0.088000 0.571170
0.088200 0.571239
0.088400 0.571322
0.088600 0.571418
0.088800 0.571527
0.089000 0.571649
0.089200 0.571784
0.089400 0.571932
0.089600 0.572093
0.089800 0.572268
0.090000 0.572456
0.090200 0.572657
0.090400 0.572872
0.090600 0.573100
0.090800 0.573342
0.091000 0.573597
0.091200 0.573865
0.091400 0.574147
0.091600 0.574443
0.091800 0.574752
0.092000 0.575075
0.092200 0.575412
0.092400 0.575762
0.092600 0.576126
0.092800 0.576504
0.093000 0.576895
0.093200 0.577301
0.093400 0.577720
0.093600 0.578153
0.093800 0.578601
0.094000 0.579062
0.094200 0.579537
0.094400 0.580026
0.094600 0.580529
0.094800 0.581046
0.095000 0.581577
0.095200 0.582122
0.095400 0.582682
0.095600 0.583255
0.095800 0.583843
0.096000 0.584445
0.096200 0.585061
0.096400 0.585691
0.096600 0.586336
0.096800 0.586995
0.097000 0.587668
0.097200 0.588355
0.097400 0.589057
0.097600 0.589773
0.097800 0.590503
0.098000 0.591248
0.098200 0.592007
0.098400 0.592780
0.098600 0.593568
0.098800 0.594370
0.099000 0.595187
0.099200 0.596018
0.099400 0.596863
0.099600 0.597723
0.099800 0.598597
0.100000 0.599486
0.100200 0.600389
0.100400 0.601306
0.100600 0.602238
0.100800 0.603185
0.101000 0.604146
0.101200 0.605121
0.101400 0.606111
0.101600 0.607115
0.101800 0.608134
0.102000 0.609167
0.102200 0.610215
0.102400 0.611277
0.102600 0.612353
0.102800 0.613444
0.103000 0.614550
0.103200 0.615669
0.103400 0.616803
0.103600 0.617952
0.103800 0.619115
0.104000 0.620292
0.104200 0.621484
0.104400 0.622690
0.104600 0.623910
0.104800 0.625145
0.105000 0.626394
0.105200 0.627657
0.105400 0.628935
0.105600 0.630226
0.105800 0.631532
0.106000 0.632853
0.106200 0.634187
0.106400 0.635535
0.106600 0.636898
0.106800 0.638275
0.107000 0.639666
0.107200 0.641071
0.107400 0.642490
0.107600 0.643923
0.107800 0.645370
0.108000 0.646831
0.108200 0.648306
0.108400 0.649794
0.108600 0.651297
0.108800 0.652813
0.109000 0.654344
0.109200 0.655888
0.109400 0.657445
0.109600 0.659017
0.109800 0.660602
0.110000 0.662200
0.110200 0.663812
0.110400 0.665438
0.110600 0.667077
0.110800 0.668730
0.111000 0.670396
0.111200 0.672075
0.111400 0.673768
0.111600 0.675474
0.111800 0.677193
0.112000 0.678925
0.112200 0.680670
0.112400 0.682429
0.112600 0.684200
0.112800 0.685984
0.113000 0.687782
0.113200 0.689592
0.113400 0.691415
0.113600 0.693250
0.113800 0.695098
0.114000 0.696959
0.114200 0.698833
0.114400 0.700718
0.114600 0.702617
0.114800 0.704527
0.115000 0.706450
0.115200 0.708386
0.115400 0.710333
0.115600 0.712293
0.115800 0.714264
0.116000 0.716248
0.116200 0.718243
0.116400 0.720250
0.116600 0.722269
0.116800 0.724300
0.117000 0.726342
0.117200 0.728396
0.117400 0.730461
0.117600 0.732538
0.117800 0.734626
0.118000 0.736725
0.118200 0.738836
0.118400 0.740958
0.118600 0.743090
0.118800 0.745234
0.119000 0.747388
0.119200 0.749553
0.119400 0.751729
0.119600 0.753915
0.119800 0.756112
0.120000 0.758320
0.120200 0.760537
0.120400 0.762765
0.120600 0.765004
0.120800 0.767252
0.121000 0.769510
0.121200 0.771779
0.121400 0.774057
0.121600 0.776345
0.121800 0.778642
0.122000 0.780949
0.122200 0.783266
0.122400 0.785592
0.122600 0.787927
0.122800 0.790272
0.123000 0.792626
0.123200 0.794988
0.123400 0.797360
0.123600 0.799741
0.123800 0.802130
0.124000 0.804528
0.124200 0.806935
0.124400 0.809350
0.124600 0.811773
0.124800 0.814205
0.125000 0.816645
0.125200 0.819093
0.125400 0.821550
0.125600 0.824014
0.125800 0.826486
0.126000 0.828966
0.126200 0.831453
0.126400 0.833949
0.126600 0.836451
0.126800 0.838962
0.127000 0.841479
0.127200 0.844004
0.127400 0.846536
0.127600 0.849075
0.127800 0.851621
0.128000 0.854174
0.128200 0.856734
0.128400 0.859301
0.128600 0.861874
0.128800 0.864455
0.129000 0.867041
0.129200 0.869634
0.129400 0.872234
0.129600 0.874840
0.129800 0.877452
0.130000 0.880071
0.130200 0.882695
0.130400 0.885326
0.130600 0.887963
0.130800 0.890606
0.131000 0.893255
0.131200 0.895909
0.131400 0.898570
0.131600 0.901237
0.131800 0.903909
0.132000 0.906587
0.132200 0.909270
0.132400 0.911960
0.132600 0.914655
0.132800 0.917356
0.133000 0.920062
0.133200 0.922774
0.133400 0.925491
0.133600 0.928215
0.133800 0.930943
0.134000 0.933678
0.134200 0.936418
0.134400 0.939164
0.134600 0.941915
0.134800 0.944672
0.135000 0.947435
0.135200 0.950203
0.135400 0.952978
0.135600 0.955758
0.135800 0.958544
0.136000 0.961337
0.136200 0.964135
0.136400 0.966939
0.136600 0.969750
0.136800 0.972567
0.137000 0.975390
0.137200 0.978221
0.137400 0.981057
0.137600 0.983901
0.137800 0.986751
0.138000 0.989609
0.138200 0.992474
0.138400 0.995346
0.138600 0.998226
0.138800 1.001113
0.139000 1.004009
0.139200 1.006912
0.139400 1.009824
0.139600 1.012745
0.139800 1.015675
0.140000 1.018613
0.140200 1.021561
0.140400 1.024519
0.140600 1.027486
0.140800 1.030464
0.141000 1.033452
0.141200 1.036451
0.141400 1.039462
0.141600 1.042484
0.141800 1.045517
0.142000 1.048563
0.142200 1.051622
0.142400 1.054694
0.142600 1.057779
0.142800 1.060878
0.143000 1.063992
0.143200 1.067120
0.143400 1.070264
0.143600 1.073423
0.143800 1.076599
0.144000 1.079792
0.144200 1.083002
0.144400 1.086230
0.144600 1.089476
0.144800 1.092742
0.145000 1.096027
0.145200 1.099333
0.145400 1.102660
0.145600 1.106008
0.145800 1.109379
0.146000 1.112773
0.146200 1.116190
0.146400 1.119632
0.146600 1.123100
0.146800 1.126593
0.147000 1.130113
0.147200 1.133661
0.147400 1.137237
0.147600 1.140842
0.147800 1.144478
0.148000 1.148144
0.148200 1.151842
0.148400 1.155574
0.148600 1.159338
0.148800 1.163138
0.149000 1.166973
0.149200 1.170845
0.149400 1.174754
0.149600 1.178702
0.149800 1.182690
0.150000 1.186719
0.150200 1.190789
0.150400 1.194902
0.150600 1.199059
0.150800 1.203261
0.151000 1.207510
0.151200 1.211806
0.151400 1.216150
0.151600 1.220544
0.151800 1.224989
0.152000 1.229486
0.152200 1.234037
0.152400 1.238642
0.152600 1.243303
0.152800 1.248021
0.153000 1.252797
0.153200 1.257633
0.153400 1.262530
0.153600 1.267489
0.153800 1.272511
0.154000 1.277598
0.154200 1.282752
0.154400 1.287973
0.154600 1.293262
0.154800 1.298622
0.155000 1.304053
0.155200 1.309557
0.155400 1.315136
0.155600 1.320789
0.155800 1.326520
0.156000 1.332328
0.156200 1.338217
0.156400 1.344186
0.156600 1.350237
0.156800 1.356372
0.157000 1.362591
0.157200 1.368897
0.157400 1.375290
0.157600 1.381772
0.157800 1.388344
0.158000 1.395007
0.158200 1.401763
0.158400 1.408613
0.158600 1.415558
0.158800 1.422599
0.159000 1.429737
0.159200 1.436974
0.159400 1.444311
0.159600 1.451748
0.159800 1.459288
0.160000 1.466930
0.160200 1.474677
0.160400 1.482528
0.160600 1.490486
0.160800 1.498551
0.161000 1.506723
0.161200 1.515005
0.161400 1.523395
0.161600 1.531897
0.161800 1.540509
0.162000 1.549233
0.162200 1.558070
0.162400 1.567020
0.162600 1.576083
0.162800 1.585261
0.163000 1.594553
0.163200 1.603960
0.163400 1.613483
0.163600 1.623122
0.163800 1.632877
0.164000 1.642747
0.164200 1.652734
0.164400 1.662838
0.164600 1.673058
0.164800 1.683394
0.165000 1.693846
0.165200 1.704414
0.165400 1.715098
0.165600 1.725898
0.165800 1.736812
0.166000 1.747841
0.166200 1.758983
0.166400 1.770239
0.166600 1.781607
0.166800 1.793087
0.167000 1.804677
0.167200 1.816378
0.167400 1.828187
0.167600 1.840104
0.167800 1.852127
0.168000 1.864256
0.168200 1.876488
0.168400 1.888822
0.168600 1.901257
0.168800 1.913791
0.169000 1.926422
0.169200 1.939149
0.169400 1.951969
0.169600 1.964881
0.169800 1.977881
0.170000 1.990969
0.170200 2.004142
0.170400 2.017397
0.170600 2.030732
0.170800 2.044144
0.171000 2.057631
0.171200 2.071190
0.171400 2.084818
0.171600 2.098512
0.171800 2.112269
0.172000 2.126085
0.172200 2.139959
0.172400 2.153885
0.172600 2.167862
0.172800 2.181885
0.173000 2.195950
0.173200 2.210055
0.173400 2.224195
0.173600 2.238367
0.173800 2.252566
0.174000 2.266788
0.174200 2.281031
0.174400 2.295288
0.174600 2.309556
0.174800 2.323831
0.175000 2.338109
0.175200 2.352384
0.175400 2.366652
0.175600 2.380909
0.175800 2.395150
0.176000 2.409371
0.176200 2.423565
0.176400 2.437729
0.176600 2.451858
0.176800 2.465946
0.177000 2.479989
0.177200 2.493981
0.177400 2.507918
0.177600 2.521794
0.177800 2.535604
0.178000 2.549342
0.178200 2.563004
0.178400 2.576584
0.178600 2.590077
0.178800 2.603478
0.179000 2.616780
0.179200 2.629979
0.179400 2.643069
0.179600 2.656045
0.179800 2.668901
0.180000 2.681632
0.180200 2.694233
0.180400 2.706697
0.180600 2.719020
0.180800 2.731196
0.181000 2.743220
0.181200 2.755086
0.181400 2.766789
0.181600 2.778324
0.181800 2.789684
0.182000 2.800866
0.182200 2.811863
0.182400 2.822671
0.182600 2.833284
0.182800 2.843698
0.183000 2.853906
0.183200 2.863905
0.183400 2.873689
0.183600 2.883253
0.183800 2.892593
0.184000 2.901703
0.184200 2.910580
0.184400 2.919217
0.184600 2.927612
0.184800 2.935759
0.185000 2.943655
0.185200 2.951294
0.185400 2.958673
0.185600 2.965788
0.185800 2.972634
0.186000 2.979209
0.186200 2.985507
0.186400 2.991526
0.186600 2.997262
0.186800 3.002712
0.187000 3.007872
0.187200 3.012739
0.187400 3.017310
0.187600 3.021582
0.187800 3.025553
0.188000 3.029220
0.188200 3.032580
0.188400 3.035631
0.188600 3.038370
0.188800 3.040796
0.189000 3.042907
0.189200 3.044700
0.189400 3.046175
0.189600 3.047329
0.189800 3.048161
0.190000 3.048671
0.190200 3.048856
0.190400 3.048717
0.190600 3.048252
0.190800 3.047460
0.191000 3.046342
0.191200 3.044897
0.191400 3.043124
0.191600 3.041025
0.191800 3.038598
0.192000 3.035844
0.192200 3.032764
0.192400 3.029359
0.192600 3.025628
0.192800 3.021574
0.193000 3.017197
0.193200 3.012498
0.193400 3.007478
0.193600 3.002140
0.193800 2.996485
0.194000 2.990515
0.194200 2.984232
0.194400 2.977637
0.194600 2.970733
0.194800 2.963523
0.195000 2.956009
0.195200 2.948194
0.195400 2.940081
0.195600 2.931671
0.195800 2.922970
0.196000 2.913979
0.196200 2.904702
0.196400 2.895142
0.196600 2.885304
0.196800 2.875191
0.197000 2.864806
0.197200 2.854153
0.197400 2.843237
0.197600 2.832062
0.197800 2.820631
0.198000 2.808950
0.198200 2.797022
0.198400 2.784852
0.198600 2.772445
0.198800 2.759806
0.199000 2.746938
0.199200 2.733848
0.199400 2.720539
0.199600 2.707018
0.199800 2.693288
0.200000 2.679355
0.200200 2.665225
0.200400 2.650902
0.200600 2.636391
0.200800 2.621699
0.201000 2.606831
0.201200 2.591791
0.201400 2.576586
0.201600 2.561220
0.201800 2.545700
0.202000 2.530031
0.202200 2.514218
0.202400 2.498267
0.202600 2.482184
0.202800 2.465975
0.203000 2.449644
0.203200 2.433197
0.203400 2.416641
0.203600 2.399981
0.203800 2.383221
0.204000 2.366369
0.204200 2.349429
0.204400 2.332408
0.204600 2.315309
0.204800 2.298140
0.205000 2.280906
0.205200 2.263611
0.205400 2.246262
0.205600 2.228864
0.205800 2.211422
0.206000 2.193942
0.206200 2.176428
0.206400 2.158886
0.206600 2.141321
0.206800 2.123738
0.207000 2.106143
0.207200 2.088539
0.207400 2.070933
0.207600 2.053328
0.207800 2.035730
0.208000 2.018143
0.208200 2.000573
0.208400 1.983022
0.208600 1.965497
0.208800 1.948002
0.209000 1.930540
0.209200 1.913116
0.209400 1.895734
0.209600 1.878399
0.209800 1.861114
0.210000 1.843883
0.210200 1.826709
0.210400 1.809598
0.210600 1.792552
0.210800 1.775575
0.211000 1.758670
0.211200 1.741841
0.211400 1.725091
0.211600 1.708424
0.211800 1.691841
0.212000 1.675347
0.212200 1.658944
0.212400 1.642635
0.212600 1.626423
0.212800 1.610310
0.213000 1.594298
0.213200 1.578392
0.213400 1.562591
0.213600 1.546900
0.213800 1.531319
0.214000 1.515852
0.214200 1.500499
0.214400 1.485264
0.214600 1.470147
0.214800 1.455150
0.215000 1.440275
0.215200 1.425524
0.215400 1.410897
0.215600 1.396397
0.215800 1.382023
0.216000 1.367779
0.216200 1.353664
0.216400 1.339679
0.216600 1.325826
0.216800 1.312105
0.217000 1.298517
0.217200 1.285062
0.217400 1.271742
0.217600 1.258556
0.217800 1.245506
0.218000 1.232591
0.218200 1.219812
0.218400 1.207168
0.218600 1.194661
0.218800 1.182290
0.219000 1.170055
0.219200 1.157956
0.219400 1.145993
0.219600 1.134165
0.219800 1.122473
0.220000 1.110917
0.220200 1.099495
0.220400 1.088208
0.220600 1.077054
0.220800 1.066034
0.221000 1.055147
0.221200 1.044392
0.221400 1.033768
0.221600 1.023275
0.221800 1.012913
0.222000 1.002679
0.222200 0.992574
0.222400 0.982597
0.222600 0.972746
0.222800 0.963020
0.223000 0.953420
0.223200 0.943943
0.223400 0.934588
0.223600 0.925355
0.223800 0.916243
0.224000 0.907250
0.224200 0.898374
0.224400 0.889616
0.224600 0.880973
0.224800 0.872445
0.225000 0.864030
0.225200 0.855728
0.225400 0.847535
0.225600 0.839453
0.225800 0.831478
0.226000 0.823610
0.226200 0.815848
0.226400 0.808189
0.226600 0.800634
0.226800 0.793180
0.227000 0.785826
0.227200 0.778570
0.227400 0.771412
0.227600 0.764350
0.227800 0.757382
0.228000 0.750508
0.228200 0.743725
0.228400 0.737033
0.228600 0.730430
0.228800 0.723915
0.229000 0.717486
0.229200 0.711142
0.229400 0.704881
0.229600 0.698703
0.229800 0.692606
0.230000 0.686588
0.230200 0.680649
0.230400 0.674786
0.230600 0.668999
0.230800 0.663287
0.231000 0.657647
0.231200 0.652080
0.231400 0.646582
0.231600 0.641154
0.231800 0.635794
0.232000 0.630501
0.232200 0.625273
0.232400 0.620110
0.232600 0.615010
0.232800 0.609972
0.233000 0.604994
0.233200 0.600077
0.233400 0.595218
0.233600 0.590416
0.233800 0.585671
0.234000 0.580980
0.234200 0.576345
0.234400 0.571762
0.234600 0.567231
0.234800 0.562752
0.235000 0.558323
0.235200 0.553942
0.235400 0.549610
0.235600 0.545325
0.235800 0.541087
0.236000 0.536894
0.236200 0.532745
0.236400 0.528640
0.236600 0.524578
0.236800 0.520557
0.237000 0.516578
0.237200 0.512638
0.237400 0.508739
0.237600 0.504877
0.237800 0.501054
0.238000 0.497268
0.238200 0.493519
0.238400 0.489805
0.238600 0.486126
0.238800 0.482481
0.239000 0.478870
0.239200 0.475292
0.239400 0.471746
0.239600 0.468233
0.239800 0.464750
0.240000 0.461298
0.240200 0.457875
0.240400 0.454483
0.240600 0.451119
0.240800 0.447783
0.241000 0.444475
0.241200 0.441194
0.241400 0.437941
0.241600 0.434713
0.241800 0.431512
0.242000 0.428335
0.242200 0.425184
0.242400 0.422057
0.242600 0.418954
0.242800 0.415875
0.243000 0.412820
0.243200 0.409787
0.243400 0.406777
0.243600 0.403788
0.243800 0.400822
0.244000 0.397877
0.244200 0.394954
0.244400 0.392051
0.244600 0.389168
0.244800 0.386306
0.245000 0.383464
0.245200 0.380641
0.245400 0.377838
0.245600 0.375054
0.245800 0.372288
0.246000 0.369541
0.246200 0.366813
0.246400 0.364102
0.246600 0.361410
0.246800 0.358735
0.247000 0.356077
0.247200 0.353437
0.247400 0.350814
0.247600 0.348208
0.247800 0.345618
0.248000 0.343045
0.248200 0.340488
0.248400 0.337947
0.248600 0.335422
0.248800 0.332913
0.249000 0.330420
0.249200 0.327942
0.249400 0.325479
0.249600 0.323032
0.249800 0.320600
0.250000 0.318183
0.250200 0.315780
0.250400 0.313393
0.250600 0.311019
0.250800 0.308661
0.251000 0.306317
0.251200 0.303987
0.251400 0.301671
0.251600 0.299370
0.251800 0.297082
0.252000 0.294808
0.252200 0.292549
0.252400 0.290302
0.252600 0.288070
0.252800 0.285851
0.253000 0.283646
0.253200 0.281454
0.253400 0.279275
0.253600 0.277110
0.253800 0.274957
0.254000 0.272818
0.254200 0.270692
0.254400 0.268579
0.254600 0.266479
0.254800 0.264392
0.255000 0.262318
0.255200 0.260257
0.255400 0.258208
0.255600 0.256172
0.255800 0.254148
0.256000 0.252138
0.256200 0.250139
0.256400 0.248154
0.256600 0.246180
0.256800 0.244219
0.257000 0.242271
0.257200 0.240334
0.257400 0.238410
0.257600 0.236498
0.257800 0.234599
0.258000 0.232711
0.258200 0.230836
0.258400 0.228973
0.258600 0.227121
0.258800 0.225282
0.259000 0.223455
0.259200 0.221639
0.259400 0.219836
0.259600 0.218044
0.259800 0.216264
0.260000 0.214496
0.260200 0.212740
0.260400 0.210995
0.260600 0.209262
0.260800 0.207541
0.261000 0.205831
0.261200 0.204133
0.261400 0.202447
0.261600 0.200772
0.261800 0.199108
0.262000 0.197456
0.262200 0.195815
0.262400 0.194186
0.262600 0.192568
0.262800 0.190962
0.263000 0.189366
0.263200 0.187782
0.263400 0.186210
0.263600 0.184648
0.263800 0.183098
0.264000 0.181558
0.264200 0.180030
0.264400 0.178513
0.264600 0.177007
0.264800 0.175512
0.265000 0.174028
0.265200 0.172555
0.265400 0.171093
0.265600 0.169641
0.265800 0.168201
0.266000 0.166771
0.266200 0.165353
0.266400 0.163944
0.266600 0.162547
0.266800 0.161161
0.267000 0.159785
0.267200 0.158419
0.267400 0.157064
0.267600 0.155720
0.267800 0.154387
0.268000 0.153063
0.268200 0.151751
0.268400 0.150449
0.268600 0.149157
0.268800 0.147875
0.269000 0.146604
0.269200 0.145343
0.269400 0.144093
0.269600 0.142852
0.269800 0.141622
0.270000 0.140402
0.270200 0.139193
0.270400 0.137993
0.270600 0.136803
0.270800 0.135624
0.271000 0.134454
0.271200 0.133294
0.271400 0.132144
0.271600 0.131005
0.271800 0.129875
0.272000 0.128754
0.272200 0.127644
0.272400 0.126544
0.272600 0.125453
0.272800 0.124371
0.273000 0.123300
0.273200 0.122238
0.273400 0.121186
0.273600 0.120143
0.273800 0.119109
0.274000 0.118086
0.274200 0.117071
0.274400 0.116066
0.274600 0.115071
0.274800 0.114084
0.275000 0.113107
0.275200 0.112140
0.275400 0.111181
0.275600 0.110232
0.275800 0.109292
0.276000 0.108361
0.276200 0.107439
0.276400 0.106526
0.276600 0.105622
0.276800 0.104727
0.277000 0.103841
0.277200 0.102964
0.277400 0.102096
0.277600 0.101236
0.277800 0.100386
0.278000 0.099544
0.278200 0.098711
0.278400 0.097887
0.278600 0.097071
0.278800 0.096264
0.279000 0.095465
0.279200 0.094675
0.279400 0.093894
0.279600 0.093121
0.279800 0.092357
0.280000 0.091600
0.280200 0.090853
0.280400 0.090113
0.280600 0.089382
0.280800 0.088659
0.281000 0.087945
0.281200 0.087238
0.281400 0.086540
0.281600 0.085850
0.281800 0.085168
0.282000 0.084494
0.282200 0.083828
0.282400 0.083171
0.282600 0.082521
0.282800 0.081879
0.283000 0.081245
0.283200 0.080618
0.283400 0.080000
0.283600 0.079389
0.283800 0.078786
0.284000 0.078191
0.284200 0.077604
0.284400 0.077024
0.284600 0.076452
0.284800 0.075887
0.285000 0.075330
0.285200 0.074781
0.285400 0.074239
0.285600 0.073704
0.285800 0.073177
0.286000 0.072658
0.286200 0.072145
0.286400 0.071640
0.286600 0.071143
0.286800 0.070652
0.287000 0.070169
0.287200 0.069693
0.287400 0.069224
0.287600 0.068763
0.287800 0.068308
0.288000 0.067861
0.288200 0.067420
0.288400 0.066987
0.288600 0.066561
0.288800 0.066141
0.289000 0.065729
0.289200 0.065324
0.289400 0.064925
0.289600 0.064533
0.289800 0.064148
0.290000 0.063770
0.290200 0.063399
0.290400 0.063034
0.290600 0.062676
0.290800 0.062325
0.291000 0.061980
0.291200 0.061643
0.291400 0.061311
0.291600 0.060986
0.291800 0.060668
0.292000 0.060357
0.292200 0.060051
0.292400 0.059753
0.292600 0.059460
0.292800 0.059175
0.293000 0.058895
0.293200 0.058622
0.293400 0.058355
0.293600 0.058095
0.293800 0.057841
0.294000 0.057593
0.294200 0.057351
0.294400 0.057116
0.294600 0.056887
0.294800 0.056664
0.295000 0.056447
0.295200 0.056236
0.295400 0.056032
0.295600 0.055833
0.295800 0.055641
0.296000 0.055455
0.296200 0.055274
0.296400 0.055100
0.296600 0.054931
0.296800 0.054769
0.297000 0.054613
0.297200 0.054462
0.297400 0.054317
0.297600 0.054179
0.297800 0.054046
0.298000 0.053919
0.298200 0.053797
0.298400 0.053682
0.298600 0.053572
0.298800 0.053468
0.299000 0.053370
0.299200 0.053278
0.299400 0.053191
0.299600 0.053110
0.299800 0.053035
0.300000 0.052965
0.300200 0.052901
0.300400 0.052842
0.300600 0.052790
0.300800 0.052742
0.301000 0.052701
0.301200 0.052665
0.301400 0.052634
0.301600 0.052609
0.301800 0.052590
0.302000 0.052576
0.302200 0.052567
0.302400 0.052564
0.302600 0.052567
0.302800 0.052575
0.303000 0.052588
0.303200 0.052607
0.303400 0.052631
0.303600 0.052660
0.303800 0.052695
0.304000 0.052736
0.304200 0.052782
0.304400 0.052833
0.304600 0.052889
0.304800 0.052951
0.305000 0.053018
0.305200 0.053090
0.305400 0.053168
0.305600 0.053251
0.305800 0.053339
0.306000 0.053433
0.306200 0.053532
0.306400 0.053636
0.306600 0.053745
0.306800 0.053860
0.307000 0.053980
0.307200 0.054105
0.307400 0.054235
0.307600 0.054371
0.307800 0.054512
0.308000 0.054658
0.308200 0.054809
0.308400 0.054965
0.308600 0.055127
0.308800 0.055294
0.309000 0.055466
0.309200 0.055643
0.309400 0.055825
0.309600 0.056013
0.309800 0.056205
0.310000 0.056403
0.310200 0.056606
0.310400 0.056815
0.310600 0.057028
0.310800 0.057247
0.311000 0.057470
0.311200 0.057699
0.311400 0.057933
0.311600 0.058172
0.311800 0.058417
0.312000 0.058666
0.312200 0.058921
0.312400 0.059181
0.312600 0.059446
0.312800 0.059717
0.313000 0.059992
0.313200 0.060273
0.313400 0.060559
0.313600 0.060850
0.313800 0.061146
0.314000 0.061448
0.314200 0.061755
0.314400 0.062067
0.314600 0.062384
0.314800 0.062707
0.315000 0.063034
0.315200 0.063367
0.315400 0.063706
0.315600 0.064050
0.315800 0.064399
0.316000 0.064753
0.316200 0.065113
0.316400 0.065478
0.316600 0.065848
0.316800 0.066224
0.317000 0.066605
0.317200 0.066992
0.317400 0.067384
0.317600 0.067782
0.317800 0.068185
0.318000 0.068594
0.318200 0.069008
0.318400 0.069428
0.318600 0.069853
0.318800 0.070284
0.319000 0.070721
0.319200 0.071164
0.319400 0.071612
0.319600 0.072066
0.319800 0.072526
0.320000 0.072991
0.320200 0.073463
0.320400 0.073940
0.320600 0.074424
0.320800 0.074913
0.321000 0.075409
0.321200 0.075911
0.321400 0.076418
0.321600 0.076932
0.321800 0.077453
0.322000 0.077980
0.322200 0.078513
0.322400 0.079052
0.322600 0.079598
0.322800 0.080151
0.323000 0.080711
0.323200 0.081277
0.323400 0.081850
0.323600 0.082430
0.323800 0.083017
0.324000 0.083611
0.324200 0.084212
0.324400 0.084821
0.324600 0.085437
0.324800 0.086061
0.325000 0.086692
0.325200 0.087331
0.325400 0.087978
0.325600 0.088632
0.325800 0.089295
0.326000 0.089966
0.326200 0.090646
0.326400 0.091334
0.326600 0.092031
0.326800 0.092736
0.327000 0.093451
0.327200 0.094174
0.327400 0.094908
0.327600 0.095650
0.327800 0.096403
0.328000 0.097165
0.328200 0.097937
0.328400 0.098720
0.328600 0.099513
0.328800 0.100318
0.329000 0.101133
0.329200 0.101959
0.329400 0.102797
0.329600 0.103647
0.329800 0.104509
0.330000 0.105383
0.330200 0.106269
0.330400 0.107169
0.330600 0.108082
0.330800 0.109009
0.331000 0.109949
0.331200 0.110904
0.331400 0.111873
0.331600 0.112858
0.331800 0.113857
0.332000 0.114873
0.332200 0.115904
0.332400 0.116953
0.332600 0.118018
0.332800 0.119101
0.333000 0.120202
0.333200 0.121321
0.333400 0.122459
0.333600 0.123616
0.333800 0.124794
0.334000 0.125992
0.334200 0.127211
0.334400 0.128452
0.334600 0.129715
0.334800 0.131001
0.335000 0.132310
0.335200 0.133644
0.335400 0.135002
0.335600 0.136386
0.335800 0.137796
0.336000 0.139233
0.336200 0.140697
0.336400 0.142190
0.336600 0.143713
0.336800 0.145265
0.337000 0.146848
0.337200 0.148463
0.337400 0.150110
0.337600 0.151791
0.337800 0.153507
0.338000 0.155257
0.338200 0.157044
0.338400 0.158869
0.338600 0.160731
0.338800 0.162633
0.339000 0.164576
0.339200 0.166560
0.339400 0.168586
0.339600 0.170657
0.339800 0.172772
0.340000 0.174934
0.340200 0.177143
0.340400 0.179400
0.340600 0.181707
0.340800 0.184066
0.341000 0.186477
0.341200 0.188941
0.341400 0.191461
0.341600 0.194038
0.341800 0.196673
0.342000 0.199367
0.342200 0.202122
0.342400 0.204939
0.342600 0.207821
0.342800 0.210768
0.343000 0.213782
0.343200 0.216866
0.343400 0.220019
0.343600 0.223245
0.343800 0.226544
0.344000 0.229919
0.344200 0.233371
0.344400 0.236902
0.344600 0.240513
0.344800 0.244208
0.345000 0.247986
0.345200 0.251851
0.345400 0.255804
0.345600 0.259847
0.345800 0.263982
0.346000 0.268211
0.346200 0.272536
0.346400 0.276958
0.346600 0.281480
0.346800 0.286104
0.347000 0.290832
0.347200 0.295666
0.347400 0.300607
0.347600 0.305658
0.347800 0.310822
0.348000 0.316099
0.348200 0.321493
0.348400 0.327005
0.348600 0.332637
0.348800 0.338391
0.349000 0.344270
0.349200 0.350276
0.349400 0.356411
0.349600 0.362676
0.349800 0.369074
0.350000 0.375608
0.350200 0.382278
0.350400 0.389088
0.350600 0.396039
0.350800 0.403134
0.351000 0.410374
0.351200 0.417761
0.351400 0.425298
0.351600 0.432986
0.351800 0.440828
0.352000 0.448825
0.352200 0.456979
0.352400 0.465292
0.352600 0.473767
0.352800 0.482404
0.353000 0.491206
0.353200 0.500174
0.353400 0.509310
0.353600 0.518616
0.353800 0.528094
0.354000 0.537744
0.354200 0.547569
0.354400 0.557570
0.354600 0.567748
0.354800 0.578104
0.355000 0.588641
0.355200 0.599359
0.355400 0.610259
0.355600 0.621343
0.355800 0.632611
0.356000 0.644065
0.356200 0.655705
0.356400 0.667532
0.356600 0.679547
0.356800 0.691751
0.357000 0.704143
0.357200 0.716725
0.357400 0.729497
0.357600 0.742459
0.357800 0.755611
0.358000 0.768953
0.358200 0.782486
0.358400 0.796209
0.358600 0.810122
0.358800 0.824224
0.359000 0.838516
0.359200 0.852996
0.359400 0.867664
0.359600 0.882519
0.359800 0.897560
0.360000 0.912786
0.360200 0.928196
0.360400 0.943789
0.360600 0.959563
0.360800 0.975516
0.361000 0.991648
0.361200 1.007955
0.361400 1.024437
0.361600 1.041091
0.361800 1.057914
0.362000 1.074906
0.362200 1.092062
0.362400 1.109380
0.362600 1.126859
0.362800 1.144494
0.363000 1.162283
0.363200 1.180222
0.363400 1.198308
0.363600 1.216538
0.363800 1.234908
0.364000 1.253415
0.364200 1.272054
0.364400 1.290821
0.364600 1.309712
0.364800 1.328724
0.365000 1.347851
0.365200 1.367088
0.365400 1.386432
0.365600 1.405878
0.365800 1.425419
0.366000 1.445052
0.366200 1.464770
0.366400 1.484569
0.366600 1.504443
0.366800 1.524387
0.367000 1.544394
0.367200 1.564459
0.367400 1.584576
0.367600 1.604738
0.367800 1.624940
0.368000 1.645175
0.368200 1.665436
0.368400 1.685718
0.368600 1.706013
0.368800 1.726315
0.369000 1.746617
0.369200 1.766913
0.369400 1.787194
0.369600 1.807454
0.369800 1.827686
0.370000 1.847883
0.370200 1.868037
0.370400 1.888142
0.370600 1.908189
0.370800 1.928171
0.371000 1.948081
0.371200 1.967911
0.371400 1.987654
0.371600 2.007302
0.371800 2.026848
0.372000 2.046283
0.372200 2.065601
0.372400 2.084793
0.372600 2.103852
0.372800 2.122770
0.373000 2.141539
0.373200 2.160153
0.373400 2.178603
0.373600 2.196881
0.373800 2.214981
0.374000 2.232894
0.374200 2.250613
0.374400 2.268131
0.374600 2.285441
0.374800 2.302534
0.375000 2.319405
0.375200 2.336045
0.375400 2.352447
0.375600 2.368605
0.375800 2.384512
0.376000 2.400160
0.376200 2.415544
0.376400 2.430656
0.376600 2.445490
0.376800 2.460040
0.377000 2.474300
0.377200 2.488263
0.377400 2.501923
0.377600 2.515275
0.377800 2.528312
0.378000 2.541030
0.378200 2.553423
0.378400 2.565486
0.378600 2.577214
0.378800 2.588602
0.379000 2.599644
0.379200 2.610338
0.379400 2.620678
0.379600 2.630660
0.379800 2.640281
0.380000 2.649536
0.380200 2.658422
0.380400 2.666935
0.380600 2.675073
0.380800 2.682833
0.381000 2.690212
0.381200 2.697207
0.381400 2.703816
0.381600 2.710036
0.381800 2.715867
0.382000 2.721307
0.382200 2.726353
0.382400 2.731005
0.382600 2.735262
0.382800 2.739124
0.383000 2.742588
0.383200 2.745657
0.383400 2.748328
0.383600 2.750603
0.383800 2.752481
0.384000 2.753965
0.384200 2.755053
0.384400 2.755748
0.384600 2.756050
0.384800 2.755962
0.385000 2.755484
0.385200 2.754620
0.385400 2.753370
0.385600 2.751738
0.385800 2.749726
0.386000 2.747337
0.386200 2.744574
0.386400 2.741440
0.386600 2.737939
0.386800 2.734074
0.387000 2.729849
0.387200 2.725269
0.387400 2.720336
0.387600 2.715057
0.387800 2.709435
0.388000 2.703475
0.388200 2.697182
0.388400 2.690561
0.388600 2.683618
0.388800 2.676358
0.389000 2.668786
0.389200 2.660908
0.389400 2.652731
0.389600 2.644260
0.389800 2.635501
0.390000 2.626461
0.390200 2.617146
0.390400 2.607562
0.390600 2.597716
0.390800 2.587616
0.391000 2.577267
0.391200 2.566677
0.391400 2.555852
0.391600 2.544801
0.391800 2.533529
0.392000 2.522045
0.392200 2.510355
0.392400 2.498468
0.392600 2.486390
0.392800 2.474128
0.393000 2.461692
0.393200 2.449087
0.393400 2.436322
0.393600 2.423404
0.393800 2.410340
0.394000 2.397140
0.394200 2.383809
0.394400 2.370357
0.394600 2.356789
0.394800 2.343115
0.395000 2.329341
0.395200 2.315476
0.395400 2.301526
0.395600 2.287500
0.395800 2.273404
0.396000 2.259247
0.396200 2.245036
0.396400 2.230777
0.396600 2.216479
0.396800 2.202148
0.397000 2.187792
0.397200 2.173417
0.397400 2.159032
0.397600 2.144642
0.397800 2.130254
0.398000 2.115876
0.398200 2.101513
0.398400 2.087174
0.398600 2.072862
0.398800 2.058587
0.399000 2.044352
0.399200 2.030166
0.399400 2.016033
0.399600 2.001960
0.399800 1.987952
0.400000 1.974015
0.400200 1.960154
0.400400 1.946376
0.400600 1.932685
0.400800 1.919086
0.401000 1.905585
0.401200 1.892186
0.401400 1.878895
0.401600 1.865715
0.401800 1.852652
0.402000 1.839709
0.402200 1.826891
0.402400 1.814202
0.402600 1.801646
0.402800 1.789226
0.403000 1.776947
0.403200 1.764811
0.403400 1.752823
0.403600 1.740985
0.403800 1.729301
0.404000 1.717773
0.404200 1.706404
0.404400 1.695198
0.404600 1.684155
0.404800 1.673280
0.405000 1.662573
0.405200 1.652038
0.405400 1.641676
0.405600 1.631489
0.405800 1.621479
0.406000 1.611647
0.406200 1.601995
0.406400 1.592524
0.406600 1.583236
0.406800 1.574131
0.407000 1.565210
0.407200 1.556474
0.407400 1.547924
0.407600 1.539561
0.407800 1.531384
0.408000 1.523395
0.408200 1.515594
0.408400 1.507980
0.408600 1.500554
0.408800 1.493316
0.409000 1.486265
0.409200 1.479402
0.409400 1.472725
0.409600 1.466235
0.409800 1.459931
0.410000 1.453813
0.410200 1.447879
0.410400 1.442129
0.410600 1.436562
0.410800 1.431177
0.411000 1.425972
0.411200 1.420948
0.411400 1.416103
0.411600 1.411435
0.411800 1.406943
0.412000 1.402626
0.412200 1.398482
0.412400 1.394510
0.412600 1.390709
0.412800 1.387076
0.413000 1.383610
0.413200 1.380310
0.413400 1.377174
0.413600 1.374199
0.413800 1.371385
0.414000 1.368729
0.414200 1.366229
0.414400 1.363884
0.414600 1.361691
0.414800 1.359649
0.415000 1.357756
0.415200 1.356008
0.415400 1.354406
0.415600 1.352946
0.415800 1.351626
0.416000 1.350444
0.416200 1.349399
0.416400 1.348487
0.416600 1.347708
0.416800 1.347058
0.417000 1.346536
0.417200 1.346139
0.417400 1.345865
0.417600 1.345713
0.417800 1.345679
0.418000 1.345762
0.418200 1.345960
0.418400 1.346271
0.418600 1.346691
0.418800 1.347220
0.419000 1.347855
0.419200 1.348595
0.419400 1.349435
0.419600 1.350376
0.419800 1.351415
0.420000 1.352549
0.420200 1.353777
0.420400 1.355096
0.420600 1.356505
0.420800 1.358001
0.421000 1.359583
0.421200 1.361249
0.421400 1.362996
0.421600 1.364824
0.421800 1.366729
0.422000 1.368710
0.422200 1.370765
0.422400 1.372892
0.422600 1.375090
0.422800 1.377357
0.423000 1.379690
0.423200 1.382089
0.423400 1.384552
0.423600 1.387076
0.423800 1.389660
0.424000 1.392303
0.424200 1.395003
0.424400 1.397758
0.424600 1.400568
0.424800 1.403429
0.425000 1.406341
0.425200 1.409302
0.425400 1.412312
0.425600 1.415367
0.425800 1.418468
0.426000 1.421612
0.426200 1.424799
0.426400 1.428027
0.426600 1.431294
0.426800 1.434600
0.427000 1.437943
0.427200 1.441322
0.427400 1.444735
0.427600 1.448182
0.427800 1.451662
0.428000 1.455173
0.428200 1.458714
0.428400 1.462285
0.428600 1.465883
0.428800 1.469509
0.429000 1.473161
0.429200 1.476838
0.429400 1.480539
0.429600 1.484263
0.429800 1.488010
0.430000 1.491778
0.430200 1.495566
0.430400 1.499375
0.430600 1.503202
0.430800 1.507047
0.431000 1.510910
0.431200 1.514789
0.431400 1.518684
0.431600 1.522594
0.431800 1.526518
0.432000 1.530456
0.432200 1.534407
0.432400 1.538370
0.432600 1.542345
0.432800 1.546331
0.433000 1.550327
0.433200 1.554333
0.433400 1.558349
0.433600 1.562373
0.433800 1.566405
0.434000 1.570445
0.434200 1.574492
0.434400 1.578546
0.434600 1.582605
0.434800 1.586670
0.435000 1.590741
0.435200 1.594816
0.435400 1.598895
0.435600 1.602978
0.435800 1.607065
0.436000 1.611154
0.436200 1.615246
0.436400 1.619341
0.436600 1.623437
0.436800 1.627534
0.437000 1.631633
0.437200 1.635733
0.437400 1.639832
0.437600 1.643932
0.437800 1.648032
0.438000 1.652131
0.438200 1.656229
0.438400 1.660327
0.438600 1.664422
0.438800 1.668516
0.439000 1.672608
0.439200 1.676698
0.439400 1.680785
0.439600 1.684869
0.439800 1.688950
0.440000 1.693028
0.440200 1.697103
0.440400 1.701174
0.440600 1.705240
0.440800 1.709303
0.441000 1.713361
0.441200 1.717414
0.441400 1.721463
0.441600 1.725506
0.441800 1.729545
0.442000 1.733577
0.442200 1.737605
0.442400 1.741626
0.442600 1.745641
0.442800 1.749651
0.443000 1.753653
0.443200 1.757650
0.443400 1.761639
0.443600 1.765622
0.443800 1.769598
0.444000 1.773566
0.444200 1.777527
0.444400 1.781481
0.444600 1.785427
0.444800 1.789365
0.445000 1.793296
0.445200 1.797218
0.445400 1.801132
0.445600 1.805037
0.445800 1.808934
0.446000 1.812823
0.446200 1.816702
0.446400 1.820573
0.446600 1.824435
0.446800 1.828287
0.447000 1.832130
0.447200 1.835964
0.447400 1.839788
0.447600 1.843603
0.447800 1.847408
0.448000 1.851202
0.448200 1.854987
0.448400 1.858762
0.448600 1.862526
0.448800 1.866280
0.449000 1.870023
0.449200 1.873756
0.449400 1.877478
0.449600 1.881189
0.449800 1.884890
0.450000 1.888579
0.450200 1.892257
0.450400 1.895924
0.450600 1.899579
0.450800 1.903223
0.451000 1.906855
0.451200 1.910476
0.451400 1.914084
0.451600 1.917681
0.451800 1.921266
0.452000 1.924839
0.452200 1.928399
0.452400 1.931948
0.452600 1.935483
0.452800 1.939007
0.453000 1.942517
0.453200 1.946015
0.453400 1.949500
0.453600 1.952973
0.453800 1.956432
0.454000 1.959878
0.454200 1.963311
0.454400 1.966730
0.454600 1.970137
0.454800 1.973529
0.455000 1.976908
0.455200 1.980274
0.455400 1.983626
0.455600 1.986964
0.455800 1.990287
0.456000 1.993597
0.456200 1.996893
0.456400 2.000175
0.456600 2.003442
0.456800 2.006695
0.457000 2.009933
0.457200 2.013157
0.457400 2.016366
0.457600 2.019560
0.457800 2.022740
0.458000 2.025904
0.458200 2.029054
0.458400 2.032188
0.458600 2.035308
0.458800 2.038412
0.459000 2.041500
0.459200 2.044574
0.459400 2.047631
0.459600 2.050673
0.459800 2.053700
0.460000 2.056710
0.460200 2.059705
0.460400 2.062684
0.460600 2.065647
0.460800 2.068593
0.461000 2.071524
0.461200 2.074438
0.461400 2.077336
0.461600 2.080217
0.461800 2.083082
0.462000 2.085931
0.462200 2.088763
0.462400 2.091578
0.462600 2.094376
0.462800 2.097157
0.463000 2.099922
0.463200 2.102669
0.463400 2.105399
0.463600 2.108113
0.463800 2.110809
0.464000 2.113487
0.464200 2.116148
0.464400 2.118792
0.464600 2.121418
0.464800 2.124027
0.465000 2.126618
0.465200 2.129192
0.465400 2.131747
0.465600 2.134285
0.465800 2.136805
0.466000 2.139307
0.466200 2.141791
0.466400 2.144256
0.466600 2.146704
0.466800 2.149134
0.467000 2.151545
0.467200 2.153938
0.467400 2.156313
0.467600 2.158669
0.467800 2.161007
0.468000 2.163327
0.468200 2.165627
0.468400 2.167910
0.468600 2.170174
0.468800 2.172419
0.469000 2.174645
0.469200 2.176853
0.469400 2.179042
0.469600 2.181213
0.469800 2.183365
0.470000 2.185498
0.470200 2.187612
0.470400 2.189707
0.470600 2.191784
0.470800 2.193841
0.471000 2.195880
0.471200 2.197901
0.471400 2.199902
0.471600 2.201885
0.471800 2.203849
0.472000 2.205794
0.472200 2.207720
0.472400 2.209628
0.472600 2.211518
0.472800 2.213388
0.473000 2.215241
0.473200 2.217074
0.473400 2.218890
0.473600 2.220687
0.473800 2.222466
0.474000 2.224227
0.474200 2.225970
0.474400 2.227695
0.474600 2.229403
0.474800 2.231093
0.475000 2.232765
0.475200 2.234420
0.475400 2.236059
0.475600 2.237680
0.475800 2.239284
0.476000 2.240872
0.476200 2.242444
0.476400 2.244000
0.476600 2.245540
0.476800 2.247065
0.477000 2.248574
0.477200 2.250069
0.477400 2.251549
0.477600 2.253015
0.477800 2.254467
0.478000 2.255906
0.478200 2.257332
0.478400 2.258745
0.478600 2.260146
0.478800 2.261536
0.479000 2.262915
0.479200 2.264283
0.479400 2.265642
0.479600 2.266991
0.479800 2.268332
0.480000 2.269665
0.480200 2.270990
0.480400 2.272309
0.480600 2.273623
0.480800 2.274932
0.481000 2.276236
0.481200 2.277538
0.481400 2.278837
0.481600 2.280135
0.481800 2.281434
0.482000 2.282733
0.482200 2.284034
0.482400 2.285339
0.482600 2.286648
0.482800 2.287963
0.483000 2.289285
0.483200 2.290616
0.483400 2.291957
0.483600 2.293309
0.483800 2.294674
0.484000 2.296054
0.484200 2.297451
0.484400 2.298866
0.484600 2.300301
0.484800 2.301758
0.485000 2.303239
0.485200 2.304746
0.485400 2.306281
0.485600 2.307846
0.485800 2.309445
0.486000 2.311078
0.486200 2.312749
0.486400 2.314460
0.486600 2.316213
0.486800 2.318012
0.487000 2.319859
0.487200 2.321758
0.487400 2.323710
0.487600 2.325719
0.487800 2.327789
0.488000 2.329922
0.488200 2.332122
0.488400 2.334393
0.488600 2.336738
0.488800 2.339160
0.489000 2.341663
0.489200 2.344252
0.489400 2.346930
0.489600 2.349701
0.489800 2.352570
0.490000 2.355540
0.490200 2.358616
0.490400 2.361803
0.490600 2.365105
0.490800 2.368527
0.491000 2.372074
0.491200 2.375749
0.491400 2.379560
0.491600 2.383510
0.491800 2.387604
0.492000 2.391849
0.492200 2.396249
0.492400 2.400809
0.492600 2.405537
0.492800 2.410436
0.493000 2.415513
0.493200 2.420774
0.493400 2.426224
0.493600 2.431869
0.493800 2.437716
0.494000 2.443771
0.494200 2.450040
0.494400 2.456529
0.494600 2.463244
0.494800 2.470192
0.495000 2.477379
0.495200 2.484811
0.495400 2.492496
0.495600 2.500439
0.495800 2.508648
0.496000 2.517128
0.496200 2.525886
0.496400 2.534929
0.496600 2.544264
0.496800 2.553896
0.497000 2.563833
0.497200 2.574081
0.497400 2.584646
0.497600 2.595535
0.497800 2.606754
0.498000 2.618310
0.498200 2.630208
0.498400 2.642455
0.498600 2.655057
0.498800 2.668019
0.499000 2.681349
0.499200 2.695050
0.499400 2.709129
0.499600 2.723592
0.499800 2.738443
0.500000 2.753688
0.500200 2.769331
0.500400 2.785377
0.500600 2.801830
0.500800 2.818696
0.501000 2.835977
0.501200 2.853678
0.501400 2.871802
0.501600 2.890353
0.501800 2.909333
0.502000 2.928745
0.502200 2.948592
0.502400 2.968875
0.502600 2.989596
0.502800 3.010756
0.503000 3.032358
0.503200 3.054400
0.503400 3.076884
0.503600 3.099809
0.503800 3.123175
0.504000 3.146981
0.504200 3.171226
0.504400 3.195907
0.504600 3.221022
0.504800 3.246569
0.505000 3.272545
0.505200 3.298945
0.505400 3.325767
0.505600 3.353004
0.505800 3.380652
0.506000 3.408706
0.506200 3.437159
0.506400 3.466004
0.506600 3.495235
0.506800 3.524844
0.507000 3.554821
0.507200 3.585160
0.507400 3.615849
0.507600 3.646880
0.507800 3.678242
0.508000 3.709924
0.508200 3.741915
0.508400 3.774202
0.508600 3.806773
0.508800 3.839614
0.509000 3.872713
0.509200 3.906054
0.509400 3.939624
0.509600 3.973407
0.509800 4.007386
0.510000 4.041547
0.510200 4.075871
0.510400 4.110343
0.510600 4.144944
0.510800 4.179655
0.511000 4.214459
0.511200 4.249336
0.511400 4.284267
0.511600 4.319231
0.511800 4.354209
0.512000 4.389179
0.512200 4.424121
0.512400 4.459013
0.512600 4.493833
0.512800 4.528559
0.513000 4.563170
0.513200 4.597641
0.513400 4.631952
0.513600 4.666077
0.513800 4.699994
0.514000 4.733680
0.514200 4.767111
0.514400 4.800262
0.514600 4.833111
0.514800 4.865634
0.515000 4.897805
0.515200 4.929602
0.515400 4.961001
0.515600 4.991976
0.515800 5.022505
0.516000 5.052564
0.516200 5.082129
0.516400 5.111175
0.516600 5.139681
0.516800 5.167623
0.517000 5.194977
0.517200 5.221721
0.517400 5.247833
0.517600 5.273291
0.517800 5.298072
0.518000 5.322156
0.518200 5.345521
0.518400 5.368147
0.518600 5.390014
0.518800 5.411102
0.519000 5.431391
0.519200 5.450865
0.519400 5.469503
0.519600 5.487290
0.519800 5.504208
0.520000 5.520240
0.520200 5.535372
0.520400 5.549589
0.520600 5.562875
0.520800 5.575218
0.521000 5.586605
0.521200 5.597024
0.521400 5.606464
0.521600 5.614914
0.521800 5.622364
0.522000 5.628806
0.522200 5.634232
0.522400 5.638634
0.522600 5.642005
0.522800 5.644342
0.523000 5.645638
0.523200 5.645890
0.523400 5.645096
0.523600 5.643252
0.523800 5.640358
0.524000 5.636414
0.524200 5.631420
0.524400 5.625378
0.524600 5.618289
0.524800 5.610158
0.525000 5.600989
0.525200 5.590785
0.525400 5.579554
0.525600 5.567302
0.525800 5.554036
0.526000 5.539764
0.526200 5.524497
0.526400 5.508243
0.526600 5.491014
0.526800 5.472821
0.527000 5.453677
0.527200 5.433594
0.527400 5.412587
0.527600 5.390669
0.527800 5.367856
0.528000 5.344165
0.528200 5.319610
0.528400 5.294210
0.528600 5.267982
0.528800 5.240945
0.529000 5.213116
0.529200 5.184517
0.529400 5.155166
0.529600 5.125084
0.529800 5.094291
0.530000 5.062810
0.530200 5.030661
0.530400 4.997867
0.530600 4.964449
0.530800 4.930431
0.531000 4.895835
0.531200 4.860685
0.531400 4.825004
0.531600 4.788816
0.531800 4.752144
0.532000 4.715012
0.532200 4.677444
0.532400 4.639464
0.532600 4.601097
0.532800 4.562367
0.533000 4.523298
0.533200 4.483913
0.533400 4.444238
0.533600 4.404296
0.533800 4.364111
0.534000 4.323706
0.534200 4.283106
0.534400 4.242334
0.534600 4.201413
0.534800 4.160366
0.535000 4.119216
0.535200 4.077986
0.535400 4.036697
0.535600 3.995371
0.535800 3.954031
0.536000 3.912696
0.536200 3.871389
0.536400 3.830129
0.536600 3.788937
0.536800 3.747831
0.537000 3.706833
0.537200 3.665959
0.537400 3.625228
0.537600 3.584659
0.537800 3.544269
0.538000 3.504073
0.538200 3.464090
0.538400 3.424334
0.538600 3.384821
0.538800 3.345566
0.539000 3.306583
0.539200 3.267886
0.539400 3.229487
0.539600 3.191400
0.539800 3.153637
0.540000 3.116210
0.540200 3.079128
0.540400 3.042404
0.540600 3.006046
0.540800 2.970064
0.541000 2.934468
0.541200 2.899264
0.541400 2.864462
0.541600 2.830069
0.541800 2.796090
0.542000 2.762533
0.542200 2.729403
0.542400 2.696705
0.542600 2.664445
0.542800 2.632625
0.543000 2.601250
0.543200 2.570324
0.543400 2.539848
0.543600 2.509826
0.543800 2.480259
0.544000 2.451148
0.544200 2.422495
0.544400 2.394300
0.544600 2.366564
0.544800 2.339286
0.545000 2.312466
0.545200 2.286102
0.545400 2.260194
0.545600 2.234740
0.545800 2.209738
0.546000 2.185186
0.546200 2.161080
0.546400 2.137419
0.546600 2.114199
0.546800 2.091416
0.547000 2.069067
0.547200 2.047148
0.547400 2.025655
0.547600 2.004584
0.547800 1.983929
0.548000 1.963686
0.548200 1.943851
0.548400 1.924417
0.548600 1.905380
0.548800 1.886734
0.549000 1.868474
0.549200 1.850593
0.549400 1.833087
0.549600 1.815949
0.549800 1.799173
0.550000 1.782752
0.550200 1.766682
0.550400 1.750955
0.550600 1.735566
0.550800 1.720507
0.551000 1.705773
0.551200 1.691357
0.551400 1.677252
0.551600 1.663453
0.551800 1.649953
0.552000 1.636744
0.552200 1.623822
0.552400 1.611179
0.552600 1.598809
0.552800 1.586706
0.553000 1.574863
0.553200 1.563274
0.553400 1.551933
0.553600 1.540833
0.553800 1.529969
0.554000 1.519335
0.554200 1.508923
0.554400 1.498729
0.554600 1.488747
0.554800 1.478970
0.555000 1.469394
0.555200 1.460011
0.555400 1.450818
0.555600 1.441808
0.555800 1.432976
0.556000 1.424317
0.556200 1.415826
0.556400 1.407497
0.556600 1.399325
0.556800 1.391307
0.557000 1.383436
0.557200 1.375708
0.557400 1.368119
0.557600 1.360664
0.557800 1.353339
0.558000 1.346139
0.558200 1.339061
0.558400 1.332100
0.558600 1.325252
0.558800 1.318513
0.559000 1.311880
0.559200 1.305349
0.559400 1.298917
0.559600 1.292579
0.559800 1.286333
0.560000 1.280175
0.560200 1.274102
0.560400 1.268111
0.560600 1.262199
0.560800 1.256363
0.561000 1.250601
0.561200 1.244909
0.561400 1.239284
0.561600 1.233726
0.561800 1.228230
0.562000 1.222795
0.562200 1.217418
0.562400 1.212097
0.562600 1.206829
0.562800 1.201614
0.563000 1.196448
0.563200 1.191331
0.563400 1.186259
0.563600 1.181231
0.563800 1.176246
0.564000 1.171302
0.564200 1.166398
0.564400 1.161531
0.564600 1.156700
0.564800 1.151904
0.565000 1.147142
0.565200 1.142412
0.565400 1.137713
0.565600 1.133044
0.565800 1.128404
0.566000 1.123791
0.566200 1.119205
0.566400 1.114645
0.566600 1.110109
0.566800 1.105597
0.567000 1.101108
0.567200 1.096641
0.567400 1.092195
0.567600 1.087770
0.567800 1.083364
0.568000 1.078978
0.568200 1.074610
0.568400 1.070260
0.568600 1.065927
0.568800 1.061611
0.569000 1.057312
0.569200 1.053028
0.569400 1.048759
0.569600 1.044505
0.569800 1.040265
0.570000 1.036040
0.570200 1.031828
0.570400 1.027629
0.570600 1.023443
0.570800 1.019269
0.571000 1.015108
0.571200 1.010959
0.571400 1.006822
0.571600 1.002696
0.571800 0.998581
0.572000 0.994478
0.572200 0.990385
0.572400 0.986303
0.572600 0.982231
0.572800 0.978169
0.573000 0.974118
0.573200 0.970076
0.573400 0.966045
0.573600 0.962023
0.573800 0.958011
0.574000 0.954008
0.574200 0.950014
0.574400 0.946030
0.574600 0.942055
0.574800 0.938089
0.575000 0.934133
0.575200 0.930185
0.575400 0.926246
0.575600 0.922316
0.575800 0.918395
0.576000 0.914483
0.576200 0.910579
0.576400 0.906684
0.576600 0.902798
0.576800 0.898921
0.577000 0.895052
0.577200 0.891192
0.577400 0.887340
0.577600 0.883497
0.577800 0.879663
0.578000 0.875837
0.578200 0.872020
0.578400 0.868211
0.578600 0.864411
0.578800 0.860620
0.579000 0.856837
0.579200 0.853063
0.579400 0.849297
0.579600 0.845540
0.579800 0.841792
0.580000 0.838052
0.580200 0.834321
0.580400 0.830598
0.580600 0.826885
0.580800 0.823180
0.581000 0.819484
0.581200 0.815796
0.581400 0.812117
0.581600 0.808447
0.581800 0.804786
0.582000 0.801134
0.582200 0.797490
0.582400 0.793856
0.582600 0.790230
0.582800 0.786613
0.583000 0.783005
0.583200 0.779406
0.583400 0.775816
0.583600 0.772235
0.583800 0.768663
0.584000 0.765101
0.584200 0.761547
0.584400 0.758002
0.584600 0.754466
0.584800 0.750940
0.585000 0.747423
0.585200 0.743915
0.585400 0.740416
0.585600 0.736926
0.585800 0.733445
0.586000 0.729974
0.586200 0.726512
0.586400 0.723060
0.586600 0.719617
0.586800 0.716183
0.587000 0.712758
0.587200 0.709343
0.587400 0.705938
0.587600 0.702541
0.587800 0.699155
0.588000 0.695777
0.588200 0.692410
0.588400 0.689051
0.588600 0.685703
0.588800 0.682364
0.589000 0.679034
0.589200 0.675714
0.589400 0.672404
0.589600 0.669103
0.589800 0.665812
0.590000 0.662530
0.590200 0.659259
0.590400 0.655997
0.590600 0.652744
0.590800 0.649502
0.591000 0.646269
0.591200 0.643046
0.591400 0.639833
0.591600 0.636629
0.591800 0.633435
0.592000 0.630251
0.592200 0.627077
0.592400 0.623913
0.592600 0.620759
0.592800 0.617614
0.593000 0.614479
0.593200 0.611355
0.593400 0.608240
0.593600 0.605135
0.593800 0.602040
0.594000 0.598955
0.594200 0.595879
0.594400 0.592814
0.594600 0.589759
0.594800 0.586714
0.595000 0.583678
0.595200 0.580653
0.595400 0.577637
0.595600 0.574632
0.595800 0.571637
0.596000 0.568651
0.596200 0.565676
0.596400 0.562711
0.596600 0.559755
0.596800 0.556810
0.597000 0.553875
0.597200 0.550950
0.597400 0.548035
0.597600 0.545130
0.597800 0.542235
0.598000 0.539350
0.598200 0.536475
0.598400 0.533610
0.598600 0.530755
0.598800 0.527910
0.599000 0.525076
0.599200 0.522251
0.599400 0.519437
0.599600 0.516632
0.599800 0.513838
0.600000 0.511054
0.600200 0.508280
0.600400 0.505516
0.600600 0.502762
0.600800 0.500018
0.601000 0.497284
0.601200 0.494560
0.601400 0.491846
0.601600 0.489143
0.601800 0.486449
0.602000 0.483766
0.602200 0.481092
0.602400 0.478429
0.602600 0.475776
0.602800 0.473132
0.603000 0.470499
0.603200 0.467876
0.603400 0.465263
0.603600 0.462660
0.603800 0.460067
0.604000 0.457484
0.604200 0.454911
0.604400 0.452348
0.604600 0.449795
0.604800 0.447252
0.605000 0.444719
0.605200 0.442195
0.605400 0.439682
0.605600 0.437179
0.605800 0.434686
0.606000 0.432203
0.606200 0.429730
0.606400 0.427267
0.606600 0.424813
0.606800 0.422370
0.607000 0.419937
0.607200 0.417513
0.607400 0.415099
0.607600 0.412696
0.607800 0.410302
0.608000 0.407918
0.608200 0.405543
0.608400 0.403179
0.608600 0.400825
0.608800 0.398480
0.609000 0.396145
0.609200 0.393820
0.609400 0.391505
0.609600 0.389199
0.609800 0.386904
0.610000 0.384618
0.610200 0.382341
0.610400 0.380075
0.610600 0.377818
0.610800 0.375571
0.611000 0.373333
0.611200 0.371106
0.611400 0.368888
0.611600 0.366679
0.611800 0.364480
0.612000 0.362291
0.612200 0.360112
0.612400 0.357942
0.612600 0.355781
0.612800 0.353630
0.613000 0.351489
0.613200 0.349357
0.613400 0.347235
0.613600 0.345122
0.613800 0.343019
0.614000 0.340925
0.614200 0.338840
0.614400 0.336765
0.614600 0.334700
0.614800 0.332644
0.615000 0.330597
0.615200 0.328559
0.615400 0.326531
0.615600 0.324512
0.615800 0.322503
0.616000 0.320503
0.616200 0.318512
0.616400 0.316530
0.616600 0.314557
0.616800 0.312594
0.617000 0.310640
0.617200 0.308695
0.617400 0.306759
0.617600 0.304833
0.617800 0.302915
0.618000 0.301007
0.618200 0.299108
0.618400 0.297217
0.618600 0.295336
0.618800 0.293464
0.619000 0.291601
0.619200 0.289746
0.619400 0.287901
0.619600 0.286065
0.619800 0.284237
0.620000 0.282419
0.620200 0.280609
0.620400 0.278808
0.620600 0.277016
0.620800 0.275233
0.621000 0.273459
0.621200 0.271693
0.621400 0.269936
0.621600 0.268188
0.621800 0.266449
0.622000 0.264718
0.622200 0.262996
0.622400 0.261282
0.622600 0.259577
0.622800 0.257881
0.623000 0.256193
0.623200 0.254514
0.623400 0.252843
0.623600 0.251181
0.623800 0.249527
0.624000 0.247882
0.624200 0.246245
0.624400 0.244616
0.624600 0.242996
0.624800 0.241385
0.625000 0.239781
0.625200 0.238186
0.625400 0.236599
0.625600 0.235021
0.625800 0.233450
0.626000 0.231888
0.626200 0.230334
0.626400 0.228788
0.626600 0.227251
0.626800 0.225721
0.627000 0.224200
0.627200 0.222686
0.627400 0.221181
0.627600 0.219684
0.627800 0.218194
0.628000 0.216713
0.628200 0.215239
0.628400 0.213774
0.628600 0.212316
0.628800 0.210866
0.629000 0.209424
0.629200 0.207990
0.629400 0.206564
0.629600 0.205145
0.629800 0.203734
0.630000 0.202331
0.630200 0.200936
0.630400 0.199548
0.630600 0.198168
0.630800 0.196795
0.631000 0.195430
0.631200 0.194073
0.631400 0.192723
0.631600 0.191381
0.631800 0.190046
0.632000 0.188718
0.632200 0.187398
0.632400 0.186086
0.632600 0.184780
0.632800 0.183483
0.633000 0.182192
0.633200 0.180909
0.633400 0.179633
0.633600 0.178364
0.633800 0.177102
0.634000 0.175848
0.634200 0.174601
0.634400 0.173361
0.634600 0.172128
0.634800 0.170902
0.635000 0.169683
0.635200 0.168472
0.635400 0.167267
0.635600 0.166069
0.635800 0.164878
0.636000 0.163694
0.636200 0.162517
0.636400 0.161347
0.636600 0.160184
0.636800 0.159028
0.637000 0.157878
0.637200 0.156735
0.637400 0.155599
0.637600 0.154470
0.637800 0.153347
0.638000 0.152231
0.638200 0.151121
0.638400 0.150019
0.638600 0.148922
0.638800 0.147833
0.639000 0.146750
0.639200 0.145673
0.639400 0.144603
0.639600 0.143539
0.639800 0.142482
0.640000 0.141431
0.640200 0.140387
0.640400 0.139348
0.640600 0.138317
0.640800 0.137291
0.641000 0.136272
0.641200 0.135259
0.641400 0.134252
0.641600 0.133251
0.641800 0.132257
0.642000 0.131268
0.642200 0.130286
0.642400 0.129310
0.642600 0.128340
0.642800 0.127376
0.643000 0.126418
0.643200 0.125466
0.643400 0.124519
0.643600 0.123579
0.643800 0.122645
0.644000 0.121716
0.644200 0.120794
0.644400 0.119877
0.644600 0.118966
0.644800 0.118061
0.645000 0.117161
0.645200 0.116267
0.645400 0.115379
0.645600 0.114497
0.645800 0.113620
0.646000 0.112749
0.646200 0.111883
0.646400 0.111023
0.646600 0.110169
0.646800 0.109319
0.647000 0.108476
0.647200 0.107638
0.647400 0.106805
0.647600 0.105978
0.647800 0.105156
0.648000 0.104339
0.648200 0.103528
0.648400 0.102722
0.648600 0.101922
0.648800 0.101126
0.649000 0.100336
0.649200 0.099551
0.649400 0.098772
0.649600 0.097997
0.649800 0.097227
0.650000 0.096463
0.650200 0.095704
0.650400 0.094949
0.650600 0.094200
0.650800 0.093456
0.651000 0.092717
0.651200 0.091982
0.651400 0.091253
0.651600 0.090528
0.651800 0.089809
0.652000 0.089094
0.652200 0.088384
0.652400 0.087679
0.652600 0.086978
0.652800 0.086283
0.653000 0.085592
0.653200 0.084906
0.653400 0.084224
0.653600 0.083547
0.653800 0.082875
0.654000 0.082208
0.654200 0.081545
0.654400 0.080886
0.654600 0.080232
0.654800 0.079583
0.655000 0.078938
0.655200 0.078297
0.655400 0.077661
0.655600 0.077030
0.655800 0.076403
0.656000 0.075780
0.656200 0.075161
0.656400 0.074547
0.656600 0.073937
0.656800 0.073332
0.657000 0.072730
0.657200 0.072133
0.657400 0.071540
0.657600 0.070952
0.657800 0.070367
0.658000 0.069787
0.658200 0.069210
0.658400 0.068638
0.658600 0.068070
0.658800 0.067506
0.659000 0.066946
0.659200 0.066390
0.659400 0.065838
0.659600 0.065290
0.659800 0.064746
0.660000 0.064205
0.660200 0.063669
0.660400 0.063137
0.660600 0.062608
0.660800 0.062083
0.661000 0.061562
0.661200 0.061045
0.661400 0.060532
0.661600 0.060022
0.661800 0.059516
0.662000 0.059014
0.662200 0.058515
0.662400 0.058020
0.662600 0.057529
0.662800 0.057041
0.663000 0.056557
0.663200 0.056077
0.663400 0.055600
0.663600 0.055126
0.663800 0.054657
0.664000 0.054190
0.664200 0.053727
0.664400 0.053268
0.664600 0.052812
0.664800 0.052359
0.665000 0.051910
0.665200 0.051464
0.665400 0.051021
0.665600 0.050582
0.665800 0.050146
0.666000 0.049713
0.666200 0.049284
0.666400 0.048858
0.666600 0.048435
0.666800 0.048015
0.667000 0.047599
0.667200 0.047186
0.667400 0.046775
0.667600 0.046368
0.667800 0.045964
0.668000 0.045564
0.668200 0.045166
0.668400 0.044771
0.668600 0.044379
0.668800 0.043991
0.669000 0.043605
0.669200 0.043222
0.669400 0.042843
0.669600 0.042466
0.669800 0.042092
0.670000 0.041721
0.670200 0.041353
0.670400 0.040988
0.670600 0.040626
0.670800 0.040266
0.671000 0.039910
0.671200 0.039556
0.671400 0.039205
0.671600 0.038856
0.671800 0.038511
0.672000 0.038168
0.672200 0.037828
0.672400 0.037490
0.672600 0.037155
0.672800 0.036823
0.673000 0.036494
0.673200 0.036167
0.673400 0.035843
0.673600 0.035521
0.673800 0.035202
0.674000 0.034886
0.674200 0.034572
0.674400 0.034260
0.674600 0.033951
0.674800 0.033645
0.675000 0.033341
0.675200 0.033039
0.675400 0.032740
0.675600 0.032443
0.675800 0.032149
0.676000 0.031857
0.676200 0.031568
0.676400 0.031281
0.676600 0.030996
0.676800 0.030714
0.677000 0.030433
0.677200 0.030156
0.677400 0.029880
0.677600 0.029607
0.677800 0.029336
0.678000 0.029067
0.678200 0.028800
0.678400 0.028536
0.678600 0.028274
0.678800 0.028014
0.679000 0.027756
0.679200 0.027500
0.679400 0.027247
0.679600 0.026995
0.679800 0.026746
0.680000 0.026499
0.680200 0.026254
0.680400 0.026011
0.680600 0.025770
0.680800 0.025531
0.681000 0.025294
0.681200 0.025059
0.681400 0.024826
0.681600 0.024595
0.681800 0.024366
0.682000 0.024139
0.682200 0.023913
0.682400 0.023690
0.682600 0.023469
0.682800 0.023250
0.683000 0.023032
0.683200 0.022816
0.683400 0.022602
0.683600 0.022391
0.683800 0.022180
0.684000 0.021972
0.684200 0.021766
0.684400 0.021561
0.684600 0.021358
0.684800 0.021157
0.685000 0.020957
0.685200 0.020760
0.685400 0.020564
0.685600 0.020369
0.685800 0.020177
0.686000 0.019986
0.686200 0.019797
0.686400 0.019609
0.686600 0.019424
0.686800 0.019239
0.687000 0.019057
0.687200 0.018876
0.687400 0.018697
0.687600 0.018519
0.687800 0.018343
0.688000 0.018168
0.688200 0.017995
0.688400 0.017824
0.688600 0.017654
0.688800 0.017486
0.689000 0.017319
0.689200 0.017153
0.689400 0.016990
0.689600 0.016827
0.689800 0.016666
0.690000 0.016507
0.690200 0.016349
0.690400 0.016192
0.690600 0.016037
0.690800 0.015884
0.691000 0.015731
0.691200 0.015580
0.691400 0.015431
0.691600 0.015283
0.691800 0.015136
0.692000 0.014991
0.692200 0.014847
0.692400 0.014704
0.692600 0.014563
0.692800 0.014423
0.693000 0.014284
0.693200 0.014147
0.693400 0.014010
0.693600 0.013876
0.693800 0.013742
0.694000 0.013610
0.694200 0.013479
0.694400 0.013349
0.694600 0.013220
0.694800 0.013093
0.695000 0.012967
0.695200 0.012842
0.695400 0.012718
0.695600 0.012596
0.695800 0.012474
0.696000 0.012354
0.696200 0.012235
0.696400 0.012117
0.696600 0.012000
0.696800 0.011885
0.697000 0.011770
0.697200 0.011657
0.697400 0.011545
0.697600 0.011433
0.697800 0.011323
0.698000 0.011214
0.698200 0.011107
0.698400 0.011000
0.698600 0.010894
0.698800 0.010789
0.699000 0.010686
0.699200 0.010583
0.699400 0.010481
0.699600 0.010381
0.699800 0.010281
0.700000 0.010183
0.700200 0.010085
0.700400 0.009989
0.700600 0.009893
0.700800 0.009799
0.701000 0.009705
0.701200 0.009612
0.701400 0.009521
0.701600 0.009430
0.701800 0.009340
0.702000 0.009251
0.702200 0.009163
0.702400 0.009076
0.702600 0.008990
0.702800 0.008905
0.703000 0.008820
0.703200 0.008737
0.703400 0.008655
0.703600 0.008573
0.703800 0.008492
0.704000 0.008412
0.704200 0.008333
0.704400 0.008255
0.704600 0.008178
0.704800 0.008101
0.705000 0.008025
0.705200 0.007950
0.705400 0.007876
0.705600 0.007803
0.705800 0.007731
0.706000 0.007659
0.706200 0.007588
0.706400 0.007518
0.706600 0.007449
0.706800 0.007381
0.707000 0.007313
0.707200 0.007246
0.707400 0.007180
0.707600 0.007114
0.707800 0.007050
0.708000 0.006986
0.708200 0.006923
0.708400 0.006860
0.708600 0.006799
0.708800 0.006738
0.709000 0.006677
0.709200 0.006618
0.709400 0.006559
0.709600 0.006501
0.709800 0.006443
0.710000 0.006387
0.710200 0.006331
0.710400 0.006275
0.710600 0.006221
0.710800 0.006167
0.711000 0.006113
0.711200 0.006061
0.711400 0.006008
0.711600 0.005957
0.711800 0.005906
0.712000 0.005856
0.712200 0.005807
0.712400 0.005758
0.712600 0.005710
0.712800 0.005662
0.713000 0.005615
0.713200 0.005569
0.713400 0.005524
0.713600 0.005478
0.713800 0.005434
0.714000 0.005390
0.714200 0.005347
0.714400 0.005304
0.714600 0.005262
0.714800 0.005221
0.715000 0.005180
0.715200 0.005139
0.715400 0.005100
0.715600 0.005060
0.715800 0.005022
0.716000 0.004984
0.716200 0.004946
0.716400 0.004909
0.716600 0.004873
0.716800 0.004837
0.717000 0.004802
0.717200 0.004767
0.717400 0.004733
0.717600 0.004699
0.717800 0.004666
0.718000 0.004633
0.718200 0.004601
0.718400 0.004570
0.718600 0.004539
0.718800 0.004508
0.719000 0.004478
0.719200 0.004448
0.719400 0.004419
0.719600 0.004391
0.719800 0.004363
0.720000 0.004335
0.720200 0.004308
0.720400 0.004282
0.720600 0.004256
0.720800 0.004230
0.721000 0.004205
0.721200 0.004180
0.721400 0.004156
0.721600 0.004133
0.721800 0.004109
0.722000 0.004087
0.722200 0.004064
0.722400 0.004043
0.722600 0.004021
0.722800 0.004001
0.723000 0.003980
0.723200 0.003960
0.723400 0.003941
0.723600 0.003922
0.723800 0.003903
0.724000 0.003885
0.724200 0.003867
0.724400 0.003850
0.724600 0.003833
0.724800 0.003817
0.725000 0.003801
0.725200 0.003785
0.725400 0.003770
0.725600 0.003755
0.725800 0.003741
0.726000 0.003727
0.726200 0.003714
0.726400 0.003701
0.726600 0.003688
0.726800 0.003676
0.727000 0.003665
0.727200 0.003653
0.727400 0.003642
0.727600 0.003632
0.727800 0.003622
0.728000 0.003612
0.728200 0.003603
0.728400 0.003594
0.728600 0.003586
0.728800 0.003577
0.729000 0.003570
0.729200 0.003563
0.729400 0.003556
0.729600 0.003549
0.729800 0.003543
0.730000 0.003538
0.730200 0.003532
0.730400 0.003527
0.730600 0.003523
0.730800 0.003519
0.731000 0.003515
0.731200 0.003512
0.731400 0.003509
0.731600 0.003506
0.731800 0.003504
0.732000 0.003502
0.732200 0.003501
0.732400 0.003500
0.732600 0.003499
0.732800 0.003499
0.733000 0.003499
0.733200 0.003499
0.733400 0.003500
0.733600 0.003502
0.733800 0.003503
0.734000 0.003505
0.734200 0.003508
0.734400 0.003510
0.734600 0.003513
0.734800 0.003517
0.735000 0.003521
0.735200 0.003525
0.735400 0.003530
0.735600 0.003535
0.735800 0.003540
0.736000 0.003546
0.736200 0.003552
0.736400 0.003558
0.736600 0.003565
0.736800 0.003572
0.737000 0.003580
0.737200 0.003588
0.737400 0.003596
0.737600 0.003605
0.737800 0.003614
0.738000 0.003623
0.738200 0.003633
0.738400 0.003643
0.738600 0.003653
0.738800 0.003664
0.739000 0.003676
0.739200 0.003687
0.739400 0.003699
0.739600 0.003711
0.739800 0.003724
0.740000 0.003737
0.740200 0.003751
0.740400 0.003764
0.740600 0.003779
0.740800 0.003793
0.741000 0.003808
0.741200 0.003823
0.741400 0.003839
0.741600 0.003855
0.741800 0.003872
0.742000 0.003888
0.742200 0.003905
0.742400 0.003923
0.742600 0.003941
0.742800 0.003959
0.743000 0.003978
0.743200 0.003997
0.743400 0.004016
0.743600 0.004036
0.743800 0.004056
0.744000 0.004076
0.744200 0.004097
0.744400 0.004119
0.744600 0.004140
0.744800 0.004162
0.745000 0.004185
0.745200 0.004207
0.745400 0.004231
0.745600 0.004254
0.745800 0.004278
0.746000 0.004302
0.746200 0.004327
0.746400 0.004352
0.746600 0.004378
0.746800 0.004403
0.747000 0.004430
0.747200 0.004456
0.747400 0.004483
0.747600 0.004511
0.747800 0.004539
0.748000 0.004567
0.748200 0.004595
0.748400 0.004624
0.748600 0.004654
0.748800 0.004684
0.749000 0.004714
0.749200 0.004744
0.749400 0.004775
0.749600 0.004807
0.749800 0.004839
0.750000 0.004871
0.750200 0.004904
0.750400 0.004937
0.750600 0.004970
0.750800 0.005004
0.751000 0.005038
0.751200 0.005073
0.751400 0.005108
0.751600 0.005144
0.751800 0.005180
0.752000 0.005216
0.752200 0.005253
0.752400 0.005290
0.752600 0.005328
0.752800 0.005366
0.753000 0.005404
0.753200 0.005443
0.753400 0.005483
0.753600 0.005522
0.753800 0.005563
0.754000 0.005603
0.754200 0.005645
0.754400 0.005686
0.754600 0.005728
0.754800 0.005771
0.755000 0.005814
0.755200 0.005857
0.755400 0.005901
0.755600 0.005945
0.755800 0.005990
0.756000 0.006035
0.756200 0.006081
0.756400 0.006127
0.756600 0.006173
0.756800 0.006221
0.757000 0.006268
0.757200 0.006316
0.757400 0.006365
0.757600 0.006414
0.757800 0.006463
0.758000 0.006513
0.758200 0.006563
0.758400 0.006614
0.758600 0.006666
0.758800 0.006718
0.759000 0.006770
0.759200 0.006823
0.759400 0.006876
0.759600 0.006930
0.759800 0.006984
0.760000 0.007039
0.760200 0.007095
0.760400 0.007151
0.760600 0.007207
0.760800 0.007264
0.761000 0.007321
0.761200 0.007379
0.761400 0.007438
0.761600 0.007497
0.761800 0.007556
0.762000 0.007617
0.762200 0.007677
0.762400 0.007738
0.762600 0.007800
0.762800 0.007862
0.763000 0.007925
0.763200 0.007989
0.763400 0.008052
0.763600 0.008117
0.763800 0.008182
0.764000 0.008247
0.764200 0.008314
0.764400 0.008380
0.764600 0.008448
0.764800 0.008515
0.765000 0.008584
0.765200 0.008653
0.765400 0.008723
0.765600 0.008793
0.765800 0.008864
0.766000 0.008935
0.766200 0.009007
0.766400 0.009079
0.766600 0.009153
0.766800 0.009226
0.767000 0.009301
0.767200 0.009376
0.767400 0.009451
0.767600 0.009528
0.767800 0.009605
0.768000 0.009682
0.768200 0.009760
0.768400 0.009839
0.768600 0.009918
0.768800 0.009998
0.769000 0.010079
0.769200 0.010160
0.769400 0.010242
0.769600 0.010325
0.769800 0.010408
0.770000 0.010492
0.770200 0.010577
0.770400 0.010662
0.770600 0.010748
0.770800 0.010835
0.771000 0.010922
0.771200 0.011010
0.771400 0.011099
0.771600 0.011188
0.771800 0.011278
0.772000 0.011369
0.772200 0.011460
0.772400 0.011553
0.772600 0.011645
0.772800 0.011739
0.773000 0.011833
0.773200 0.011929
0.773400 0.012024
0.773600 0.012121
0.773800 0.012218
0.774000 0.012316
0.774200 0.012415
0.774400 0.012514
0.774600 0.012615
0.774800 0.012716
0.775000 0.012817
0.775200 0.012920
0.775400 0.013023
0.775600 0.013127
0.775800 0.013232
0.776000 0.013338
0.776200 0.013444
0.776400 0.013551
0.776600 0.013659
0.776800 0.013768
0.777000 0.013878
0.777200 0.013988
0.777400 0.014100
0.777600 0.014212
0.777800 0.014325
0.778000 0.014438
0.778200 0.014553
0.778400 0.014668
0.778600 0.014784
0.778800 0.014902
0.779000 0.015019
0.779200 0.015138
0.779400 0.015258
0.779600 0.015378
0.779800 0.015500
0.780000 0.015622
0.780200 0.015745
0.780400 0.015869
0.780600 0.015994
0.780800 0.016120
0.781000 0.016247
0.781200 0.016374
0.781400 0.016503
0.781600 0.016632
0.781800 0.016763
0.782000 0.016894
0.782200 0.017026
0.782400 0.017159
0.782600 0.017293
0.782800 0.017428
0.783000 0.017564
0.783200 0.017701
0.783400 0.017839
0.783600 0.017978
0.783800 0.018118
0.784000 0.018258
0.784200 0.018400
0.784400 0.018543
0.784600 0.018687
0.784800 0.018831
0.785000 0.018977
0.785200 0.019124
0.785400 0.019272
0.785600 0.019421
0.785800 0.019570
0.786000 0.019721
0.786200 0.019873
0.786400 0.020026
0.786600 0.020180
0.786800 0.020335
0.787000 0.020491
0.787200 0.020648
0.787400 0.020806
0.787600 0.020966
0.787800 0.021126
0.788000 0.021287
0.788200 0.021450
0.788400 0.021614
0.788600 0.021778
0.788800 0.021944
0.789000 0.022111
0.789200 0.022279
0.789400 0.022448
0.789600 0.022619
0.789800 0.022790
0.790000 0.022963
0.790200 0.023136
0.790400 0.023311
0.790600 0.023487
0.790800 0.023665
0.791000 0.023843
0.791200 0.024023
0.791400 0.024203
0.791600 0.024385
0.791800 0.024569
0.792000 0.024753
0.792200 0.024938
0.792400 0.025125
0.792600 0.025313
0.792800 0.025502
0.793000 0.025693
0.793200 0.025885
0.793400 0.026078
0.793600 0.026272
0.793800 0.026467
0.794000 0.026664
0.794200 0.026862
0.794400 0.027061
0.794600 0.027262
0.794800 0.027464
0.795000 0.027667
0.795200 0.027871
0.795400 0.028077
0.795600 0.028284
0.795800 0.028492
0.796000 0.028702
0.796200 0.028913
0.796400 0.029126
0.796600 0.029339
0.796800 0.029554
0.797000 0.029771
0.797200 0.029989
0.797400 0.030208
0.797600 0.030428
0.797800 0.030650
0.798000 0.030874
0.798200 0.031099
0.798400 0.031325
0.798600 0.031552
0.798800 0.031781
0.799000 0.032012
0.799200 0.032244
0.799400 0.032477
0.799600 0.032712
0.799800 0.032948
0.800000 0.033186
0.800200 0.033425
0.800400 0.033665
0.800600 0.033907
0.800800 0.034151
0.801000 0.034396
0.801200 0.034643
0.801400 0.034891
0.801600 0.035140
0.801800 0.035391
0.802000 0.035644
0.802200 0.035898
0.802400 0.036154
0.802600 0.036411
0.802800 0.036670
0.803000 0.036931
0.803200 0.037193
0.803400 0.037456
0.803600 0.037722
0.803800 0.037988
0.804000 0.038257
0.804200 0.038527
0.804400 0.038798
0.804600 0.039071
0.804800 0.039346
0.805000 0.039623
0.805200 0.039901
0.805400 0.040181
0.805600 0.040462
0.805800 0.040745
0.806000 0.041030
0.806200 0.041317
0.806400 0.041605
0.806600 0.041895
0.806800 0.042186
0.807000 0.042479
0.807200 0.042774
0.807400 0.043071
0.807600 0.043370
0.807800 0.043670
0.808000 0.043972
0.808200 0.044275
0.808400 0.044581
0.808600 0.044888
0.808800 0.045197
0.809000 0.045508
0.809200 0.045820
0.809400 0.046135
0.809600 0.046451
0.809800 0.046769
0.810000 0.047089
0.810200 0.047411
0.810400 0.047734
0.810600 0.048059
0.810800 0.048387
0.811000 0.048716
0.811200 0.049047
0.811400 0.049379
0.811600 0.049714
0.811800 0.050051
0.812000 0.050389
0.812200 0.050730
0.812400 0.051072
0.812600 0.051416
0.812800 0.051762
0.813000 0.052110
0.813200 0.052460
0.813400 0.052812
0.813600 0.053166
0.813800 0.053522
0.814000 0.053880
0.814200 0.054240
0.814400 0.054602
0.814600 0.054966
0.814800 0.055332
0.815000 0.055700
0.815200 0.056069
0.815400 0.056441
0.815600 0.056815
0.815800 0.057191
0.816000 0.057570
0.816200 0.057950
0.816400 0.058332
0.816600 0.058716
0.816800 0.059103
0.817000 0.059491
0.817200 0.059882
0.817400 0.060274
0.817600 0.060669
0.817800 0.061066
0.818000 0.061465
0.818200 0.061866
0.818400 0.062270
0.818600 0.062675
0.818800 0.063083
0.819000 0.063493
0.819200 0.063905
0.819400 0.064319
0.819600 0.064735
0.819800 0.065154
0.820000 0.065575
0.820200 0.065998
0.820400 0.066423
0.820600 0.066850
0.820800 0.067280
0.821000 0.067712
0.821200 0.068146
0.821400 0.068583
0.821600 0.069022
0.821800 0.069463
0.822000 0.069906
0.822200 0.070352
0.822400 0.070800
0.822600 0.071250
0.822800 0.071702
0.823000 0.072157
0.823200 0.072614
0.823400 0.073074
0.823600 0.073536
0.823800 0.074000
0.824000 0.074467
0.824200 0.074936
0.824400 0.075407
0.824600 0.075881
0.824800 0.076357
0.825000 0.076836
0.825200 0.077317
0.825400 0.077800
0.825600 0.078286
0.825800 0.078775
0.826000 0.079265
0.826200 0.079759
0.826400 0.080254
0.826600 0.080752
0.826800 0.081253
0.827000 0.081756
0.827200 0.082262
0.827400 0.082770
0.827600 0.083280
0.827800 0.083793
0.828000 0.084309
0.828200 0.084827
0.828400 0.085348
0.828600 0.085871
0.828800 0.086397
0.829000 0.086925
0.829200 0.087456
0.829400 0.087990
0.829600 0.088526
0.829800 0.089064
0.830000 0.089606
0.830200 0.090150
0.830400 0.090696
0.830600 0.091245
0.830800 0.091797
0.831000 0.092351
0.831200 0.092908
0.831400 0.093468
0.831600 0.094030
0.831800 0.094595
0.832000 0.095163
0.832200 0.095733
0.832400 0.096306
0.832600 0.096882
0.832800 0.097460
0.833000 0.098041
0.833200 0.098625
0.833400 0.099212
0.833600 0.099801
0.833800 0.100393
0.834000 0.100988
0.834200 0.101585
0.834400 0.102186
0.834600 0.102789
0.834800 0.103395
0.835000 0.104003
0.835200 0.104615
0.835400 0.105229
0.835600 0.105846
0.835800 0.106466
0.836000 0.107088
0.836200 0.107714
0.836400 0.108342
0.836600 0.108973
0.836800 0.109607
0.837000 0.110244
0.837200 0.110884
0.837400 0.111526
0.837600 0.112171
0.837800 0.112820
0.838000 0.113471
0.838200 0.114125
0.838400 0.114782
0.838600 0.115442
0.838800 0.116105
0.839000 0.116770
0.839200 0.117439
0.839400 0.118110
0.839600 0.118785
0.839800 0.119462
0.840000 0.120143
0.840200 0.120826
0.840400 0.121512
0.840600 0.122202
0.840800 0.122894
0.841000 0.123589
0.841200 0.124287
0.841400 0.124989
0.841600 0.125693
0.841800 0.126400
0.842000 0.127110
0.842200 0.127823
0.842400 0.128540
0.842600 0.129259
0.842800 0.129981
0.843000 0.130707
0.843200 0.131435
0.843400 0.132167
0.843600 0.132901
0.843800 0.133639
0.844000 0.134380
0.844200 0.135123
0.844400 0.135870
0.844600 0.136620
0.844800 0.137373
0.845000 0.138130
0.845200 0.138889
0.845400 0.139651
0.845600 0.140417
0.845800 0.141185
0.846000 0.141957
0.846200 0.142732
0.846400 0.143510
0.846600 0.144291
0.846800 0.145075
0.847000 0.145863
0.847200 0.146654
0.847400 0.147447
0.847600 0.148244
0.847800 0.149044
0.848000 0.149848
0.848200 0.150654
0.848400 0.151464
0.848600 0.152277
0.848800 0.153093
0.849000 0.153912
0.849200 0.154735
0.849400 0.155561
0.849600 0.156389
0.849800 0.157222
0.850000 0.158057
0.850200 0.158896
0.850400 0.159738
0.850600 0.160583
0.850800 0.161431
0.851000 0.162283
0.851200 0.163137
0.851400 0.163996
0.851600 0.164857
0.851800 0.165722
0.852000 0.166589
0.852200 0.167461
0.852400 0.168335
0.852600 0.169213
0.852800 0.170094
0.853000 0.170978
0.853200 0.171866
0.853400 0.172757
0.853600 0.173651
0.853800 0.174548
0.854000 0.175449
0.854200 0.176353
0.854400 0.177261
0.854600 0.178172
0.854800 0.179086
0.855000 0.180003
0.855200 0.180924
0.855400 0.181848
0.855600 0.182775
0.855800 0.183706
0.856000 0.184640
0.856200 0.185577
0.856400 0.186518
0.856600 0.187462
0.856800 0.188410
0.857000 0.189360
0.857200 0.190315
0.857400 0.191272
0.857600 0.192233
0.857800 0.193197
0.858000 0.194165
0.858200 0.195136
0.858400 0.196110
0.858600 0.197088
0.858800 0.198069
0.859000 0.199053
0.859200 0.200041
0.859400 0.201032
0.859600 0.202027
0.859800 0.203025
0.860000 0.204026
0.860200 0.205031
0.860400 0.206039
0.860600 0.207051
0.860800 0.208066
0.861000 0.209084
0.861200 0.210106
0.861400 0.211131
0.861600 0.212160
0.861800 0.213192
0.862000 0.214227
0.862200 0.215266
0.862400 0.216308
0.862600 0.217354
0.862800 0.218403
0.863000 0.219456
0.863200 0.220511
0.863400 0.221571
0.863600 0.222634
0.863800 0.223700
0.864000 0.224770
0.864200 0.225843
0.864400 0.226919
0.864600 0.227999
0.864800 0.229083
0.865000 0.230170
0.865200 0.231260
0.865400 0.232354
0.865600 0.233451
0.865800 0.234552
0.866000 0.235656
0.866200 0.236764
0.866400 0.237875
0.866600 0.238990
0.866800 0.240108
0.867000 0.241230
0.867200 0.242355
0.867400 0.243484
0.867600 0.244616
0.867800 0.245752
0.868000 0.246892
0.868200 0.248035
0.868400 0.249181
0.868600 0.250331
0.868800 0.251485
0.869000 0.252642
0.869200 0.253803
0.869400 0.254968
0.869600 0.256136
0.869800 0.257308
0.870000 0.258484
0.870200 0.259663
0.870400 0.260846
0.870600 0.262033
0.870800 0.263224
0.871000 0.264418
0.871200 0.265616
0.871400 0.266819
0.871600 0.268024
0.871800 0.269234
0.872000 0.270448
0.872200 0.271666
0.872400 0.272888
0.872600 0.274113
0.872800 0.275343
0.873000 0.276577
0.873200 0.277816
0.873400 0.279058
0.873600 0.280305
0.873800 0.281556
0.874000 0.282811
0.874200 0.284071
0.874400 0.285336
0.874600 0.286605
0.874800 0.287878
0.875000 0.289157
0.875200 0.290440
0.875400 0.291728
0.875600 0.293021
0.875800 0.294319
0.876000 0.295622
0.876200 0.296930
0.876400 0.298244
0.876600 0.299564
0.876800 0.300888
0.877000 0.302219
0.877200 0.303556
0.877400 0.304898
0.877600 0.306246
0.877800 0.307601
0.878000 0.308962
0.878200 0.310330
0.878400 0.311705
0.878600 0.313086
0.878800 0.314475
0.879000 0.315871
0.879200 0.317275
0.879400 0.318686
0.879600 0.320105
0.879800 0.321532
0.880000 0.322968
0.880200 0.324413
0.880400 0.325867
0.880600 0.327329
0.880800 0.328802
0.881000 0.330284
0.881200 0.331777
0.881400 0.333279
0.881600 0.334793
0.881800 0.336318
0.882000 0.337855
0.882200 0.339404
0.882400 0.340965
0.882600 0.342538
0.882800 0.344125
0.883000 0.345726
0.883200 0.347341
0.883400 0.348970
0.883600 0.350615
0.883800 0.352276
0.884000 0.353952
0.884200 0.355646
0.884400 0.357356
0.884600 0.359085
0.884800 0.360833
0.885000 0.362600
0.885200 0.364386
0.885400 0.366194
0.885600 0.368023
0.885800 0.369874
0.886000 0.371748
0.886200 0.373645
0.886400 0.375567
0.886600 0.377515
0.886800 0.379489
0.887000 0.381490
0.887200 0.383519
0.887400 0.385577
0.887600 0.387665
0.887800 0.389784
0.888000 0.391936
0.888200 0.394120
0.888400 0.396339
0.888600 0.398594
0.888800 0.400885
0.889000 0.403213
0.889200 0.405581
0.889400 0.407989
0.889600 0.410439
0.889800 0.412932
0.890000 0.415469
0.890200 0.418051
0.890400 0.420681
0.890600 0.423360
0.890800 0.426088
0.891000 0.428868
0.891200 0.431702
0.891400 0.434590
0.891600 0.437534
0.891800 0.440537
0.892000 0.443599
0.892200 0.446723
0.892400 0.449910
0.892600 0.453162
0.892800 0.456481
0.893000 0.459869
0.893200 0.463328
0.893400 0.466858
0.893600 0.470464
0.893800 0.474145
0.894000 0.477906
0.894200 0.481746
0.894400 0.485669
0.894600 0.489677
0.894800 0.493771
0.895000 0.497955
0.895200 0.502229
0.895400 0.506596
0.895600 0.511059
0.895800 0.515619
0.896000 0.520279
0.896200 0.525041
0.896400 0.529907
0.896600 0.534879
0.896800 0.539961
0.897000 0.545153
0.897200 0.550459
0.897400 0.555880
0.897600 0.561420
0.897800 0.567079
0.898000 0.572861
0.898200 0.578768
0.898400 0.584801
0.898600 0.590964
0.898800 0.597259
0.899000 0.603687
0.899200 0.610252
0.899400 0.616954
0.899600 0.623797
0.899800 0.630783
0.900000 0.637913
0.900200 0.645189
0.900400 0.652615
0.900600 0.660191
0.900800 0.667920
0.901000 0.675804
0.901200 0.683844
0.901400 0.692042
0.901600 0.700401
0.901800 0.708921
0.902000 0.717605
0.902200 0.726454
0.902400 0.735469
0.902600 0.744652
0.902800 0.754004
0.903000 0.763527
0.903200 0.773222
0.903400 0.783089
0.903600 0.793130
0.903800 0.803345
0.904000 0.813736
0.904200 0.824304
0.904400 0.835047
0.904600 0.845969
0.904800 0.857067
0.905000 0.868343
0.905200 0.879798
0.905400 0.891430
0.905600 0.903239
0.905800 0.915227
0.906000 0.927391
0.906200 0.939731
0.906400 0.952248
0.906600 0.964939
0.906800 0.977804
0.907000 0.990842
0.907200 1.004052
0.907400 1.017431
0.907600 1.030979
0.907800 1.044694
0.908000 1.058573
0.908200 1.072615
0.908400 1.086817
0.908600 1.101177
0.908800 1.115692
0.909000 1.130359
0.909200 1.145177
0.909400 1.160140
0.909600 1.175246
0.909800 1.190492
0.910000 1.205874
0.910200 1.221388
0.910400 1.237030
0.910600 1.252795
0.910800 1.268680
0.911000 1.284680
0.911200 1.300790
0.911400 1.317005
0.911600 1.333321
0.911800 1.349731
0.912000 1.366230
0.912200 1.382814
0.912400 1.399475
0.912600 1.416209
0.912800 1.433009
0.913000 1.449869
0.913200 1.466782
0.913400 1.483742
0.913600 1.500742
0.913800 1.517776
0.914000 1.534837
0.914200 1.551916
0.914400 1.569008
0.914600 1.586105
0.914800 1.603199
0.915000 1.620282
0.915200 1.637348
0.915400 1.654388
0.915600 1.671394
0.915800 1.688358
0.916000 1.705273
0.916200 1.722130
0.916400 1.738921
0.916600 1.755637
0.916800 1.772271
0.917000 1.788813
0.917200 1.805256
0.917400 1.821591
0.917600 1.837809
0.917800 1.853903
0.918000 1.869863
0.918200 1.885681
0.918400 1.901348
0.918600 1.916856
0.918800 1.932197
0.919000 1.947362
0.919200 1.962343
0.919400 1.977130
0.919600 1.991717
0.919800 2.006095
0.920000 2.020255
0.920200 2.034190
0.920400 2.047892
0.920600 2.061352
0.920800 2.074563
0.921000 2.087518
0.921200 2.100208
0.921400 2.112626
0.921600 2.124766
0.921800 2.136620
0.922000 2.148181
0.922200 2.159442
0.922400 2.170397
0.922600 2.181039
0.922800 2.191363
0.923000 2.201361
0.923200 2.211029
0.923400 2.220360
0.923600 2.229349
0.923800 2.237992
0.924000 2.246282
0.924200 2.254216
0.924400 2.261788
0.924600 2.268995
0.924800 2.275833
0.925000 2.282297
0.925200 2.288385
0.925400 2.294094
0.925600 2.299419
0.925800 2.304359
0.926000 2.308911
0.926200 2.313073
0.926400 2.316843
0.926600 2.320220
0.926800 2.323202
0.927000 2.325788
0.927200 2.327978
0.927400 2.329772
0.927600 2.331168
0.927800 2.332167
0.928000 2.332770
0.928200 2.332977
0.928400 2.332790
0.928600 2.332209
0.928800 2.331237
0.929000 2.329874
0.929200 2.328124
0.929400 2.325988
0.929600 2.323470
0.929800 2.320571
0.930000 2.317296
0.930200 2.313648
0.930400 2.309631
0.930600 2.305248
0.930800 2.300504
0.931000 2.295404
0.931200 2.289951
0.931400 2.284151
0.931600 2.278010
0.931800 2.271532
0.932000 2.264723
0.932200 2.257590
0.932400 2.250137
0.932600 2.242371
0.932800 2.234300
0.933000 2.225928
0.933200 2.217263
0.933400 2.208313
0.933600 2.199083
0.933800 2.189581
0.934000 2.179815
0.934200 2.169792
0.934400 2.159520
0.934600 2.149006
0.934800 2.138258
0.935000 2.127285
0.935200 2.116093
0.935400 2.104692
0.935600 2.093090
0.935800 2.081294
0.936000 2.069314
0.936200 2.057156
0.936400 2.044831
0.936600 2.032346
0.936800 2.019709
0.937000 2.006930
0.937200 1.994016
0.937400 1.980977
0.937600 1.967819
0.937800 1.954553
0.938000 1.941186
0.938200 1.927727
0.938400 1.914184
0.938600 1.900565
0.938800 1.886878
0.939000 1.873133
0.939200 1.859336
0.939400 1.845495
0.939600 1.831620
0.939800 1.817717
0.940000 1.803794
0.940200 1.789858
0.940400 1.775919
0.940600 1.761981
0.940800 1.748054
0.941000 1.734144
0.941200 1.720259
0.941400 1.706404
0.941600 1.692587
0.941800 1.678815
0.942000 1.665093
0.942200 1.651429
0.942400 1.637828
0.942600 1.624296
0.942800 1.610839
0.943000 1.597464
0.943200 1.584174
0.943400 1.570977
0.943600 1.557876
0.943800 1.544876
0.944000 1.531984
0.944200 1.519203
0.944400 1.506537
0.944600 1.493992
0.944800 1.481570
0.945000 1.469277
0.945200 1.457116
0.945400 1.445090
0.945600 1.433203
0.945800 1.421458
0.946000 1.409858
0.946200 1.398406
0.946400 1.387105
0.946600 1.375957
0.946800 1.364964
0.947000 1.354130
0.947200 1.343455
0.947400 1.332942
0.947600 1.322592
0.947800 1.312407
0.948000 1.302389
0.948200 1.292537
0.948400 1.282855
0.948600 1.273342
0.948800 1.263999
0.949000 1.254827
0.949200 1.245826
0.949400 1.236997
0.949600 1.228340
0.949800 1.219855
0.950000 1.211542
0.950200 1.203400
0.950400 1.195430
0.950600 1.187631
0.950800 1.180002
0.951000 1.172543
0.951200 1.165253
0.951400 1.158131
0.951600 1.151177
0.951800 1.144388
0.952000 1.137765
0.952200 1.131305
0.952400 1.125008
0.952600 1.118872
0.952800 1.112895
0.953000 1.107076
0.953200 1.101414
0.953400 1.095907
0.953600 1.090552
0.953800 1.085348
0.954000 1.080294
0.954200 1.075387
0.954400 1.070625
0.954600 1.066007
0.954800 1.061530
0.955000 1.057192
0.955200 1.052992
0.955400 1.048926
0.955600 1.044993
0.955800 1.041190
0.956000 1.037515
0.956200 1.033967
0.956400 1.030542
0.956600 1.027239
0.956800 1.024054
0.957000 1.020987
0.957200 1.018034
0.957400 1.015193
0.957600 1.012462
0.957800 1.009838
0.958000 1.007320
0.958200 1.004904
0.958400 1.002589
0.958600 1.000372
0.958800 0.998250
0.959000 0.996223
0.959200 0.994287
0.959400 0.992440
0.959600 0.990679
0.959800 0.989004
0.960000 0.987410
0.960200 0.985897
0.960400 0.984462
0.960600 0.983103
0.960800 0.981818
0.961000 0.980605
0.961200 0.979461
0.961400 0.978385
0.961600 0.977375
0.961800 0.976428
0.962000 0.975543
0.962200 0.974718
0.962400 0.973951
0.962600 0.973240
0.962800 0.972583
0.963000 0.971979
0.963200 0.971425
0.963400 0.970921
0.963600 0.970464
0.963800 0.970052
0.964000 0.969685
0.964200 0.969360
0.964400 0.969076
0.964600 0.968831
0.964800 0.968625
0.965000 0.968454
0.965200 0.968319
0.965400 0.968217
0.965600 0.968148
0.965800 0.968110
0.966000 0.968101
0.966200 0.968121
0.966400 0.968168
0.966600 0.968241
0.966800 0.968338
0.967000 0.968460
0.967200 0.968604
0.967400 0.968769
0.967600 0.968956
0.967800 0.969161
0.968000 0.969385
0.968200 0.969627
0.968400 0.969885
0.968600 0.970159
0.968800 0.970448
0.969000 0.970750
0.969200 0.971066
0.969400 0.971395
0.969600 0.971735
0.969800 0.972085
0.970000 0.972446
0.970200 0.972817
0.970400 0.973196
0.970600 0.973583
0.970800 0.973978
0.971000 0.974380
0.971200 0.974788
0.971400 0.975201
0.971600 0.975620
0.971800 0.976044
0.972000 0.976472
0.972200 0.976903
0.972400 0.977338
0.972600 0.977775
0.972800 0.978214
0.973000 0.978656
0.973200 0.979099
0.973400 0.979543
0.973600 0.979987
0.973800 0.980432
0.974000 0.980877
0.974200 0.981321
0.974400 0.981765
0.974600 0.982208
0.974800 0.982650
0.975000 0.983090
0.975200 0.983528
0.975400 0.983964
0.975600 0.984397
0.975800 0.984828
0.976000 0.985256
0.976200 0.985681
0.976400 0.986103
0.976600 0.986522
0.976800 0.986936
0.977000 0.987347
0.977200 0.987754
0.977400 0.988156
0.977600 0.988554
0.977800 0.988948
0.978000 0.989337
0.978200 0.989721
0.978400 0.990100
0.978600 0.990474
0.978800 0.990843
0.979000 0.991206
0.979200 0.991564
0.979400 0.991917
0.979600 0.992263
0.979800 0.992604
0.980000 0.992939
0.980200 0.993269
0.980400 0.993592
0.980600 0.993909
0.980800 0.994220
0.981000 0.994524
0.981200 0.994823
0.981400 0.995114
0.981600 0.995400
0.981800 0.995679
0.982000 0.995951
0.982200 0.996217
0.982400 0.996475
0.982600 0.996728
0.982800 0.996973
0.983000 0.997212
0.983200 0.997443
0.983400 0.997668
0.983600 0.997886
0.983800 0.998097
0.984000 0.998301
0.984200 0.998497
0.984400 0.998687
0.984600 0.998870
0.984800 0.999045
0.985000 0.999213
0.985200 0.999374
0.985400 0.999528
0.985600 0.999675
0.985800 0.999814
0.986000 0.999946
0.986200 1.000071
0.986400 1.000189
0.986600 1.000299
0.986800 1.000402
0.987000 1.000497
0.987200 1.000585
0.987400 1.000666
0.987600 1.000739
0.987800 1.000805
0.988000 1.000864
0.988200 1.000915
0.988400 1.000959
0.988600 1.000995
0.988800 1.001024
0.989000 1.001045
0.989200 1.001059
0.989400 1.001065
0.989600 1.001064
0.989800 1.001056
0.990000 1.001040
0.990200 1.001016
0.990400 1.000985
0.990600 1.000947
0.990800 1.000901
0.991000 1.000848
0.991200 1.000787
0.991400 1.000719
0.991600 1.000643
0.991800 1.000559
0.992000 1.000469
0.992200 1.000370
0.992400 1.000265
0.992600 1.000151
0.992800 1.000031
0.993000 0.999902
0.993200 0.999767
0.993400 0.999624
0.993600 0.999473
0.993800 0.999315
0.994000 0.999149
0.994200 0.998976
0.994400 0.998796
0.994600 0.998608
0.994800 0.998413
0.995000 0.998210
0.995200 0.998000
0.995400 0.997782
0.995600 0.997557
0.995800 0.997325
0.996000 0.997085
0.996200 0.996838
0.996400 0.996583
0.996600 0.996321
0.996800 0.996052
0.997000 0.995775
0.997200 0.995491
0.997400 0.995199
0.997600 0.994900
0.997800 0.994594
0.998000 0.994281
0.998200 0.993960
0.998400 0.993632
0.998600 0.993296
0.998800 0.992954
0.999000 0.992604
0.999200 0.992246
0.999400 0.991882
0.999600 0.991510
0.999800 0.991131
