0.000000 0.179204
0.000200 0.178656
0.000400 0.178110
0.000600 0.177564
0.000800 0.177019
0.001000 0.176476
0.001200 0.175934
0.001400 0.175393
0.001600 0.174853
0.001800 0.174315
0.002000 0.173777
0.002200 0.173241
0.002400 0.172706
0.002600 0.172172
0.002800 0.171639
0.003000 0.171107
0.003200 0.170577
0.003400 0.170048
0.003600 0.169519
0.003800 0.168992
0.004000 0.168467
0.004200 0.167942
0.004400 0.167419
0.004600 0.166896
0.004800 0.166375
0.005000 0.165855
0.005200 0.165336
0.005400 0.164819
0.005600 0.164302
0.005800 0.163787
0.006000 0.163273
0.006200 0.162760
0.006400 0.162248
0.006600 0.161737
0.006800 0.161227
0.007000 0.160719
0.007200 0.160212
0.007400 0.159706
0.007600 0.159201
0.007800 0.158697
0.008000 0.158194
0.008200 0.157693
0.008400 0.157193
0.008600 0.156693
0.008800 0.156195
0.009000 0.155698
0.009200 0.155203
0.009400 0.154708
0.009600 0.154215
0.009800 0.153722
0.010000 0.153231
0.010200 0.152741
0.010400 0.152252
0.010600 0.151764
0.010800 0.151278
0.011000 0.150792
0.011200 0.150308
0.011400 0.149825
0.011600 0.149343
0.011800 0.148862
0.012000 0.148382
0.012200 0.147903
0.012400 0.147426
0.012600 0.146949
0.012800 0.146474
0.013000 0.146000
0.013200 0.145527
0.013400 0.145055
0.013600 0.144584
0.013800 0.144114
0.014000 0.143646
0.014200 0.143178
0.014400 0.142712
0.014600 0.142247
0.014800 0.141783
0.015000 0.141320
0.015200 0.140858
0.015400 0.140397
0.015600 0.139938
0.015800 0.139479
0.016000 0.139022
0.016200 0.138566
0.016400 0.138111
0.016600 0.137657
0.016800 0.137204
0.017000 0.136752
0.017200 0.136301
0.017400 0.135852
0.017600 0.135403
0.017800 0.134956
0.018000 0.134509
0.018200 0.134064
0.018400 0.133620
0.018600 0.133177
0.018800 0.132735
0.019000 0.132295
0.019200 0.131855
0.019400 0.131416
0.019600 0.130979
0.019800 0.130542
0.020000 0.130107
0.020200 0.129673
0.020400 0.129240
0.020600 0.128808
0.020800 0.128377
0.021000 0.127947
0.021200 0.127518
0.021400 0.127090
0.021600 0.126664
0.021800 0.126238
0.022000 0.125814
0.022200 0.125390
0.022400 0.124968
0.022600 0.124547
0.022800 0.124127
0.023000 0.123708
0.023200 0.123290
0.023400 0.122873
0.023600 0.122457
0.023800 0.122042
0.024000 0.121628
0.024200 0.121216
0.024400 0.120804
0.024600 0.120394
0.024800 0.119984
0.025000 0.119576
0.025200 0.119168
0.025400 0.118762
0.025600 0.118357
0.025800 0.117953
0.026000 0.117550
0.026200 0.117148
0.026400 0.116747
0.026600 0.116347
0.026800 0.115948
0.027000 0.115550
0.027200 0.115153
0.027400 0.114757
0.027600 0.114363
0.027800 0.113969
0.028000 0.113576
0.028200 0.113185
0.028400 0.112794
0.028600 0.112405
0.028800 0.112016
0.029000 0.111629
0.029200 0.111242
0.029400 0.110857
0.029600 0.110473
0.029800 0.110089
0.030000 0.109707
0.030200 0.109326
0.030400 0.108946
0.030600 0.108567
0.030800 0.108188
0.031000 0.107811
0.031200 0.107435
0.031400 0.107060
0.031600 0.106686
0.031800 0.106313
0.032000 0.105941
0.032200 0.105570
0.032400 0.105200
0.032600 0.104831
0.032800 0.104463
0.033000 0.104096
0.033200 0.103730
0.033400 0.103365
0.033600 0.103001
0.033800 0.102638
0.034000 0.102276
0.034200 0.101915
0.034400 0.101555
0.034600 0.101196
0.034800 0.100838
0.035000 0.100481
0.035200 0.100125
0.035400 0.099770
0.035600 0.099416
0.035800 0.099063
0.036000 0.098711
0.036200 0.098360
0.036400 0.098010
0.036600 0.097661
0.036800 0.097313
0.037000 0.096966
0.037200 0.096620
0.037400 0.096275
0.037600 0.095931
0.037800 0.095588
0.038000 0.095245
0.038200 0.094904
0.038400 0.094564
0.038600 0.094225
0.038800 0.093886
0.039000 0.093549
0.039200 0.093213
0.039400 0.092877
0.039600 0.092543
0.039800 0.092209
0.040000 0.091877
0.040200 0.091545
0.040400 0.091215
0.040600 0.090885
0.040800 0.090556
0.041000 0.090229
0.041200 0.089902
0.041400 0.089576
0.041600 0.089251
0.041800 0.088927
0.042000 0.088604
0.042200 0.088282
0.042400 0.087961
0.042600 0.087641
0.042800 0.087322
0.043000 0.087004
0.043200 0.086686
0.043400 0.086370
0.043600 0.086054
0.043800 0.085740
0.044000 0.085426
0.044200 0.085114
0.044400 0.084802
0.044600 0.084491
0.044800 0.084181
0.045000 0.083872
0.045200 0.083564
0.045400 0.083257
0.045600 0.082951
0.045800 0.082646
0.046000 0.082341
0.046200 0.082038
0.046400 0.081736
0.046600 0.081434
0.046800 0.081133
0.047000 0.080834
0.047200 0.080535
0.047400 0.080237
0.047600 0.079940
0.047800 0.079644
0.048000 0.079348
0.048200 0.079054
0.048400 0.078761
0.048600 0.078468
0.048800 0.078177
0.049000 0.077886
0.049200 0.077596
0.049400 0.077307
0.049600 0.077019
0.049800 0.076732
0.050000 0.076446
0.050200 0.076160
0.050400 0.075876
0.050600 0.075592
0.050800 0.075310
0.051000 0.075028
0.051200 0.074747
0.051400 0.074467
0.051600 0.074188
0.051800 0.073909
0.052000 0.073632
0.052200 0.073355
0.052400 0.073080
0.052600 0.072805
0.052800 0.072531
0.053000 0.072258
0.053200 0.071986
0.053400 0.071715
0.053600 0.071444
0.053800 0.071175
0.054000 0.070906
0.054200 0.070638
0.054400 0.070371
0.054600 0.070105
0.054800 0.069840
0.055000 0.069575
0.055200 0.069312
0.055400 0.069049
0.055600 0.068787
0.055800 0.068526
0.056000 0.068266
0.056200 0.068007
0.056400 0.067749
0.056600 0.067491
0.056800 0.067234
0.057000 0.066979
0.057200 0.066723
0.057400 0.066469
0.057600 0.066216
0.057800 0.065963
0.058000 0.065712
0.058200 0.065461
0.058400 0.065211
0.058600 0.064962
0.058800 0.064714
0.059000 0.064466
0.059200 0.064219
0.059400 0.063974
0.059600 0.063729
0.059800 0.063485
0.060000 0.063241
0.060200 0.062999
0.060400 0.062757
0.060600 0.062516
0.060800 0.062276
0.061000 0.062037
0.061200 0.061799
0.061400 0.061561
0.061600 0.061324
0.061800 0.061088
0.062000 0.060853
0.062200 0.060619
0.062400 0.060386
0.062600 0.060153
0.062800 0.059921
0.063000 0.059690
0.063200 0.059460
0.063400 0.059230
0.063600 0.059002
0.063800 0.058774
0.064000 0.058547
0.064200 0.058321
0.064400 0.058095
0.064600 0.057871
0.064800 0.057647
0.065000 0.057424
0.065200 0.057202
0.065400 0.056981
0.065600 0.056760
0.065800 0.056540
0.066000 0.056321
0.066200 0.056103
0.066400 0.055886
0.066600 0.055669
0.066800 0.055454
0.067000 0.055239
0.067200 0.055024
0.067400 0.054811
0.067600 0.054598
0.067800 0.054387
0.068000 0.054175
0.068200 0.053965
0.068400 0.053756
0.068600 0.053547
0.068800 0.053339
0.069000 0.053132
0.069200 0.052926
0.069400 0.052720
0.069600 0.052516
0.069800 0.052312
0.070000 0.052108
0.070200 0.051906
0.070400 0.051704
0.070600 0.051504
0.070800 0.051304
0.071000 0.051104
0.071200 0.050906
0.071400 0.050708
0.071600 0.050511
0.071800 0.050315
0.072000 0.050120
0.072200 0.049925
0.072400 0.049731
0.072600 0.049538
0.072800 0.049346
0.073000 0.049154
0.073200 0.048964
0.073400 0.048774
0.073600 0.048585
0.073800 0.048396
0.074000 0.048209
0.074200 0.048022
0.074400 0.047836
0.074600 0.047650
0.074800 0.047466
0.075000 0.047282
0.075200 0.047099
0.075400 0.046917
0.075600 0.046735
0.075800 0.046555
0.076000 0.046375
0.076200 0.046196
0.076400 0.046017
0.076600 0.045840
0.076800 0.045663
0.077000 0.045487
0.077200 0.045312
0.077400 0.045137
0.077600 0.044963
0.077800 0.044790
0.078000 0.044618
0.078200 0.044447
0.078400 0.044276
0.078600 0.044106
0.078800 0.043937
0.079000 0.043769
0.079200 0.043601
0.079400 0.043435
0.079600 0.043269
0.079800 0.043103
0.080000 0.042939
0.080200 0.042775
0.080400 0.042612
0.080600 0.042450
0.080800 0.042289
0.081000 0.042128
0.081200 0.041968
0.081400 0.041809
0.081600 0.041651
0.081800 0.041494
0.082000 0.041337
0.082200 0.041181
0.082400 0.041026
0.082600 0.040872
0.082800 0.040718
0.083000 0.040565
0.083200 0.040414
0.083400 0.040262
0.083600 0.040112
0.083800 0.039962
0.084000 0.039814
0.084200 0.039666
0.084400 0.039518
0.084600 0.039372
0.084800 0.039226
0.085000 0.039082
0.085200 0.038938
0.085400 0.038794
0.085600 0.038652
0.085800 0.038510
0.086000 0.038370
0.086200 0.038230
0.086400 0.038090
0.086600 0.037952
0.086800 0.037814
0.087000 0.037678
0.087200 0.037542
0.087400 0.037407
0.087600 0.037272
0.087800 0.037139
0.088000 0.037006
0.088200 0.036875
0.088400 0.036744
0.088600 0.036613
0.088800 0.036484
0.089000 0.036356
0.089200 0.036228
0.089400 0.036101
0.089600 0.035975
0.089800 0.035850
0.090000 0.035726
0.090200 0.035603
0.090400 0.035480
0.090600 0.035359
0.090800 0.035238
0.091000 0.035118
0.091200 0.034999
0.091400 0.034881
0.091600 0.034764
0.091800 0.034647
0.092000 0.034532
0.092200 0.034417
0.092400 0.034303
0.092600 0.034191
0.092800 0.034079
0.093000 0.033968
0.093200 0.033858
0.093400 0.033749
0.093600 0.033640
0.093800 0.033533
0.094000 0.033427
0.094200 0.033321
0.094400 0.033217
0.094600 0.033113
0.094800 0.033010
0.095000 0.032909
0.095200 0.032808
0.095400 0.032708
0.095600 0.032610
0.095800 0.032512
0.096000 0.032415
0.096200 0.032319
0.096400 0.032225
0.096600 0.032131
0.096800 0.032038
0.097000 0.031946
0.097200 0.031856
0.097400 0.031766
0.097600 0.031677
0.097800 0.031590
0.098000 0.031503
0.098200 0.031417
0.098400 0.031333
0.098600 0.031250
0.098800 0.031167
0.099000 0.031086
0.099200 0.031006
0.099400 0.030927
0.099600 0.030849
0.099800 0.030773
0.100000 0.030697
0.100200 0.030623
0.100400 0.030549
0.100600 0.030477
0.100800 0.030406
0.101000 0.030336
0.101200 0.030268
0.101400 0.030201
0.101600 0.030134
0.101800 0.030069
0.102000 0.030006
0.102200 0.029943
0.102400 0.029882
0.102600 0.029822
0.102800 0.029764
0.103000 0.029706
0.103200 0.029650
0.103400 0.029596
0.103600 0.029542
0.103800 0.029490
0.104000 0.029440
0.104200 0.029391
0.104400 0.029343
0.104600 0.029296
0.104800 0.029251
0.105000 0.029208
0.105200 0.029166
0.105400 0.029125
0.105600 0.029086
0.105800 0.029048
0.106000 0.029012
0.106200 0.028978
0.106400 0.028945
0.106600 0.028913
0.106800 0.028884
0.107000 0.028855
0.107200 0.028829
0.107400 0.028804
0.107600 0.028781
0.107800 0.028759
0.108000 0.028739
0.108200 0.028721
0.108400 0.028705
0.108600 0.028691
0.108800 0.028678
0.109000 0.028667
0.109200 0.028658
0.109400 0.028651
0.109600 0.028646
0.109800 0.028643
0.110000 0.028642
0.110200 0.028642
0.110400 0.028645
0.110600 0.028650
0.110800 0.028657
0.111000 0.028666
0.111200 0.028677
0.111400 0.028690
0.111600 0.028706
0.111800 0.028724
0.112000 0.028744
0.112200 0.028767
0.112400 0.028791
0.112600 0.028819
0.112800 0.028848
0.113000 0.028881
0.113200 0.028915
0.113400 0.028953
0.113600 0.028992
0.113800 0.029035
0.114000 0.029080
0.114200 0.029128
0.114400 0.029179
0.114600 0.029233
0.114800 0.029289
0.115000 0.029349
0.115200 0.029411
0.115400 0.029477
0.115600 0.029545
0.115800 0.029617
0.116000 0.029692
0.116200 0.029771
0.116400 0.029853
0.116600 0.029938
0.116800 0.030027
0.117000 0.030119
0.117200 0.030215
0.117400 0.030315
0.117600 0.030419
0.117800 0.030526
0.118000 0.030638
0.118200 0.030753
0.118400 0.030873
0.118600 0.030997
0.118800 0.031125
0.119000 0.031258
0.119200 0.031395
0.119400 0.031537
0.119600 0.031683
0.119800 0.031835
0.120000 0.031991
0.120200 0.032153
0.120400 0.032319
0.120600 0.032492
0.120800 0.032669
0.121000 0.032852
0.121200 0.033041
0.121400 0.033236
0.121600 0.033436
0.121800 0.033643
0.122000 0.033856
0.122200 0.034076
0.122400 0.034302
0.122600 0.034535
0.122800 0.034775
0.123000 0.035023
0.123200 0.035277
0.123400 0.035539
0.123600 0.035809
0.123800 0.036087
0.124000 0.036373
0.124200 0.036667
0.124400 0.036970
0.124600 0.037282
0.124800 0.037603
0.125000 0.037933
0.125200 0.038273
0.125400 0.038623
0.125600 0.038983
0.125800 0.039353
0.126000 0.039734
0.126200 0.040126
0.126400 0.040529
0.126600 0.040944
0.126800 0.041370
0.127000 0.041809
0.127200 0.042261
0.127400 0.042726
0.127600 0.043204
0.127800 0.043695
0.128000 0.044201
0.128200 0.044722
0.128400 0.045257
0.128600 0.045808
0.128800 0.046375
0.129000 0.046958
0.129200 0.047557
0.129400 0.048174
0.129600 0.048809
0.129800 0.049462
0.130000 0.050134
0.130200 0.050825
0.130400 0.051536
0.130600 0.052267
0.130800 0.053020
0.131000 0.053794
0.131200 0.054590
0.131400 0.055410
0.131600 0.056253
0.131800 0.057120
0.132000 0.058012
0.132200 0.058930
0.132400 0.059874
0.132600 0.060845
0.132800 0.061845
0.133000 0.062873
0.133200 0.063931
0.133400 0.065019
0.133600 0.066138
0.133800 0.067289
0.134000 0.068474
0.134200 0.069692
0.134400 0.070946
0.134600 0.072235
0.134800 0.073561
0.135000 0.074925
0.135200 0.076328
0.135400 0.077771
0.135600 0.079255
0.135800 0.080781
0.136000 0.082351
0.136200 0.083965
0.136400 0.085626
0.136600 0.087333
0.136800 0.089088
0.137000 0.090893
0.137200 0.092749
0.137400 0.094656
0.137600 0.096618
0.137800 0.098634
0.138000 0.100707
0.138200 0.102837
0.138400 0.105027
0.138600 0.107278
0.138800 0.109591
0.139000 0.111968
0.139200 0.114410
0.139400 0.116919
0.139600 0.119498
0.139800 0.122147
0.140000 0.124867
0.140200 0.127662
0.140400 0.130533
0.140600 0.133481
0.140800 0.136509
0.141000 0.139617
0.141200 0.142809
0.141400 0.146086
0.141600 0.149450
0.141800 0.152903
0.142000 0.156447
0.142200 0.160083
0.142400 0.163815
0.142600 0.167644
0.142800 0.171573
0.143000 0.175602
0.143200 0.179736
0.143400 0.183975
0.143600 0.188322
0.143800 0.192779
0.144000 0.197349
0.144200 0.202034
0.144400 0.206836
0.144600 0.211757
0.144800 0.216800
0.145000 0.221967
0.145200 0.227261
0.145400 0.232684
0.145600 0.238238
0.145800 0.243926
0.146000 0.249750
0.146200 0.255713
0.146400 0.261818
0.146600 0.268066
0.146800 0.274460
0.147000 0.281003
0.147200 0.287698
0.147400 0.294546
0.147600 0.301550
0.147800 0.308713
0.148000 0.316038
0.148200 0.323527
0.148400 0.331182
0.148600 0.339006
0.148800 0.347001
0.149000 0.355170
0.149200 0.363516
0.149400 0.372041
0.149600 0.380747
0.149800 0.389637
0.150000 0.398713
0.150200 0.407978
0.150400 0.417434
0.150600 0.427084
0.150800 0.436929
0.151000 0.446973
0.151200 0.457217
0.151400 0.467664
0.151600 0.478315
0.151800 0.489174
0.152000 0.500241
0.152200 0.511520
0.152400 0.523013
0.152600 0.534720
0.152800 0.546645
0.153000 0.558789
0.153200 0.571154
0.153400 0.583742
0.153600 0.596555
0.153800 0.609593
0.154000 0.622859
0.154200 0.636354
0.154400 0.650080
0.154600 0.664038
0.154800 0.678230
0.155000 0.692656
0.155200 0.707317
0.155400 0.722215
0.155600 0.737351
0.155800 0.752725
0.156000 0.768339
0.156200 0.784192
0.156400 0.800286
0.156600 0.816621
0.156800 0.833198
0.157000 0.850015
0.157200 0.867075
0.157400 0.884376
0.157600 0.901919
0.157800 0.919704
0.158000 0.937730
0.158200 0.955996
0.158400 0.974503
0.158600 0.993249
0.158800 1.012234
0.159000 1.031456
0.159200 1.050915
0.159400 1.070610
0.159600 1.090539
0.159800 1.110700
0.160000 1.131093
0.160200 1.151715
0.160400 1.172564
0.160600 1.193639
0.160800 1.214936
0.161000 1.236455
0.161200 1.258192
0.161400 1.280145
0.161600 1.302310
0.161800 1.324686
0.162000 1.347269
0.162200 1.370055
0.162400 1.393042
0.162600 1.416226
0.162800 1.439603
0.163000 1.463169
0.163200 1.486921
0.163400 1.510854
0.163600 1.534964
0.163800 1.559246
0.164000 1.583697
0.164200 1.608311
0.164400 1.633083
0.164600 1.658009
0.164800 1.683083
0.165000 1.708301
0.165200 1.733655
0.165400 1.759142
0.165600 1.784755
0.165800 1.810488
0.166000 1.836336
0.166200 1.862292
0.166400 1.888350
0.166600 1.914504
0.166800 1.940747
0.167000 1.967073
0.167200 1.993474
0.167400 2.019944
0.167600 2.046477
0.167800 2.073064
0.168000 2.099699
0.168200 2.126375
0.168400 2.153084
0.168600 2.179818
0.168800 2.206571
0.169000 2.233334
0.169200 2.260100
0.169400 2.286861
0.169600 2.313608
0.169800 2.340335
0.170000 2.367034
0.170200 2.393695
0.170400 2.420311
0.170600 2.446874
0.170800 2.473376
0.171000 2.499809
0.171200 2.526163
0.171400 2.552432
0.171600 2.578606
0.171800 2.604677
0.172000 2.630638
0.172200 2.656479
0.172400 2.682192
0.172600 2.707770
0.172800 2.733203
0.173000 2.758483
0.173200 2.783603
0.173400 2.808554
0.173600 2.833328
0.173800 2.857916
0.174000 2.882311
0.174200 2.906505
0.174400 2.930489
0.174600 2.954256
0.174800 2.977798
0.175000 3.001107
0.175200 3.024176
0.175400 3.046997
0.175600 3.069562
0.175800 3.091865
0.176000 3.113898
0.176200 3.135653
0.176400 3.157125
0.176600 3.178305
0.176800 3.199188
0.177000 3.219767
0.177200 3.240035
0.177400 3.259985
0.177600 3.279613
0.177800 3.298911
0.178000 3.317875
0.178200 3.336498
0.178400 3.354775
0.178600 3.372700
0.178800 3.390269
0.179000 3.407476
0.179200 3.424317
0.179400 3.440788
0.179600 3.456883
0.179800 3.472599
0.180000 3.487933
0.180200 3.502879
0.180400 3.517435
0.180600 3.531597
0.180800 3.545362
0.181000 3.558728
0.181200 3.571691
0.181400 3.584250
0.181600 3.596402
0.181800 3.608145
0.182000 3.619477
0.182200 3.630397
0.182400 3.640904
0.182600 3.650997
0.182800 3.660674
0.183000 3.669935
0.183200 3.678781
0.183400 3.687210
0.183600 3.695223
0.183800 3.702821
0.184000 3.710003
0.184200 3.716771
0.184400 3.723126
0.184600 3.729068
0.184800 3.734601
0.185000 3.739725
0.185200 3.744442
0.185400 3.748755
0.185600 3.752665
0.185800 3.756176
0.186000 3.759291
0.186200 3.762012
0.186400 3.764343
0.186600 3.766288
0.186800 3.767849
0.187000 3.769031
0.187200 3.769839
0.187400 3.770275
0.187600 3.770346
0.187800 3.770055
0.188000 3.769407
0.188200 3.768408
0.188400 3.767062
0.188600 3.765375
0.188800 3.763353
0.189000 3.761000
0.189200 3.758324
0.189400 3.755330
0.189600 3.752024
0.189800 3.748412
0.190000 3.744501
0.190200 3.740298
0.190400 3.735808
0.190600 3.731039
0.190800 3.725998
0.191000 3.720692
0.191200 3.715128
0.191400 3.709312
0.191600 3.703253
0.191800 3.696957
0.192000 3.690432
0.192200 3.683686
0.192400 3.676726
0.192600 3.669559
0.192800 3.662194
0.193000 3.654638
0.193200 3.646898
0.193400 3.638983
0.193600 3.630900
0.193800 3.622658
0.194000 3.614263
0.194200 3.605724
0.194400 3.597049
0.194600 3.588245
0.194800 3.579321
0.195000 3.570284
0.195200 3.561141
0.195400 3.551902
0.195600 3.542572
0.195800 3.533161
0.196000 3.523676
0.196200 3.514124
0.196400 3.504513
0.196600 3.494850
0.196800 3.485143
0.197000 3.475399
0.197200 3.465626
0.197400 3.455831
0.197600 3.446020
0.197800 3.436201
0.198000 3.426381
0.198200 3.416566
0.198400 3.406764
0.198600 3.396981
0.198800 3.387224
0.199000 3.377498
0.199200 3.367811
0.199400 3.358169
0.199600 3.348577
0.199800 3.339042
0.200000 3.329569
0.200200 3.320164
0.200400 3.310833
0.200600 3.301581
0.200800 3.292414
0.201000 3.283336
0.201200 3.274353
0.201400 3.265469
0.201600 3.256690
0.201800 3.248019
0.202000 3.239462
0.202200 3.231022
0.202400 3.222704
0.202600 3.214512
0.202800 3.206450
0.203000 3.198520
0.203200 3.190728
0.203400 3.183076
0.203600 3.175567
0.203800 3.168205
0.204000 3.160993
0.204200 3.153933
0.204400 3.147027
0.204600 3.140279
0.204800 3.133691
0.205000 3.127265
0.205200 3.121003
0.205400 3.114907
0.205600 3.108978
0.205800 3.103218
0.206000 3.097629
0.206200 3.092212
0.206400 3.086968
0.206600 3.081898
0.206800 3.077003
0.207000 3.072284
0.207200 3.067741
0.207400 3.063375
0.207600 3.059185
0.207800 3.055174
0.208000 3.051339
0.208200 3.047682
0.208400 3.044202
0.208600 3.040899
0.208800 3.037772
0.209000 3.034822
0.209200 3.032046
0.209400 3.029445
0.209600 3.027018
0.209800 3.024763
0.210000 3.022680
0.210200 3.020768
0.210400 3.019024
0.210600 3.017449
0.210800 3.016039
0.211000 3.014795
0.211200 3.013714
0.211400 3.012794
0.211600 3.012033
0.211800 3.011431
0.212000 3.010984
0.212200 3.010691
0.212400 3.010549
0.212600 3.010557
0.212800 3.010712
0.213000 3.011012
0.213200 3.011455
0.213400 3.012037
0.213600 3.012758
0.213800 3.013613
0.214000 3.014601
0.214200 3.015719
0.214400 3.016964
0.214600 3.018334
0.214800 3.019826
0.215000 3.021437
0.215200 3.023164
0.215400 3.025004
0.215600 3.026955
0.215800 3.029014
0.216000 3.031178
0.216200 3.033444
0.216400 3.035808
0.216600 3.038268
0.216800 3.040822
0.217000 3.043465
0.217200 3.046196
0.217400 3.049010
0.217600 3.051906
0.217800 3.054879
0.218000 3.057928
0.218200 3.061048
0.218400 3.064237
0.218600 3.067493
0.218800 3.070811
0.219000 3.074190
0.219200 3.077625
0.219400 3.081114
0.219600 3.084655
0.219800 3.088244
0.220000 3.091878
0.220200 3.095554
0.220400 3.099270
0.220600 3.103023
0.220800 3.106809
0.221000 3.110626
0.221200 3.114472
0.221400 3.118342
0.221600 3.122236
0.221800 3.126149
0.222000 3.130080
0.222200 3.134025
0.222400 3.137983
0.222600 3.141949
0.222800 3.145923
0.223000 3.149901
0.223200 3.153880
0.223400 3.157860
0.223600 3.161835
0.223800 3.165806
0.224000 3.169769
0.224200 3.173721
0.224400 3.177661
0.224600 3.181586
0.224800 3.185495
0.225000 3.189384
0.225200 3.193253
0.225400 3.197098
0.225600 3.200917
0.225800 3.204710
0.226000 3.208472
0.226200 3.212204
0.226400 3.215903
0.226600 3.219566
0.226800 3.223193
0.227000 3.226781
0.227200 3.230329
0.227400 3.233835
0.227600 3.237297
0.227800 3.240713
0.228000 3.244083
0.228200 3.247404
0.228400 3.250676
0.228600 3.253896
0.228800 3.257063
0.229000 3.260176
0.229200 3.263234
0.229400 3.266234
0.229600 3.269177
0.229800 3.272060
0.230000 3.274883
0.230200 3.277644
0.230400 3.280342
0.230600 3.282976
0.230800 3.285546
0.231000 3.288049
0.231200 3.290486
0.231400 3.292855
0.231600 3.295155
0.231800 3.297385
0.232000 3.299546
0.232200 3.301635
0.232400 3.303652
0.232600 3.305596
0.232800 3.307467
0.233000 3.309264
0.233200 3.310987
0.233400 3.312634
0.233600 3.314205
0.233800 3.315700
0.234000 3.317119
0.234200 3.318460
0.234400 3.319723
0.234600 3.320908
0.234800 3.322015
0.235000 3.323043
0.235200 3.323992
0.235400 3.324861
0.235600 3.325650
0.235800 3.326360
0.236000 3.326989
0.236200 3.327538
0.236400 3.328007
0.236600 3.328394
0.236800 3.328701
0.237000 3.328927
0.237200 3.329073
0.237400 3.329137
0.237600 3.329120
0.237800 3.329023
0.238000 3.328844
0.238200 3.328585
0.238400 3.328245
0.238600 3.327824
0.238800 3.327322
0.239000 3.326741
0.239200 3.326079
0.239400 3.325336
0.239600 3.324514
0.239800 3.323613
0.240000 3.322632
0.240200 3.321571
0.240400 3.320432
0.240600 3.319215
0.240800 3.317919
0.241000 3.316545
0.241200 3.315093
0.241400 3.313564
0.241600 3.311959
0.241800 3.310277
0.242000 3.308518
0.242200 3.306685
0.242400 3.304776
0.242600 3.302792
0.242800 3.300734
0.243000 3.298602
0.243200 3.296397
0.243400 3.294119
0.243600 3.291769
0.243800 3.289347
0.244000 3.286854
0.244200 3.284290
0.244400 3.281656
0.244600 3.278953
0.244800 3.276181
0.245000 3.273340
0.245200 3.270432
0.245400 3.267456
0.245600 3.264415
0.245800 3.261307
0.246000 3.258134
0.246200 3.254897
0.246400 3.251596
0.246600 3.248232
0.246800 3.244805
0.247000 3.241317
0.247200 3.237767
0.247400 3.234158
0.247600 3.230488
0.247800 3.226760
0.248000 3.222973
0.248200 3.219129
0.248400 3.215229
0.248600 3.211272
0.248800 3.207260
0.249000 3.203194
0.249200 3.199074
0.249400 3.194901
0.249600 3.190676
0.249800 3.186400
0.250000 3.182073
0.250200 3.177696
0.250400 3.173271
0.250600 3.168797
0.250800 3.164276
0.251000 3.159708
0.251200 3.155095
0.251400 3.150437
0.251600 3.145734
0.251800 3.140988
0.252000 3.136200
0.252200 3.131370
0.252400 3.126499
0.252600 3.121589
0.252800 3.116639
0.253000 3.111651
0.253200 3.106625
0.253400 3.101562
0.253600 3.096464
0.253800 3.091331
0.254000 3.086163
0.254200 3.080962
0.254400 3.075729
0.254600 3.070464
0.254800 3.065168
0.255000 3.059843
0.255200 3.054488
0.255400 3.049104
0.255600 3.043694
0.255800 3.038256
0.256000 3.032793
0.256200 3.027305
0.256400 3.021792
0.256600 3.016257
0.256800 3.010699
0.257000 3.005119
0.257200 2.999518
0.257400 2.993897
0.257600 2.988257
0.257800 2.982599
0.258000 2.976923
0.258200 2.971231
0.258400 2.965522
0.258600 2.959798
0.258800 2.954060
0.259000 2.948308
0.259200 2.942544
0.259400 2.936768
0.259600 2.930980
0.259800 2.925182
0.260000 2.919375
0.260200 2.913559
0.260400 2.907734
0.260600 2.901903
0.260800 2.896065
0.261000 2.890221
0.261200 2.884372
0.261400 2.878519
0.261600 2.872663
0.261800 2.866803
0.262000 2.860942
0.262200 2.855080
0.262400 2.849216
0.262600 2.843354
0.262800 2.837492
0.263000 2.831631
0.263200 2.825773
0.263400 2.819918
0.263600 2.814067
0.263800 2.808220
0.264000 2.802378
0.264200 2.796542
0.264400 2.790712
0.264600 2.784889
0.264800 2.779074
0.265000 2.773268
0.265200 2.767470
0.265400 2.761682
0.265600 2.755905
0.265800 2.750138
0.266000 2.744383
0.266200 2.738641
0.266400 2.732910
0.266600 2.727194
0.266800 2.721491
0.267000 2.715803
0.267200 2.710130
0.267400 2.704472
0.267600 2.698831
0.267800 2.693207
0.268000 2.687600
0.268200 2.682011
0.268400 2.676440
0.268600 2.670889
0.268800 2.665356
0.269000 2.659844
0.269200 2.654353
0.269400 2.648882
0.269600 2.643433
0.269800 2.638005
0.270000 2.632600
0.270200 2.627218
0.270400 2.621860
0.270600 2.616525
0.270800 2.611214
0.271000 2.605928
0.271200 2.600668
0.271400 2.595432
0.271600 2.590223
0.271800 2.585040
0.272000 2.579883
0.272200 2.574754
0.272400 2.569653
0.272600 2.564579
0.272800 2.559533
0.273000 2.554516
0.273200 2.549528
0.273400 2.544569
0.273600 2.539640
0.273800 2.534740
0.274000 2.529871
0.274200 2.525033
0.274400 2.520225
0.274600 2.515448
0.274800 2.510703
0.275000 2.505990
0.275200 2.501308
0.275400 2.496659
0.275600 2.492042
0.275800 2.487458
0.276000 2.482907
0.276200 2.478389
0.276400 2.473904
0.276600 2.469453
0.276800 2.465036
0.277000 2.460653
0.277200 2.456304
0.277400 2.451989
0.277600 2.447709
0.277800 2.443464
0.278000 2.439253
0.278200 2.435078
0.278400 2.430938
0.278600 2.426833
0.278800 2.422763
0.279000 2.418729
0.279200 2.414731
0.279400 2.410769
0.279600 2.406842
0.279800 2.402952
0.280000 2.399097
0.280200 2.395279
0.280400 2.391497
0.280600 2.387751
0.280800 2.384041
0.281000 2.380368
0.281200 2.376732
0.281400 2.373131
0.281600 2.369568
0.281800 2.366040
0.282000 2.362550
0.282200 2.359096
0.282400 2.355678
0.282600 2.352297
0.282800 2.348953
0.283000 2.345645
0.283200 2.342373
0.283400 2.339138
0.283600 2.335940
0.283800 2.332778
0.284000 2.329652
0.284200 2.326562
0.284400 2.323509
0.284600 2.320492
0.284800 2.317511
0.285000 2.314566
0.285200 2.311657
0.285400 2.308784
0.285600 2.305946
0.285800 2.303145
0.286000 2.300379
0.286200 2.297648
0.286400 2.294952
0.286600 2.292292
0.286800 2.289667
0.287000 2.287077
0.287200 2.284522
0.287400 2.282001
0.287600 2.279515
0.287800 2.277063
0.288000 2.274646
0.288200 2.272262
0.288400 2.269913
0.288600 2.267597
0.288800 2.265315
0.289000 2.263066
0.289200 2.260850
0.289400 2.258667
0.289600 2.256518
0.289800 2.254400
0.290000 2.252316
0.290200 2.250263
0.290400 2.248242
0.290600 2.246254
0.290800 2.244297
0.291000 2.242371
0.291200 2.240476
0.291400 2.238613
0.291600 2.236780
0.291800 2.234977
0.292000 2.233205
0.292200 2.231463
0.292400 2.229750
0.292600 2.228067
0.292800 2.226414
0.293000 2.224789
0.293200 2.223193
0.293400 2.221625
0.293600 2.220086
0.293800 2.218575
0.294000 2.217092
0.294200 2.215636
0.294400 2.214207
0.294600 2.212805
0.294800 2.211429
0.295000 2.210080
0.295200 2.208758
0.295400 2.207460
0.295600 2.206189
0.295800 2.204943
0.296000 2.203721
0.296200 2.202524
0.296400 2.201352
0.296600 2.200204
0.296800 2.199079
0.297000 2.197978
0.297200 2.196900
0.297400 2.195846
0.297600 2.194813
0.297800 2.193803
0.298000 2.192815
0.298200 2.191849
0.298400 2.190904
0.298600 2.189980
0.298800 2.189077
0.299000 2.188194
0.299200 2.187331
0.299400 2.186489
0.299600 2.185665
0.299800 2.184861
0.300000 2.184076
0.300200 2.183310
0.300400 2.182562
0.300600 2.181832
0.300800 2.181119
0.301000 2.180424
0.301200 2.179746
0.301400 2.179084
0.301600 2.178439
0.301800 2.177810
0.302000 2.177197
0.302200 2.176599
0.302400 2.176017
0.302600 2.175449
0.302800 2.174896
0.303000 2.174356
0.303200 2.173831
0.303400 2.173320
0.303600 2.172821
0.303800 2.172336
0.304000 2.171863
0.304200 2.171402
0.304400 2.170954
0.304600 2.170517
0.304800 2.170091
0.305000 2.169677
0.305200 2.169273
0.305400 2.168880
0.305600 2.168497
0.305800 2.168124
0.306000 2.167760
0.306200 2.167405
0.306400 2.167059
0.306600 2.166722
0.306800 2.166394
0.307000 2.166073
0.307200 2.165760
0.307400 2.165454
0.307600 2.165155
0.307800 2.164863
0.308000 2.164578
0.308200 2.164299
0.308400 2.164025
0.308600 2.163758
0.308800 2.163495
0.309000 2.163238
0.309200 2.162985
0.309400 2.162737
0.309600 2.162493
0.309800 2.162253
0.310000 2.162016
0.310200 2.161783
0.310400 2.161552
0.310600 2.161325
0.310800 2.161100
0.311000 2.160877
0.311200 2.160656
0.311400 2.160436
0.311600 2.160218
0.311800 2.160001
0.312000 2.159785
0.312200 2.159569
0.312400 2.159354
0.312600 2.159139
0.312800 2.158923
0.313000 2.158707
0.313200 2.158491
0.313400 2.158273
0.313600 2.158054
0.313800 2.157833
0.314000 2.157611
0.314200 2.157387
0.314400 2.157160
0.314600 2.156931
0.314800 2.156699
0.315000 2.156465
0.315200 2.156227
0.315400 2.155985
0.315600 2.155740
0.315800 2.155491
0.316000 2.155237
0.316200 2.154980
0.316400 2.154718
0.316600 2.154450
0.316800 2.154178
0.317000 2.153901
0.317200 2.153618
0.317400 2.153329
0.317600 2.153035
0.317800 2.152734
0.318000 2.152427
0.318200 2.152113
0.318400 2.151793
0.318600 2.151465
0.318800 2.151131
0.319000 2.150789
0.319200 2.150439
0.319400 2.150082
0.319600 2.149717
0.319800 2.149343
0.320000 2.148962
0.320200 2.148571
0.320400 2.148172
0.320600 2.147765
0.320800 2.147348
0.321000 2.146922
0.321200 2.146486
0.321400 2.146041
0.321600 2.145586
0.321800 2.145121
0.322000 2.144646
0.322200 2.144161
0.322400 2.143665
0.322600 2.143159
0.322800 2.142642
0.323000 2.142114
0.323200 2.141575
0.323400 2.141025
0.323600 2.140464
0.323800 2.139891
0.324000 2.139306
0.324200 2.138710
0.324400 2.138102
0.324600 2.137481
0.324800 2.136849
0.325000 2.136204
0.325200 2.135546
0.325400 2.134876
0.325600 2.134194
0.325800 2.133498
0.326000 2.132790
0.326200 2.132068
0.326400 2.131333
0.326600 2.130585
0.326800 2.129823
0.327000 2.129048
0.327200 2.128259
0.327400 2.127456
0.327600 2.126640
0.327800 2.125809
0.328000 2.124965
0.328200 2.124106
0.328400 2.123233
0.328600 2.122345
0.328800 2.121443
0.329000 2.120526
0.329200 2.119595
0.329400 2.118649
0.329600 2.117688
0.329800 2.116712
0.330000 2.115721
0.330200 2.114715
0.330400 2.113694
0.330600 2.112658
0.330800 2.111606
0.331000 2.110539
0.331200 2.109456
0.331400 2.108358
0.331600 2.107244
0.331800 2.106115
0.332000 2.104970
0.332200 2.103809
0.332400 2.102632
0.332600 2.101439
0.332800 2.100231
0.333000 2.099006
0.333200 2.097765
0.333400 2.096508
0.333600 2.095235
0.333800 2.093946
0.334000 2.092640
0.334200 2.091318
0.334400 2.089980
0.334600 2.088625
0.334800 2.087254
0.335000 2.085866
0.335200 2.084462
0.335400 2.083042
0.335600 2.081604
0.335800 2.080151
0.336000 2.078680
0.336200 2.077193
0.336400 2.075689
0.336600 2.074169
0.336800 2.072631
0.337000 2.071077
0.337200 2.069507
0.337400 2.067919
0.337600 2.066315
0.337800 2.064694
0.338000 2.063056
0.338200 2.061401
0.338400 2.059729
0.338600 2.058041
0.338800 2.056336
0.339000 2.054613
0.339200 2.052874
0.339400 2.051118
0.339600 2.049346
0.339800 2.047556
0.340000 2.045749
0.340200 2.043926
0.340400 2.042086
0.340600 2.040229
0.340800 2.038355
0.341000 2.036464
0.341200 2.034557
0.341400 2.032633
0.341600 2.030692
0.341800 2.028734
0.342000 2.026759
0.342200 2.024768
0.342400 2.022760
0.342600 2.020735
0.342800 2.018694
0.343000 2.016636
0.343200 2.014562
0.343400 2.012471
0.343600 2.010363
0.343800 2.008239
0.344000 2.006098
0.344200 2.003941
0.344400 2.001767
0.344600 1.999577
0.344800 1.997371
0.345000 1.995148
0.345200 1.992909
0.345400 1.990654
0.345600 1.988383
0.345800 1.986095
0.346000 1.983791
0.346200 1.981472
0.346400 1.979136
0.346600 1.976784
0.346800 1.974416
0.347000 1.972033
0.347200 1.969633
0.347400 1.967218
0.347600 1.964787
0.347800 1.962341
0.348000 1.959879
0.348200 1.957401
0.348400 1.954907
0.348600 1.952399
0.348800 1.949875
0.349000 1.947335
0.349200 1.944780
0.349400 1.942211
0.349600 1.939626
0.349800 1.937025
0.350000 1.934410
0.350200 1.931780
0.350400 1.929135
0.350600 1.926475
0.350800 1.923801
0.351000 1.921112
0.351200 1.918408
0.351400 1.915690
0.351600 1.912957
0.351800 1.910210
0.352000 1.907448
0.352200 1.904673
0.352400 1.901883
0.352600 1.899079
0.352800 1.896261
0.353000 1.893430
0.353200 1.890584
0.353400 1.887725
0.353600 1.884852
0.353800 1.881965
0.354000 1.879065
0.354200 1.876152
0.354400 1.873225
0.354600 1.870285
0.354800 1.867332
0.355000 1.864366
0.355200 1.861387
0.355400 1.858395
0.355600 1.855390
0.355800 1.852373
0.356000 1.849343
0.356200 1.846300
0.356400 1.843245
0.356600 1.840178
0.356800 1.837099
0.357000 1.834008
0.357200 1.830904
0.357400 1.827789
0.357600 1.824662
0.357800 1.821523
0.358000 1.818373
0.358200 1.815211
0.358400 1.812037
0.358600 1.808853
0.358800 1.805657
0.359000 1.802451
0.359200 1.799233
0.359400 1.796004
0.359600 1.792765
0.359800 1.789515
0.360000 1.786255
0.360200 1.782984
0.360400 1.779703
0.360600 1.776412
0.360800 1.773110
0.361000 1.769799
0.361200 1.766478
0.361400 1.763147
0.361600 1.759807
0.361800 1.756457
0.362000 1.753098
0.362200 1.749730
0.362400 1.746352
0.362600 1.742966
0.362800 1.739571
0.363000 1.736167
0.363200 1.732754
0.363400 1.729333
0.363600 1.725903
0.363800 1.722466
0.364000 1.719020
0.364200 1.715566
0.364400 1.712104
0.364600 1.708635
0.364800 1.705158
0.365000 1.701674
0.365200 1.698182
0.365400 1.694683
0.365600 1.691177
0.365800 1.687664
0.366000 1.684145
0.366200 1.680618
0.366400 1.677086
0.366600 1.673546
0.366800 1.670001
0.367000 1.666449
0.367200 1.662892
0.367400 1.659329
0.367600 1.655760
0.367800 1.652185
0.368000 1.648605
0.368200 1.645020
0.368400 1.641430
0.368600 1.637835
0.368800 1.634235
0.369000 1.630630
0.369200 1.627021
0.369400 1.623408
0.369600 1.619790
0.369800 1.616168
0.370000 1.612543
0.370200 1.608913
0.370400 1.605280
0.370600 1.601643
0.370800 1.598004
0.371000 1.594361
0.371200 1.590715
0.371400 1.587066
0.371600 1.583414
0.371800 1.579760
0.372000 1.576104
0.372200 1.572445
0.372400 1.568785
0.372600 1.565122
0.372800 1.561458
0.373000 1.557792
0.373200 1.554125
0.373400 1.550456
0.373600 1.546786
0.373800 1.543116
0.374000 1.539445
0.374200 1.535773
0.374400 1.532101
0.374600 1.528428
0.374800 1.524755
0.375000 1.521083
0.375200 1.517411
0.375400 1.513739
0.375600 1.510068
0.375800 1.506397
0.376000 1.502727
0.376200 1.499059
0.376400 1.495392
0.376600 1.491726
0.376800 1.488062
0.377000 1.484400
0.377200 1.480739
0.377400 1.477081
0.377600 1.473425
0.377800 1.469772
0.378000 1.466121
0.378200 1.462474
0.378400 1.458829
0.378600 1.455187
0.378800 1.451549
0.379000 1.447915
0.379200 1.444284
0.379400 1.440657
0.379600 1.437035
0.379800 1.433416
0.380000 1.429803
0.380200 1.426193
0.380400 1.422589
0.380600 1.418990
0.380800 1.415396
0.381000 1.411807
0.381200 1.408224
0.381400 1.404647
0.381600 1.401076
0.381800 1.397511
0.382000 1.393953
0.382200 1.390401
0.382400 1.386855
0.382600 1.383317
0.382800 1.379786
0.383000 1.376262
0.383200 1.372746
0.383400 1.369237
0.383600 1.365736
0.383800 1.362244
0.384000 1.358759
0.384200 1.355283
0.384400 1.351816
0.384600 1.348358
0.384800 1.344909
0.385000 1.341469
0.385200 1.338038
0.385400 1.334617
0.385600 1.331206
0.385800 1.327805
0.386000 1.324414
0.386200 1.321034
0.386400 1.317665
0.386600 1.314306
0.386800 1.310958
0.387000 1.307621
0.387200 1.304296
0.387400 1.300983
0.387600 1.297681
0.387800 1.294392
0.388000 1.291114
0.388200 1.287849
0.388400 1.284597
0.388600 1.281358
0.388800 1.278131
0.389000 1.274918
0.389200 1.271718
0.389400 1.268532
0.389600 1.265359
0.389800 1.262201
0.390000 1.259057
0.390200 1.255927
0.390400 1.252812
0.390600 1.249712
0.390800 1.246627
0.391000 1.243557
0.391200 1.240502
0.391400 1.237463
0.391600 1.234440
0.391800 1.231433
0.392000 1.228442
0.392200 1.225467
0.392400 1.222509
0.392600 1.219568
0.392800 1.216644
0.393000 1.213737
0.393200 1.210847
0.393400 1.207975
0.393600 1.205121
0.393800 1.202285
0.394000 1.199467
0.394200 1.196667
0.394400 1.193886
0.394600 1.191124
0.394800 1.188380
0.395000 1.185656
0.395200 1.182951
0.395400 1.180266
0.395600 1.177600
0.395800 1.174954
0.396000 1.172328
0.396200 1.169723
0.396400 1.167138
0.396600 1.164573
0.396800 1.162030
0.397000 1.159507
0.397200 1.157006
0.397400 1.154525
0.397600 1.152067
0.397800 1.149630
0.398000 1.147215
0.398200 1.144823
0.398400 1.142452
0.398600 1.140104
0.398800 1.137779
0.399000 1.135476
0.399200 1.133197
0.399400 1.130940
0.399600 1.128707
0.399800 1.126497
0.400000 1.124311
0.400200 1.122149
0.400400 1.120010
0.400600 1.117896
0.400800 1.115806
0.401000 1.113741
0.401200 1.111700
0.401400 1.109684
0.401600 1.107693
0.401800 1.105727
0.402000 1.103786
0.402200 1.101870
0.402400 1.099980
0.402600 1.098116
0.402800 1.096278
0.403000 1.094465
0.403200 1.092679
0.403400 1.090919
0.403600 1.089185
0.403800 1.087478
0.404000 1.085797
0.404200 1.084143
0.404400 1.082517
0.404600 1.080917
0.404800 1.079344
0.405000 1.077799
0.405200 1.076281
0.405400 1.074790
0.405600 1.073327
0.405800 1.071892
0.406000 1.070485
0.406200 1.069106
0.406400 1.067754
0.406600 1.066431
0.406800 1.065136
0.407000 1.063870
0.407200 1.062632
0.407400 1.061423
0.407600 1.060242
0.407800 1.059090
0.408000 1.057967
0.408200 1.056873
0.408400 1.055808
0.408600 1.054771
0.408800 1.053764
0.409000 1.052787
0.409200 1.051838
0.409400 1.050919
0.409600 1.050029
0.409800 1.049169
0.410000 1.048338
0.410200 1.047537
0.410400 1.046765
0.410600 1.046023
0.410800 1.045311
0.411000 1.044629
0.411200 1.043976
0.411400 1.043353
0.411600 1.042760
0.411800 1.042197
0.412000 1.041664
0.412200 1.041161
0.412400 1.040687
0.412600 1.040244
0.412800 1.039830
0.413000 1.039447
0.413200 1.039094
0.413400 1.038770
0.413600 1.038476
0.413800 1.038213
0.414000 1.037979
0.414200 1.037775
0.414400 1.037601
0.414600 1.037457
0.414800 1.037343
0.415000 1.037259
0.415200 1.037205
0.415400 1.037180
0.415600 1.037185
0.415800 1.037219
0.416000 1.037283
0.416200 1.037377
0.416400 1.037500
0.416600 1.037653
0.416800 1.037835
0.417000 1.038046
0.417200 1.038287
0.417400 1.038557
0.417600 1.038855
0.417800 1.039183
0.418000 1.039539
0.418200 1.039925
0.418400 1.040339
0.418600 1.040781
0.418800 1.041252
0.419000 1.041752
0.419200 1.042279
0.419400 1.042835
0.419600 1.043419
0.419800 1.044030
0.420000 1.044670
0.420200 1.045336
0.420400 1.046031
0.420600 1.046752
0.420800 1.047501
0.421000 1.048277
0.421200 1.049079
0.421400 1.049909
0.421600 1.050764
0.421800 1.051646
0.422000 1.052555
0.422200 1.053489
0.422400 1.054449
0.422600 1.055434
0.422800 1.056445
0.423000 1.057482
0.423200 1.058543
0.423400 1.059629
0.423600 1.060739
0.423800 1.061874
0.424000 1.063033
0.424200 1.064216
0.424400 1.065423
0.424600 1.066653
0.424800 1.067906
0.425000 1.069183
0.425200 1.070482
0.425400 1.071803
0.425600 1.073147
0.425800 1.074513
0.426000 1.075900
0.426200 1.077309
0.426400 1.078739
0.426600 1.080190
0.426800 1.081662
0.427000 1.083154
0.427200 1.084666
0.427400 1.086197
0.427600 1.087749
0.427800 1.089319
0.428000 1.090908
0.428200 1.092516
0.428400 1.094142
0.428600 1.095786
0.428800 1.097448
0.429000 1.099127
0.429200 1.100822
0.429400 1.102535
0.429600 1.104264
0.429800 1.106009
0.430000 1.107769
0.430200 1.109545
0.430400 1.111335
0.430600 1.113141
0.430800 1.114960
0.431000 1.116793
0.431200 1.118640
0.431400 1.120500
0.431600 1.122373
0.431800 1.124258
0.432000 1.126156
0.432200 1.128064
0.432400 1.129985
0.432600 1.131916
0.432800 1.133857
0.433000 1.135809
0.433200 1.137771
0.433400 1.139742
0.433600 1.141721
0.433800 1.143710
0.434000 1.145706
0.434200 1.147710
0.434400 1.149722
0.434600 1.151740
0.434800 1.153765
0.435000 1.155796
0.435200 1.157833
0.435400 1.159875
0.435600 1.161921
0.435800 1.163973
0.436000 1.166028
0.436200 1.168086
0.436400 1.170148
0.436600 1.172213
0.436800 1.174279
0.437000 1.176348
0.437200 1.178418
0.437400 1.180489
0.437600 1.182560
0.437800 1.184632
0.438000 1.186703
0.438200 1.188773
0.438400 1.190842
0.438600 1.192909
0.438800 1.194974
0.439000 1.197037
0.439200 1.199096
0.439400 1.201152
0.439600 1.203204
0.439800 1.205251
0.440000 1.207294
0.440200 1.209331
0.440400 1.211363
0.440600 1.213388
0.440800 1.215407
0.441000 1.217418
0.441200 1.219422
0.441400 1.221418
0.441600 1.223405
0.441800 1.225383
0.442000 1.227352
0.442200 1.229311
0.442400 1.231260
0.442600 1.233198
0.442800 1.235125
0.443000 1.237040
0.443200 1.238943
0.443400 1.240833
0.443600 1.242710
0.443800 1.244574
0.444000 1.246424
0.444200 1.248259
0.444400 1.250080
0.444600 1.251886
0.444800 1.253675
0.445000 1.255449
0.445200 1.257206
0.445400 1.258946
0.445600 1.260668
0.445800 1.262373
0.446000 1.264059
0.446200 1.265726
0.446400 1.267374
0.446600 1.269003
0.446800 1.270612
0.447000 1.272200
0.447200 1.273767
0.447400 1.275313
0.447600 1.276837
0.447800 1.278339
0.448000 1.279818
0.448200 1.281275
0.448400 1.282708
0.448600 1.284117
0.448800 1.285502
0.449000 1.286863
0.449200 1.288198
0.449400 1.289509
0.449600 1.290793
0.449800 1.292052
0.450000 1.293284
0.450200 1.294489
0.450400 1.295666
0.450600 1.296816
0.450800 1.297939
0.451000 1.299032
0.451200 1.300098
0.451400 1.301134
0.451600 1.302140
0.451800 1.303117
0.452000 1.304064
0.452200 1.304980
0.452400 1.305866
0.452600 1.306720
0.452800 1.307543
0.453000 1.308335
0.453200 1.309094
0.453400 1.309821
0.453600 1.310515
0.453800 1.311177
0.454000 1.311805
0.454200 1.312399
0.454400 1.312960
0.454600 1.313486
0.454800 1.313978
0.455000 1.314436
0.455200 1.314858
0.455400 1.315245
0.455600 1.315597
0.455800 1.315913
0.456000 1.316193
0.456200 1.316437
0.456400 1.316645
0.456600 1.316816
0.456800 1.316950
0.457000 1.317046
0.457200 1.317106
0.457400 1.317128
0.457600 1.317112
0.457800 1.317059
0.458000 1.316967
0.458200 1.316837
0.458400 1.316669
0.458600 1.316462
0.458800 1.316216
0.459000 1.315931
0.459200 1.315607
0.459400 1.315244
0.459600 1.314841
0.459800 1.314399
0.460000 1.313917
0.460200 1.313396
0.460400 1.312834
0.460600 1.312233
0.460800 1.311591
0.461000 1.310909
0.461200 1.310187
0.461400 1.309425
0.461600 1.308622
0.461800 1.307778
0.462000 1.306894
0.462200 1.305969
0.462400 1.305003
0.462600 1.303997
0.462800 1.302950
0.463000 1.301862
0.463200 1.300733
0.463400 1.299563
0.463600 1.298352
0.463800 1.297101
0.464000 1.295808
0.464200 1.294475
0.464400 1.293100
0.464600 1.291685
0.464800 1.290228
0.465000 1.288731
0.465200 1.287193
0.465400 1.285615
0.465600 1.283995
0.465800 1.282335
0.466000 1.280634
0.466200 1.278893
0.466400 1.277111
0.466600 1.275289
0.466800 1.273426
0.467000 1.271524
0.467200 1.269581
0.467400 1.267598
0.467600 1.265575
0.467800 1.263512
0.468000 1.261410
0.468200 1.259268
0.468400 1.257087
0.468600 1.254866
0.468800 1.252606
0.469000 1.250307
0.469200 1.247970
0.469400 1.245594
0.469600 1.243179
0.469800 1.240726
0.470000 1.238234
0.470200 1.235705
0.470400 1.233138
0.470600 1.230533
0.470800 1.227891
0.471000 1.225212
0.471200 1.222496
0.471400 1.219743
0.471600 1.216954
0.471800 1.214128
0.472000 1.211266
0.472200 1.208368
0.472400 1.205435
0.472600 1.202467
0.472800 1.199463
0.473000 1.196425
0.473200 1.193352
0.473400 1.190244
0.473600 1.187103
0.473800 1.183928
0.474000 1.180719
0.474200 1.177478
0.474400 1.174203
0.474600 1.170896
0.474800 1.167556
0.475000 1.164185
0.475200 1.160782
0.475400 1.157347
0.475600 1.153882
0.475800 1.150385
0.476000 1.146859
0.476200 1.143302
0.476400 1.139715
0.476600 1.136099
0.476800 1.132454
0.477000 1.128781
0.477200 1.125079
0.477400 1.121348
0.477600 1.117591
0.477800 1.113805
0.478000 1.109993
0.478200 1.106154
0.478400 1.102289
0.478600 1.098398
0.478800 1.094482
0.479000 1.090541
0.479200 1.086574
0.479400 1.082584
0.479600 1.078569
0.479800 1.074531
0.480000 1.070469
0.480200 1.066385
0.480400 1.062278
0.480600 1.058149
0.480800 1.053999
0.481000 1.049827
0.481200 1.045635
0.481400 1.041422
0.481600 1.037189
0.481800 1.032936
0.482000 1.028664
0.482200 1.024373
0.482400 1.020064
0.482600 1.015737
0.482800 1.011392
0.483000 1.007030
0.483200 1.002651
0.483400 0.998256
0.483600 0.993845
0.483800 0.989418
0.484000 0.984976
0.484200 0.980520
0.484400 0.976049
0.484600 0.971565
0.484800 0.967067
0.485000 0.962556
0.485200 0.958032
0.485400 0.953496
0.485600 0.948949
0.485800 0.944390
0.486000 0.939820
0.486200 0.935240
0.486400 0.930650
0.486600 0.926050
0.486800 0.921440
0.487000 0.916823
0.487200 0.912196
0.487400 0.907562
0.487600 0.902920
0.487800 0.898271
0.488000 0.893615
0.488200 0.888953
0.488400 0.884285
0.488600 0.879612
0.488800 0.874934
0.489000 0.870251
0.489200 0.865563
0.489400 0.860872
0.489600 0.856178
0.489800 0.851480
0.490000 0.846780
0.490200 0.842078
0.490400 0.837374
0.490600 0.832668
0.490800 0.827962
0.491000 0.823255
0.491200 0.818547
0.491400 0.813840
0.491600 0.809134
0.491800 0.804428
0.492000 0.799724
0.492200 0.795022
0.492400 0.790322
0.492600 0.785624
0.492800 0.780929
0.493000 0.776238
0.493200 0.771550
0.493400 0.766866
0.493600 0.762187
0.493800 0.757512
0.494000 0.752842
0.494200 0.748178
0.494400 0.743520
0.494600 0.738868
0.494800 0.734222
0.495000 0.729584
0.495200 0.724953
0.495400 0.720329
0.495600 0.715713
0.495800 0.711106
0.496000 0.706507
0.496200 0.701917
0.496400 0.697336
0.496600 0.692765
0.496800 0.688204
0.497000 0.683653
0.497200 0.679113
0.497400 0.674583
0.497600 0.670065
0.497800 0.665558
0.498000 0.661063
0.498200 0.656580
0.498400 0.652110
0.498600 0.647652
0.498800 0.643207
0.499000 0.638776
0.499200 0.634358
0.499400 0.629954
0.499600 0.625564
0.499800 0.621188
0.500000 0.616827
0.500200 0.612481
0.500400 0.608150
0.500600 0.603834
0.500800 0.599534
0.501000 0.595250
0.501200 0.590983
0.501400 0.586731
0.501600 0.582497
0.501800 0.578279
0.502000 0.574078
0.502200 0.569895
0.502400 0.565729
0.502600 0.561581
0.502800 0.557451
0.503000 0.553339
0.503200 0.549246
0.503400 0.545171
0.503600 0.541115
0.503800 0.537079
0.504000 0.533061
0.504200 0.529063
0.504400 0.525084
0.504600 0.521125
0.504800 0.517186
0.505000 0.513267
0.505200 0.509369
0.505400 0.505491
0.505600 0.501633
0.505800 0.497797
0.506000 0.493981
0.506200 0.490186
0.506400 0.486413
0.506600 0.482661
0.506800 0.478930
0.507000 0.475221
0.507200 0.471534
0.507400 0.467869
0.507600 0.464226
0.507800 0.460605
0.508000 0.457006
0.508200 0.453429
0.508400 0.449875
0.508600 0.446344
0.508800 0.442835
0.509000 0.439349
0.509200 0.435886
0.509400 0.432446
0.509600 0.429029
0.509800 0.425635
0.510000 0.422264
0.510200 0.418917
0.510400 0.415593
0.510600 0.412292
0.510800 0.409015
0.511000 0.405761
0.511200 0.402531
0.511400 0.399325
0.511600 0.396143
0.511800 0.392984
0.512000 0.389849
0.512200 0.386738
0.512400 0.383651
0.512600 0.380587
0.512800 0.377548
0.513000 0.374533
0.513200 0.371541
0.513400 0.368574
0.513600 0.365631
0.513800 0.362712
0.514000 0.359817
0.514200 0.356946
0.514400 0.354099
0.514600 0.351276
0.514800 0.348478
0.515000 0.345703
0.515200 0.342953
0.515400 0.340227
0.515600 0.337525
0.515800 0.334847
0.516000 0.332193
0.516200 0.329563
0.516400 0.326957
0.516600 0.324375
0.516800 0.321817
0.517000 0.319283
0.517200 0.316773
0.517400 0.314287
0.517600 0.311825
0.517800 0.309386
0.518000 0.306971
0.518200 0.304580
0.518400 0.302213
0.518600 0.299869
0.518800 0.297549
0.519000 0.295253
0.519200 0.292979
0.519400 0.290730
0.519600 0.288503
0.519800 0.286300
0.520000 0.284121
0.520200 0.281964
0.520400 0.279830
0.520600 0.277720
0.520800 0.275632
0.521000 0.273568
0.521200 0.271526
0.521400 0.269507
0.521600 0.267511
0.521800 0.265537
0.522000 0.263585
0.522200 0.261657
0.522400 0.259750
0.522600 0.257866
0.522800 0.256004
0.523000 0.254163
0.523200 0.252345
0.523400 0.250549
0.523600 0.248775
0.523800 0.247022
0.524000 0.245291
0.524200 0.243581
0.524400 0.241893
0.524600 0.240226
0.524800 0.238581
0.525000 0.236956
0.525200 0.235352
0.525400 0.233770
0.525600 0.232208
0.525800 0.230666
0.526000 0.229146
0.526200 0.227646
0.526400 0.226166
0.526600 0.224706
0.526800 0.223267
0.527000 0.221847
0.527200 0.220448
0.527400 0.219068
0.527600 0.217708
0.527800 0.216367
0.528000 0.215046
0.528200 0.213744
0.528400 0.212461
0.528600 0.211198
0.528800 0.209953
0.529000 0.208728
0.529200 0.207521
0.529400 0.206332
0.529600 0.205162
0.529800 0.204011
0.530000 0.202878
0.530200 0.201762
0.530400 0.200665
0.530600 0.199586
0.530800 0.198524
0.531000 0.197480
0.531200 0.196454
0.531400 0.195445
0.531600 0.194453
0.531800 0.193478
0.532000 0.192521
0.532200 0.191580
0.532400 0.190656
0.532600 0.189748
0.532800 0.188857
0.533000 0.187983
0.533200 0.187124
0.533400 0.186282
0.533600 0.185456
0.533800 0.184645
0.534000 0.183851
0.534200 0.183072
0.534400 0.182308
0.534600 0.181560
0.534800 0.180827
0.535000 0.180109
0.535200 0.179407
0.535400 0.178719
0.535600 0.178046
0.535800 0.177387
0.536000 0.176743
0.536200 0.176113
0.536400 0.175498
0.536600 0.174896
0.536800 0.174309
0.537000 0.173736
0.537200 0.173176
0.537400 0.172630
0.537600 0.172098
0.537800 0.171578
0.538000 0.171073
0.538200 0.170580
0.538400 0.170100
0.538600 0.169633
0.538800 0.169179
0.539000 0.168738
0.539200 0.168309
0.539400 0.167893
0.539600 0.167489
0.539800 0.167097
0.540000 0.166718
0.540200 0.166350
0.540400 0.165994
0.540600 0.165650
0.540800 0.165318
0.541000 0.164997
0.541200 0.164687
0.541400 0.164389
0.541600 0.164102
0.541800 0.163826
0.542000 0.163561
0.542200 0.163307
0.542400 0.163064
0.542600 0.162831
0.542800 0.162609
0.543000 0.162397
0.543200 0.162195
0.543400 0.162004
0.543600 0.161823
0.543800 0.161652
0.544000 0.161491
0.544200 0.161339
0.544400 0.161198
0.544600 0.161065
0.544800 0.160943
0.545000 0.160829
0.545200 0.160725
0.545400 0.160631
0.545600 0.160545
0.545800 0.160468
0.546000 0.160401
0.546200 0.160342
0.546400 0.160291
0.546600 0.160250
0.546800 0.160217
0.547000 0.160192
0.547200 0.160176
0.547400 0.160168
0.547600 0.160168
0.547800 0.160176
0.548000 0.160192
0.548200 0.160216
0.548400 0.160248
0.548600 0.160288
0.548800 0.160335
0.549000 0.160390
0.549200 0.160452
0.549400 0.160522
0.549600 0.160599
0.549800 0.160683
0.550000 0.160774
0.550200 0.160872
0.550400 0.160978
0.550600 0.161090
0.550800 0.161209
0.551000 0.161335
0.551200 0.161467
0.551400 0.161607
0.551600 0.161752
0.551800 0.161904
0.552000 0.162063
0.552200 0.162227
0.552400 0.162398
0.552600 0.162576
0.552800 0.162759
0.553000 0.162948
0.553200 0.163143
0.553400 0.163344
0.553600 0.163551
0.553800 0.163764
0.554000 0.163982
0.554200 0.164206
0.554400 0.164435
0.554600 0.164670
0.554800 0.164911
0.555000 0.165156
0.555200 0.165407
0.555400 0.165664
0.555600 0.165925
0.555800 0.166192
0.556000 0.166463
0.556200 0.166740
0.556400 0.167022
0.556600 0.167308
0.556800 0.167599
0.557000 0.167895
0.557200 0.168196
0.557400 0.168502
0.557600 0.168812
0.557800 0.169126
0.558000 0.169445
0.558200 0.169769
0.558400 0.170097
0.558600 0.170429
0.558800 0.170766
0.559000 0.171107
0.559200 0.171452
0.559400 0.171801
0.559600 0.172155
0.559800 0.172512
0.560000 0.172874
0.560200 0.173239
0.560400 0.173609
0.560600 0.173982
0.560800 0.174359
0.561000 0.174740
0.561200 0.175125
0.561400 0.175513
0.561600 0.175905
0.561800 0.176301
0.562000 0.176700
0.562200 0.177103
0.562400 0.177509
0.562600 0.177919
0.562800 0.178332
0.563000 0.178749
0.563200 0.179169
0.563400 0.179592
0.563600 0.180019
0.563800 0.180449
0.564000 0.180882
0.564200 0.181319
0.564400 0.181758
0.564600 0.182201
0.564800 0.182646
0.565000 0.183095
0.565200 0.183547
0.565400 0.184002
0.565600 0.184459
0.565800 0.184920
0.566000 0.185384
0.566200 0.185850
0.566400 0.186319
0.566600 0.186791
0.566800 0.187266
0.567000 0.187744
0.567200 0.188224
0.567400 0.188707
0.567600 0.189193
0.567800 0.189682
0.568000 0.190173
0.568200 0.190666
0.568400 0.191162
0.568600 0.191661
0.568800 0.192162
0.569000 0.192666
0.569200 0.193172
0.569400 0.193681
0.569600 0.194192
0.569800 0.194706
0.570000 0.195221
0.570200 0.195740
0.570400 0.196260
0.570600 0.196783
0.570800 0.197309
0.571000 0.197836
0.571200 0.198366
0.571400 0.198898
0.571600 0.199432
0.571800 0.199968
0.572000 0.200507
0.572200 0.201048
0.572400 0.201591
0.572600 0.202136
0.572800 0.202683
0.573000 0.203232
0.573200 0.203784
0.573400 0.204337
0.573600 0.204892
0.573800 0.205450
0.574000 0.206009
0.574200 0.206571
0.574400 0.207134
0.574600 0.207700
0.574800 0.208267
0.575000 0.208837
0.575200 0.209408
0.575400 0.209981
0.575600 0.210556
0.575800 0.211133
0.576000 0.211712
0.576200 0.212292
0.576400 0.212875
0.576600 0.213459
0.576800 0.214045
0.577000 0.214633
0.577200 0.215223
0.577400 0.215814
0.577600 0.216408
0.577800 0.217003
0.578000 0.217599
0.578200 0.218198
0.578400 0.218798
0.578600 0.219400
0.578800 0.220004
0.579000 0.220609
0.579200 0.221216
0.579400 0.221825
0.579600 0.222435
0.579800 0.223047
0.580000 0.223661
0.580200 0.224276
0.580400 0.224893
0.580600 0.225511
0.580800 0.226131
0.581000 0.226753
0.581200 0.227376
0.581400 0.228001
0.581600 0.228628
0.581800 0.229256
0.582000 0.229885
0.582200 0.230516
0.582400 0.231149
0.582600 0.231783
0.582800 0.232419
0.583000 0.233056
0.583200 0.233695
0.583400 0.234335
0.583600 0.234977
0.583800 0.235620
0.584000 0.236264
0.584200 0.236911
0.584400 0.237558
0.584600 0.238207
0.584800 0.238858
0.585000 0.239510
0.585200 0.240163
0.585400 0.240818
0.585600 0.241475
0.585800 0.242132
0.586000 0.242791
0.586200 0.243452
0.586400 0.244114
0.586600 0.244777
0.586800 0.245442
0.587000 0.246108
0.587200 0.246776
0.587400 0.247445
0.587600 0.248115
0.587800 0.248787
0.588000 0.249460
0.588200 0.250134
0.588400 0.250810
0.588600 0.251487
0.588800 0.252166
0.589000 0.252846
0.589200 0.253527
0.589400 0.254209
0.589600 0.254893
0.589800 0.255578
0.590000 0.256265
0.590200 0.256953
0.590400 0.257642
0.590600 0.258332
0.590800 0.259024
0.591000 0.259717
0.591200 0.260412
0.591400 0.261107
0.591600 0.261804
0.591800 0.262502
0.592000 0.263202
0.592200 0.263903
0.592400 0.264605
0.592600 0.265308
0.592800 0.266013
0.593000 0.266719
0.593200 0.267426
0.593400 0.268134
0.593600 0.268844
0.593800 0.269555
0.594000 0.270267
0.594200 0.270980
0.594400 0.271695
0.594600 0.272411
0.594800 0.273128
0.595000 0.273847
0.595200 0.274566
0.595400 0.275287
0.595600 0.276009
0.595800 0.276732
0.596000 0.277457
0.596200 0.278183
0.596400 0.278910
0.596600 0.279638
0.596800 0.280367
0.597000 0.281098
0.597200 0.281829
0.597400 0.282562
0.597600 0.283297
0.597800 0.284032
0.598000 0.284768
0.598200 0.285506
0.598400 0.286245
0.598600 0.286985
0.598800 0.287727
0.599000 0.288469
0.599200 0.289213
0.599400 0.289958
0.599600 0.290704
0.599800 0.291451
0.600000 0.292199
0.600200 0.292948
0.600400 0.293699
0.600600 0.294451
0.600800 0.295204
0.601000 0.295958
0.601200 0.296713
0.601400 0.297470
0.601600 0.298227
0.601800 0.298986
0.602000 0.299746
0.602200 0.300507
0.602400 0.301269
0.602600 0.302032
0.602800 0.302797
0.603000 0.303562
0.603200 0.304329
0.603400 0.305097
0.603600 0.305866
0.603800 0.306636
0.604000 0.307407
0.604200 0.308179
0.604400 0.308952
0.604600 0.309727
0.604800 0.310502
0.605000 0.311279
0.605200 0.312057
0.605400 0.312836
0.605600 0.313616
0.605800 0.314397
0.606000 0.315179
0.606200 0.315962
0.606400 0.316747
0.606600 0.317532
0.606800 0.318319
0.607000 0.319106
0.607200 0.319895
0.607400 0.320685
0.607600 0.321476
0.607800 0.322267
0.608000 0.323060
0.608200 0.323855
0.608400 0.324650
0.608600 0.325446
0.608800 0.326243
0.609000 0.327041
0.609200 0.327841
0.609400 0.328641
0.609600 0.329443
0.609800 0.330245
0.610000 0.331049
0.610200 0.331853
0.610400 0.332659
0.610600 0.333466
0.610800 0.334273
0.611000 0.335082
0.611200 0.335892
0.611400 0.336703
0.611600 0.337515
0.611800 0.338327
0.612000 0.339141
0.612200 0.339956
0.612400 0.340772
0.612600 0.341589
0.612800 0.342407
0.613000 0.343226
0.613200 0.344046
0.613400 0.344867
0.613600 0.345689
0.613800 0.346512
0.614000 0.347336
0.614200 0.348161
0.614400 0.348987
0.614600 0.349814
0.614800 0.350642
0.615000 0.351471
0.615200 0.352301
0.615400 0.353131
0.615600 0.353963
0.615800 0.354796
0.616000 0.355630
0.616200 0.356465
0.616400 0.357300
0.616600 0.358137
0.616800 0.358975
0.617000 0.359813
0.617200 0.360653
0.617400 0.361494
0.617600 0.362335
0.617800 0.363177
0.618000 0.364021
0.618200 0.364865
0.618400 0.365710
0.618600 0.366557
0.618800 0.367404
0.619000 0.368252
0.619200 0.369101
0.619400 0.369951
0.619600 0.370801
0.619800 0.371653
0.620000 0.372506
0.620200 0.373359
0.620400 0.374214
0.620600 0.375069
0.620800 0.375925
0.621000 0.376783
0.621200 0.377641
0.621400 0.378500
0.621600 0.379360
0.621800 0.380220
0.622000 0.381082
0.622200 0.381945
0.622400 0.382808
0.622600 0.383672
0.622800 0.384537
0.623000 0.385404
0.623200 0.386270
0.623400 0.387138
0.623600 0.388007
0.623800 0.388876
0.624000 0.389747
0.624200 0.390618
0.624400 0.391490
0.624600 0.392363
0.624800 0.393237
0.625000 0.394111
0.625200 0.394987
0.625400 0.395863
0.625600 0.396740
0.625800 0.397618
0.626000 0.398497
0.626200 0.399376
0.626400 0.400257
0.626600 0.401138
0.626800 0.402020
0.627000 0.402903
0.627200 0.403786
0.627400 0.404671
0.627600 0.405556
0.627800 0.406442
0.628000 0.407329
0.628200 0.408217
0.628400 0.409105
0.628600 0.409994
0.628800 0.410884
0.629000 0.411775
0.629200 0.412667
0.629400 0.413559
0.629600 0.414452
0.629800 0.415346
0.630000 0.416240
0.630200 0.417136
0.630400 0.418032
0.630600 0.418928
0.630800 0.419826
0.631000 0.420724
0.631200 0.421623
0.631400 0.422523
0.631600 0.423424
0.631800 0.424325
0.632000 0.425227
0.632200 0.426130
0.632400 0.427033
0.632600 0.427937
0.632800 0.428842
0.633000 0.429748
0.633200 0.430654
0.633400 0.431561
0.633600 0.432468
0.633800 0.433377
0.634000 0.434286
0.634200 0.435195
0.634400 0.436106
0.634600 0.437017
0.634800 0.437928
0.635000 0.438841
0.635200 0.439754
0.635400 0.440668
0.635600 0.441582
0.635800 0.442497
0.636000 0.443413
0.636200 0.444329
0.636400 0.445246
0.636600 0.446163
0.636800 0.447082
0.637000 0.448001
0.637200 0.448920
0.637400 0.449840
0.637600 0.450761
0.637800 0.451682
0.638000 0.452604
0.638200 0.453527
0.638400 0.454450
0.638600 0.455374
0.638800 0.456298
0.639000 0.457223
0.639200 0.458148
0.639400 0.459074
0.639600 0.460001
0.639800 0.460928
0.640000 0.461856
0.640200 0.462785
0.640400 0.463714
0.640600 0.464643
0.640800 0.465573
0.641000 0.466504
0.641200 0.467435
0.641400 0.468367
0.641600 0.469299
0.641800 0.470231
0.642000 0.471165
0.642200 0.472099
0.642400 0.473033
0.642600 0.473968
0.642800 0.474903
0.643000 0.475839
0.643200 0.476775
0.643400 0.477712
0.643600 0.478650
0.643800 0.479587
0.644000 0.480526
0.644200 0.481465
0.644400 0.482404
0.644600 0.483344
0.644800 0.484284
0.645000 0.485225
0.645200 0.486166
0.645400 0.487107
0.645600 0.488049
0.645800 0.488992
0.646000 0.489935
0.646200 0.490878
0.646400 0.491822
0.646600 0.492766
0.646800 0.493711
0.647000 0.494656
0.647200 0.495601
0.647400 0.496547
0.647600 0.497494
0.647800 0.498440
0.648000 0.499387
0.648200 0.500335
0.648400 0.501283
0.648600 0.502231
0.648800 0.503180
0.649000 0.504129
0.649200 0.505078
0.649400 0.506028
0.649600 0.506978
0.649800 0.507928
0.650000 0.508879
0.650200 0.509830
0.650400 0.510782
0.650600 0.511733
0.650800 0.512686
0.651000 0.513638
0.651200 0.514591
0.651400 0.515544
0.651600 0.516497
0.651800 0.517451
0.652000 0.518405
0.652200 0.519359
0.652400 0.520314
0.652600 0.521269
0.652800 0.522224
0.653000 0.523180
0.653200 0.524135
0.653400 0.525091
0.653600 0.526048
0.653800 0.527004
0.654000 0.527961
0.654200 0.528918
0.654400 0.529875
0.654600 0.530833
0.654800 0.531790
0.655000 0.532748
0.655200 0.533706
0.655400 0.534665
0.655600 0.535623
0.655800 0.536582
0.656000 0.537541
0.656200 0.538501
0.656400 0.539460
0.656600 0.540420
0.656800 0.541379
0.657000 0.542339
0.657200 0.543299
0.657400 0.544260
0.657600 0.545220
0.657800 0.546181
0.658000 0.547141
0.658200 0.548102
0.658400 0.549063
0.658600 0.550025
0.658800 0.550986
0.659000 0.551947
0.659200 0.552909
0.659400 0.553871
0.659600 0.554832
0.659800 0.555794
0.660000 0.556756
0.660200 0.557718
0.660400 0.558680
0.660600 0.559643
0.660800 0.560605
0.661000 0.561567
0.661200 0.562530
0.661400 0.563492
0.661600 0.564455
0.661800 0.565418
0.662000 0.566380
0.662200 0.567343
0.662400 0.568306
0.662600 0.569269
0.662800 0.570231
0.663000 0.571194
0.663200 0.572157
0.663400 0.573120
0.663600 0.574083
0.663800 0.575046
0.664000 0.576009
0.664200 0.576971
0.664400 0.577934
0.664600 0.578897
0.664800 0.579860
0.665000 0.580823
0.665200 0.581785
0.665400 0.582748
0.665600 0.583711
0.665800 0.584673
0.666000 0.585636
0.666200 0.586598
0.666400 0.587560
0.666600 0.588523
0.666800 0.589485
0.667000 0.590447
0.667200 0.591409
0.667400 0.592371
0.667600 0.593332
0.667800 0.594294
0.668000 0.595256
0.668200 0.596217
0.668400 0.597178
0.668600 0.598140
0.668800 0.599101
0.669000 0.600061
0.669200 0.601022
0.669400 0.601983
0.669600 0.602943
0.669800 0.603903
0.670000 0.604863
0.670200 0.605823
0.670400 0.606783
0.670600 0.607742
0.670800 0.608702
0.671000 0.609661
0.671200 0.610620
0.671400 0.611578
0.671600 0.612537
0.671800 0.613495
0.672000 0.614453
0.672200 0.615411
0.672400 0.616368
0.672600 0.617326
0.672800 0.618283
0.673000 0.619239
0.673200 0.620196
0.673400 0.621152
0.673600 0.622108
0.673800 0.623064
0.674000 0.624019
0.674200 0.624974
0.674400 0.625929
0.674600 0.626883
0.674800 0.627837
0.675000 0.628791
0.675200 0.629745
0.675400 0.630698
0.675600 0.631651
0.675800 0.632603
0.676000 0.633555
0.676200 0.634507
0.676400 0.635458
0.676600 0.636409
0.676800 0.637360
0.677000 0.638310
0.677200 0.639260
0.677400 0.640210
0.677600 0.641159
0.677800 0.642108
0.678000 0.643056
0.678200 0.644004
0.678400 0.644951
0.678600 0.645898
0.678800 0.646845
0.679000 0.647791
0.679200 0.648737
0.679400 0.649682
0.679600 0.650627
0.679800 0.651571
0.680000 0.652515
0.680200 0.653459
0.680400 0.654402
0.680600 0.655344
0.680800 0.656286
0.681000 0.657228
0.681200 0.658169
0.681400 0.659109
0.681600 0.660049
0.681800 0.660989
0.682000 0.661927
0.682200 0.662866
0.682400 0.663804
0.682600 0.664741
0.682800 0.665678
0.683000 0.666614
0.683200 0.667549
0.683400 0.668485
0.683600 0.669419
0.683800 0.670353
0.684000 0.671286
0.684200 0.672219
0.684400 0.673151
0.684600 0.674082
0.684800 0.675013
0.685000 0.675944
0.685200 0.676873
0.685400 0.677802
0.685600 0.678731
0.685800 0.679658
0.686000 0.680585
0.686200 0.681512
0.686400 0.682438
0.686600 0.683363
0.686800 0.684287
0.687000 0.685211
0.687200 0.686134
0.687400 0.687056
0.687600 0.687978
0.687800 0.688899
0.688000 0.689819
0.688200 0.690739
0.688400 0.691657
0.688600 0.692575
0.688800 0.693493
0.689000 0.694409
0.689200 0.695325
0.689400 0.696240
0.689600 0.697155
0.689800 0.698068
0.690000 0.698981
0.690200 0.699893
0.690400 0.700804
0.690600 0.701715
0.690800 0.702624
0.691000 0.703533
0.691200 0.704441
0.691400 0.705349
0.691600 0.706255
0.691800 0.707161
0.692000 0.708065
0.692200 0.708969
0.692400 0.709872
0.692600 0.710774
0.692800 0.711676
0.693000 0.712576
0.693200 0.713476
0.693400 0.714375
0.693600 0.715272
0.693800 0.716169
0.694000 0.717065
0.694200 0.717961
0.694400 0.718855
0.694600 0.719748
0.694800 0.720641
0.695000 0.721532
0.695200 0.722423
0.695400 0.723312
0.695600 0.724201
0.695800 0.725089
0.696000 0.725975
0.696200 0.726861
0.696400 0.727746
0.696600 0.728630
0.696800 0.729513
0.697000 0.730395
0.697200 0.731276
0.697400 0.732156
0.697600 0.733034
0.697800 0.733912
0.698000 0.734789
0.698200 0.735665
0.698400 0.736540
0.698600 0.737414
0.698800 0.738286
0.699000 0.739158
0.699200 0.740029
0.699400 0.740898
0.699600 0.741767
0.699800 0.742634
0.700000 0.743500
0.700200 0.744366
0.700400 0.745230
0.700600 0.746093
0.700800 0.746955
0.701000 0.747816
0.701200 0.748675
0.701400 0.749534
0.701600 0.750391
0.701800 0.751248
0.702000 0.752103
0.702200 0.752957
0.702400 0.753810
0.702600 0.754662
0.702800 0.755512
0.703000 0.756361
0.703200 0.757210
0.703400 0.758057
0.703600 0.758903
0.703800 0.759747
0.704000 0.760591
0.704200 0.761433
0.704400 0.762274
0.704600 0.763114
0.704800 0.763952
0.705000 0.764790
0.705200 0.765626
0.705400 0.766460
0.705600 0.767294
0.705800 0.768126
0.706000 0.768957
0.706200 0.769787
0.706400 0.770616
0.706600 0.771443
0.706800 0.772269
0.707000 0.773094
0.707200 0.773917
0.707400 0.774739
0.707600 0.775560
0.707800 0.776379
0.708000 0.777197
0.708200 0.778014
0.708400 0.778830
0.708600 0.779644
0.708800 0.780456
0.709000 0.781268
0.709200 0.782078
0.709400 0.782887
0.709600 0.783694
0.709800 0.784500
0.710000 0.785304
0.710200 0.786107
0.710400 0.786909
0.710600 0.787710
0.710800 0.788508
0.711000 0.789306
0.711200 0.790102
0.711400 0.790897
0.711600 0.791690
0.711800 0.792482
0.712000 0.793272
0.712200 0.794061
0.712400 0.794849
0.712600 0.795635
0.712800 0.796419
0.713000 0.797202
0.713200 0.797984
0.713400 0.798764
0.713600 0.799543
0.713800 0.800320
0.714000 0.801095
0.714200 0.801869
0.714400 0.802642
0.714600 0.803413
0.714800 0.804183
0.715000 0.804951
0.715200 0.805717
0.715400 0.806482
0.715600 0.807245
0.715800 0.808007
0.716000 0.808768
0.716200 0.809526
0.716400 0.810283
0.716600 0.811039
0.716800 0.811793
0.717000 0.812545
0.717200 0.813296
0.717400 0.814045
0.717600 0.814793
0.717800 0.815539
0.718000 0.816283
0.718200 0.817026
0.718400 0.817767
0.718600 0.818507
0.718800 0.819245
0.719000 0.819981
0.719200 0.820715
0.719400 0.821448
0.719600 0.822179
0.719800 0.822909
0.720000 0.823637
0.720200 0.824363
0.720400 0.825088
0.720600 0.825811
0.720800 0.826532
0.721000 0.827251
0.721200 0.827969
0.721400 0.828685
0.721600 0.829399
0.721800 0.830112
0.722000 0.830823
0.722200 0.831532
0.722400 0.832239
0.722600 0.832945
0.722800 0.833649
0.723000 0.834351
0.723200 0.835051
0.723400 0.835750
0.723600 0.836447
0.723800 0.837142
0.724000 0.837835
0.724200 0.838526
0.724400 0.839216
0.724600 0.839904
0.724800 0.840590
0.725000 0.841274
0.725200 0.841957
0.725400 0.842637
0.725600 0.843316
0.725800 0.843993
0.726000 0.844668
0.726200 0.845342
0.726400 0.846013
0.726600 0.846683
0.726800 0.847351
0.727000 0.848016
0.727200 0.848680
0.727400 0.849343
0.727600 0.850003
0.727800 0.850661
0.728000 0.851318
0.728200 0.851972
0.728400 0.852625
0.728600 0.853276
0.728800 0.853925
0.729000 0.854572
0.729200 0.855217
0.729400 0.855860
0.729600 0.856501
0.729800 0.857140
0.730000 0.857778
0.730200 0.858413
0.730400 0.859046
0.730600 0.859678
0.730800 0.860307
0.731000 0.860935
0.731200 0.861561
0.731400 0.862184
0.731600 0.862806
0.731800 0.863426
0.732000 0.864043
0.732200 0.864659
0.732400 0.865273
0.732600 0.865884
0.732800 0.866494
0.733000 0.867101
0.733200 0.867707
0.733400 0.868311
0.733600 0.868912
0.733800 0.869512
0.734000 0.870109
0.734200 0.870705
0.734400 0.871298
0.734600 0.871890
0.734800 0.872479
0.735000 0.873066
0.735200 0.873651
0.735400 0.874234
0.735600 0.874815
0.735800 0.875394
0.736000 0.875971
0.736200 0.876546
0.736400 0.877119
0.736600 0.877689
0.736800 0.878258
0.737000 0.878824
0.737200 0.879388
0.737400 0.879950
0.737600 0.880510
0.737800 0.881068
0.738000 0.881624
0.738200 0.882178
0.738400 0.882729
0.738600 0.883279
0.738800 0.883826
0.739000 0.884371
0.739200 0.884914
0.739400 0.885454
0.739600 0.885993
0.739800 0.886529
0.740000 0.887064
0.740200 0.887596
0.740400 0.888125
0.740600 0.888653
0.740800 0.889179
0.741000 0.889702
0.741200 0.890223
0.741400 0.890742
0.741600 0.891258
0.741800 0.891773
0.742000 0.892285
0.742200 0.892795
0.742400 0.893303
0.742600 0.893808
0.742800 0.894312
0.743000 0.894813
0.743200 0.895312
0.743400 0.895808
0.743600 0.896303
0.743800 0.896795
0.744000 0.897285
0.744200 0.897772
0.744400 0.898257
0.744600 0.898740
0.744800 0.899221
0.745000 0.899700
0.745200 0.900176
0.745400 0.900650
0.745600 0.901121
0.745800 0.901591
0.746000 0.902058
0.746200 0.902523
0.746400 0.902985
0.746600 0.903445
0.746800 0.903903
0.747000 0.904358
0.747200 0.904812
0.747400 0.905263
0.747600 0.905711
0.747800 0.906157
0.748000 0.906601
0.748200 0.907043
0.748400 0.907482
0.748600 0.907919
0.748800 0.908353
0.749000 0.908785
0.749200 0.909215
0.749400 0.909642
0.749600 0.910068
0.749800 0.910490
0.750000 0.910911
0.750200 0.911328
0.750400 0.911744
0.750600 0.912157
0.750800 0.912568
0.751000 0.912976
0.751200 0.913383
0.751400 0.913786
0.751600 0.914187
0.751800 0.914586
0.752000 0.914983
0.752200 0.915377
0.752400 0.915768
0.752600 0.916157
0.752800 0.916544
0.753000 0.916929
0.753200 0.917311
0.753400 0.917690
0.753600 0.918067
0.753800 0.918442
0.754000 0.918814
0.754200 0.919184
0.754400 0.919551
0.754600 0.919916
0.754800 0.920279
0.755000 0.920639
0.755200 0.920996
0.755400 0.921351
0.755600 0.921704
0.755800 0.922054
0.756000 0.922402
0.756200 0.922747
0.756400 0.923090
0.756600 0.923430
0.756800 0.923768
0.757000 0.924103
0.757200 0.924436
0.757400 0.924766
0.757600 0.925094
0.757800 0.925419
0.758000 0.925742
0.758200 0.926063
0.758400 0.926381
0.758600 0.926696
0.758800 0.927009
0.759000 0.927319
0.759200 0.927627
0.759400 0.927932
0.759600 0.928235
0.759800 0.928536
0.760000 0.928833
0.760200 0.929129
0.760400 0.929421
0.760600 0.929712
0.760800 0.929999
0.761000 0.930284
0.761200 0.930567
0.761400 0.930847
0.761600 0.931125
0.761800 0.931400
0.762000 0.931672
0.762200 0.931942
0.762400 0.932210
0.762600 0.932474
0.762800 0.932737
0.763000 0.932996
0.763200 0.933253
0.763400 0.933508
0.763600 0.933760
0.763800 0.934010
0.764000 0.934256
0.764200 0.934501
0.764400 0.934743
0.764600 0.934982
0.764800 0.935218
0.765000 0.935452
0.765200 0.935684
0.765400 0.935913
0.765600 0.936139
0.765800 0.936363
0.766000 0.936584
0.766200 0.936803
0.766400 0.937019
0.766600 0.937232
0.766800 0.937443
0.767000 0.937651
0.767200 0.937857
0.767400 0.938060
0.767600 0.938260
0.767800 0.938458
0.768000 0.938653
0.768200 0.938845
0.768400 0.939035
0.768600 0.939223
0.768800 0.939408
0.769000 0.939590
0.769200 0.939769
0.769400 0.939946
0.769600 0.940121
0.769800 0.940292
0.770000 0.940461
0.770200 0.940628
0.770400 0.940792
0.770600 0.940953
0.770800 0.941111
0.771000 0.941267
0.771200 0.941421
0.771400 0.941571
0.771600 0.941719
0.771800 0.941865
0.772000 0.942008
0.772200 0.942148
0.772400 0.942285
0.772600 0.942420
0.772800 0.942553
0.773000 0.942682
0.773200 0.942809
0.773400 0.942934
0.773600 0.943055
0.773800 0.943175
0.774000 0.943291
0.774200 0.943405
0.774400 0.943516
0.774600 0.943624
0.774800 0.943730
0.775000 0.943833
0.775200 0.943934
0.775400 0.944032
0.775600 0.944127
0.775800 0.944220
0.776000 0.944310
0.776200 0.944397
0.776400 0.944482
0.776600 0.944564
0.776800 0.944643
0.777000 0.944720
0.777200 0.944794
0.777400 0.944865
0.777600 0.944934
0.777800 0.945000
0.778000 0.945063
0.778200 0.945124
0.778400 0.945182
0.778600 0.945238
0.778800 0.945291
0.779000 0.945341
0.779200 0.945388
0.779400 0.945433
0.779600 0.945475
0.779800 0.945515
0.780000 0.945551
0.780200 0.945585
0.780400 0.945617
0.780600 0.945646
0.780800 0.945672
0.781000 0.945695
0.781200 0.945716
0.781400 0.945734
0.781600 0.945750
0.781800 0.945763
0.782000 0.945773
0.782200 0.945780
0.782400 0.945785
0.782600 0.945787
0.782800 0.945787
0.783000 0.945784
0.783200 0.945778
0.783400 0.945769
0.783600 0.945758
0.783800 0.945745
0.784000 0.945728
0.784200 0.945709
0.784400 0.945687
0.784600 0.945663
0.784800 0.945636
0.785000 0.945606
0.785200 0.945573
0.785400 0.945538
0.785600 0.945500
0.785800 0.945460
0.786000 0.945417
0.786200 0.945371
0.786400 0.945323
0.786600 0.945272
0.786800 0.945218
0.787000 0.945161
0.787200 0.945102
0.787400 0.945041
0.787600 0.944976
0.787800 0.944909
0.788000 0.944839
0.788200 0.944767
0.788400 0.944692
0.788600 0.944614
0.788800 0.944534
0.789000 0.944451
0.789200 0.944365
0.789400 0.944277
0.789600 0.944186
0.789800 0.944093
0.790000 0.943996
0.790200 0.943898
0.790400 0.943796
0.790600 0.943692
0.790800 0.943585
0.791000 0.943475
0.791200 0.943363
0.791400 0.943249
0.791600 0.943131
0.791800 0.943011
0.792000 0.942888
0.792200 0.942763
0.792400 0.942635
0.792600 0.942505
0.792800 0.942371
0.793000 0.942235
0.793200 0.942097
0.793400 0.941956
0.793600 0.941812
0.793800 0.941666
0.794000 0.941516
0.794200 0.941365
0.794400 0.941210
0.794600 0.941054
0.794800 0.940894
0.795000 0.940732
0.795200 0.940567
0.795400 0.940400
0.795600 0.940230
0.795800 0.940057
0.796000 0.939882
0.796200 0.939704
0.796400 0.939523
0.796600 0.939340
0.796800 0.939154
0.797000 0.938966
0.797200 0.938775
0.797400 0.938582
0.797600 0.938385
0.797800 0.938187
0.798000 0.937985
0.798200 0.937781
0.798400 0.937575
0.798600 0.937366
0.798800 0.937154
0.799000 0.936940
0.799200 0.936723
0.799400 0.936503
0.799600 0.936281
0.799800 0.936057
0.800000 0.935829
0.800200 0.935599
0.800400 0.935367
0.800600 0.935132
0.800800 0.934894
0.801000 0.934654
0.801200 0.934412
0.801400 0.934166
0.801600 0.933918
0.801800 0.933668
0.802000 0.933415
0.802200 0.933160
0.802400 0.932901
0.802600 0.932641
0.802800 0.932378
0.803000 0.932112
0.803200 0.931843
0.803400 0.931573
0.803600 0.931299
0.803800 0.931023
0.804000 0.930745
0.804200 0.930464
0.804400 0.930180
0.804600 0.929894
0.804800 0.929606
0.805000 0.929314
0.805200 0.929021
0.805400 0.928724
0.805600 0.928426
0.805800 0.928125
0.806000 0.927821
0.806200 0.927514
0.806400 0.927206
0.806600 0.926894
0.806800 0.926581
0.807000 0.926264
0.807200 0.925946
0.807400 0.925624
0.807600 0.925300
0.807800 0.924974
0.808000 0.924645
0.808200 0.924314
0.808400 0.923980
0.808600 0.923644
0.808800 0.923305
0.809000 0.922964
0.809200 0.922621
0.809400 0.922274
0.809600 0.921926
0.809800 0.921575
0.810000 0.921221
0.810200 0.920865
0.810400 0.920507
0.810600 0.920146
0.810800 0.919783
0.811000 0.919417
0.811200 0.919049
0.811400 0.918678
0.811600 0.918305
0.811800 0.917929
0.812000 0.917551
0.812200 0.917171
0.812400 0.916788
0.812600 0.916403
0.812800 0.916015
0.813000 0.915625
0.813200 0.915233
0.813400 0.914838
0.813600 0.914440
0.813800 0.914041
0.814000 0.913638
0.814200 0.913234
0.814400 0.912827
0.814600 0.912418
0.814800 0.912006
0.815000 0.911592
0.815200 0.911176
0.815400 0.910757
0.815600 0.910336
0.815800 0.909912
0.816000 0.909486
0.816200 0.909058
0.816400 0.908627
0.816600 0.908194
0.816800 0.907759
0.817000 0.907321
0.817200 0.906881
0.817400 0.906439
0.817600 0.905994
0.817800 0.905547
0.818000 0.905098
0.818200 0.904646
0.818400 0.904192
0.818600 0.903735
0.818800 0.903277
0.819000 0.902816
0.819200 0.902353
0.819400 0.901887
0.819600 0.901419
0.819800 0.900949
0.820000 0.900476
0.820200 0.900002
0.820400 0.899525
0.820600 0.899045
0.820800 0.898564
0.821000 0.898080
0.821200 0.897594
0.821400 0.897105
0.821600 0.896615
0.821800 0.896122
0.822000 0.895627
0.822200 0.895129
0.822400 0.894629
0.822600 0.894128
0.822800 0.893623
0.823000 0.893117
0.823200 0.892608
0.823400 0.892098
0.823600 0.891585
0.823800 0.891069
0.824000 0.890552
0.824200 0.890032
0.824400 0.889510
0.824600 0.888986
0.824800 0.888460
0.825000 0.887931
0.825200 0.887401
0.825400 0.886868
0.825600 0.886333
0.825800 0.885796
0.826000 0.885256
0.826200 0.884715
0.826400 0.884171
0.826600 0.883625
0.826800 0.883077
0.827000 0.882527
0.827200 0.881975
0.827400 0.881421
0.827600 0.880864
0.827800 0.880305
0.828000 0.879745
0.828200 0.879182
0.828400 0.878617
0.828600 0.878049
0.828800 0.877480
0.829000 0.876909
0.829200 0.876335
0.829400 0.875760
0.829600 0.875182
0.829800 0.874603
0.830000 0.874021
0.830200 0.873437
0.830400 0.872851
0.830600 0.872263
0.830800 0.871673
0.831000 0.871081
0.831200 0.870487
0.831400 0.869890
0.831600 0.869292
0.831800 0.868692
0.832000 0.868090
0.832200 0.867485
0.832400 0.866879
0.832600 0.866271
0.832800 0.865660
0.833000 0.865048
0.833200 0.864433
0.833400 0.863817
0.833600 0.863199
0.833800 0.862578
0.834000 0.861956
0.834200 0.861332
0.834400 0.860705
0.834600 0.860077
0.834800 0.859447
0.835000 0.858815
0.835200 0.858180
0.835400 0.857544
0.835600 0.856906
0.835800 0.856266
0.836000 0.855624
0.836200 0.854981
0.836400 0.854335
0.836600 0.853687
0.836800 0.853037
0.837000 0.852386
0.837200 0.851733
0.837400 0.851077
0.837600 0.850420
0.837800 0.849761
0.838000 0.849100
0.838200 0.848437
0.838400 0.847773
0.838600 0.847106
0.838800 0.846438
0.839000 0.845767
0.839200 0.845095
0.839400 0.844421
0.839600 0.843745
0.839800 0.843068
0.840000 0.842388
0.840200 0.841707
0.840400 0.841024
0.840600 0.840339
0.840800 0.839652
0.841000 0.838963
0.841200 0.838273
0.841400 0.837581
0.841600 0.836887
0.841800 0.836191
0.842000 0.835494
0.842200 0.834795
0.842400 0.834094
0.842600 0.833391
0.842800 0.832686
0.843000 0.831980
0.843200 0.831272
0.843400 0.830562
0.843600 0.829851
0.843800 0.829138
0.844000 0.828423
0.844200 0.827706
0.844400 0.826988
0.844600 0.826268
0.844800 0.825546
0.845000 0.824822
0.845200 0.824097
0.845400 0.823370
0.845600 0.822642
0.845800 0.821912
0.846000 0.821180
0.846200 0.820446
0.846400 0.819711
0.846600 0.818974
0.846800 0.818236
0.847000 0.817496
0.847200 0.816754
0.847400 0.816011
0.847600 0.815266
0.847800 0.814519
0.848000 0.813771
0.848200 0.813021
0.848400 0.812270
0.848600 0.811517
0.848800 0.810762
0.849000 0.810006
0.849200 0.809248
0.849400 0.808489
0.849600 0.807728
0.849800 0.806966
0.850000 0.806202
0.850200 0.805436
0.850400 0.804669
0.850600 0.803901
0.850800 0.803131
0.851000 0.802359
0.851200 0.801586
0.851400 0.800811
0.851600 0.800035
0.851800 0.799257
0.852000 0.798478
0.852200 0.797697
0.852400 0.796915
0.852600 0.796132
0.852800 0.795347
0.853000 0.794560
0.853200 0.793772
0.853400 0.792983
0.853600 0.792192
0.853800 0.791399
0.854000 0.790606
0.854200 0.789810
0.854400 0.789014
0.854600 0.788216
0.854800 0.787416
0.855000 0.786615
0.855200 0.785813
0.855400 0.785010
0.855600 0.784204
0.855800 0.783398
0.856000 0.782590
0.856200 0.781781
0.856400 0.780971
0.856600 0.780159
0.856800 0.779345
0.857000 0.778531
0.857200 0.777715
0.857400 0.776898
0.857600 0.776079
0.857800 0.775259
0.858000 0.774438
0.858200 0.773615
0.858400 0.772792
0.858600 0.771966
0.858800 0.771140
0.859000 0.770312
0.859200 0.769483
0.859400 0.768653
0.859600 0.767821
0.859800 0.766989
0.860000 0.766155
0.860200 0.765319
0.860400 0.764483
0.860600 0.763645
0.860800 0.762806
0.861000 0.761966
0.861200 0.761124
0.861400 0.760282
0.861600 0.759438
0.861800 0.758593
0.862000 0.757746
0.862200 0.756899
0.862400 0.756050
0.862600 0.755200
0.862800 0.754349
0.863000 0.753497
0.863200 0.752644
0.863400 0.751789
0.863600 0.750934
0.863800 0.750077
0.864000 0.749219
0.864200 0.748360
0.864400 0.747500
0.864600 0.746639
0.864800 0.745777
0.865000 0.744913
0.865200 0.744048
0.865400 0.743183
0.865600 0.742316
0.865800 0.741448
0.866000 0.740579
0.866200 0.739709
0.866400 0.738838
0.866600 0.737966
0.866800 0.737093
0.867000 0.736219
0.867200 0.735344
0.867400 0.734468
0.867600 0.733591
0.867800 0.732712
0.868000 0.731833
0.868200 0.730953
0.868400 0.730072
0.868600 0.729189
0.868800 0.728306
0.869000 0.727422
0.869200 0.726537
0.869400 0.725650
0.869600 0.724763
0.869800 0.723875
0.870000 0.722986
0.870200 0.722096
0.870400 0.721205
0.870600 0.720314
0.870800 0.719421
0.871000 0.718527
0.871200 0.717633
0.871400 0.716737
0.871600 0.715841
0.871800 0.714943
0.872000 0.714045
0.872200 0.713146
0.872400 0.712246
0.872600 0.711345
0.872800 0.710444
0.873000 0.709541
0.873200 0.708638
0.873400 0.707734
0.873600 0.706829
0.873800 0.705923
0.874000 0.705016
0.874200 0.704109
0.874400 0.703200
0.874600 0.702291
0.874800 0.701381
0.875000 0.700470
0.875200 0.699559
0.875400 0.698647
0.875600 0.697733
0.875800 0.696820
0.876000 0.695905
0.876200 0.694990
0.876400 0.694073
0.876600 0.693157
0.876800 0.692239
0.877000 0.691321
0.877200 0.690402
0.877400 0.689482
0.877600 0.688561
0.877800 0.687640
0.878000 0.686718
0.878200 0.685796
0.878400 0.684872
0.878600 0.683948
0.878800 0.683024
0.879000 0.682098
0.879200 0.681172
0.879400 0.680246
0.879600 0.679318
0.879800 0.678390
0.880000 0.677462
0.880200 0.676532
0.880400 0.675603
0.880600 0.674672
0.880800 0.673741
0.881000 0.672809
0.881200 0.671877
0.881400 0.670944
0.881600 0.670011
0.881800 0.669076
0.882000 0.668142
0.882200 0.667206
0.882400 0.666271
0.882600 0.665334
0.882800 0.664397
0.883000 0.663460
0.883200 0.662522
0.883400 0.661583
0.883600 0.660644
0.883800 0.659705
0.884000 0.658764
0.884200 0.657824
0.884400 0.656883
0.884600 0.655941
0.884800 0.654999
0.885000 0.654056
0.885200 0.653113
0.885400 0.652169
0.885600 0.651225
0.885800 0.650281
0.886000 0.649336
0.886200 0.648390
0.886400 0.647444
0.886600 0.646498
0.886800 0.645551
0.887000 0.644604
0.887200 0.643656
0.887400 0.642708
0.887600 0.641760
0.887800 0.640811
0.888000 0.639862
0.888200 0.638912
0.888400 0.637962
0.888600 0.637011
0.888800 0.636061
0.889000 0.635109
0.889200 0.634158
0.889400 0.633206
0.889600 0.632254
0.889800 0.631301
0.890000 0.630348
0.890200 0.629395
0.890400 0.628441
0.890600 0.627487
0.890800 0.626533
0.891000 0.625579
0.891200 0.624624
0.891400 0.623668
0.891600 0.622713
0.891800 0.621757
0.892000 0.620801
0.892200 0.619845
0.892400 0.618888
0.892600 0.617931
0.892800 0.616974
0.893000 0.616017
0.893200 0.615059
0.893400 0.614102
0.893600 0.613143
0.893800 0.612185
0.894000 0.611227
0.894200 0.610268
0.894400 0.609309
0.894600 0.608350
0.894800 0.607390
0.895000 0.606431
0.895200 0.605471
0.895400 0.604511
0.895600 0.603551
0.895800 0.602591
0.896000 0.601630
0.896200 0.600670
0.896400 0.599709
0.896600 0.598748
0.896800 0.597787
0.897000 0.596826
0.897200 0.595864
0.897400 0.594903
0.897600 0.593941
0.897800 0.592979
0.898000 0.592018
0.898200 0.591056
0.898400 0.590094
0.898600 0.589132
0.898800 0.588169
0.899000 0.587207
0.899200 0.586245
0.899400 0.585282
0.899600 0.584320
0.899800 0.583357
0.900000 0.582395
0.900200 0.581432
0.900400 0.580469
0.900600 0.579506
0.900800 0.578544
0.901000 0.577581
0.901200 0.576618
0.901400 0.575655
0.901600 0.574692
0.901800 0.573729
0.902000 0.572766
0.902200 0.571804
0.902400 0.570841
0.902600 0.569878
0.902800 0.568915
0.903000 0.567952
0.903200 0.566989
0.903400 0.566027
0.903600 0.565064
0.903800 0.564101
0.904000 0.563139
0.904200 0.562176
0.904400 0.561214
0.904600 0.560251
0.904800 0.559289
0.905000 0.558327
0.905200 0.557365
0.905400 0.556403
0.905600 0.555441
0.905800 0.554479
0.906000 0.553517
0.906200 0.552555
0.906400 0.551594
0.906600 0.550633
0.906800 0.549671
0.907000 0.548710
0.907200 0.547749
0.907400 0.546788
0.907600 0.545828
0.907800 0.544867
0.908000 0.543907
0.908200 0.542946
0.908400 0.541986
0.908600 0.541026
0.908800 0.540067
0.909000 0.539107
0.909200 0.538148
0.909400 0.537189
0.909600 0.536230
0.909800 0.535271
0.910000 0.534312
0.910200 0.533354
0.910400 0.532396
0.910600 0.531438
0.910800 0.530480
0.911000 0.529523
0.911200 0.528566
0.911400 0.527609
0.911600 0.526652
0.911800 0.525696
0.912000 0.524739
0.912200 0.523783
0.912400 0.522828
0.912600 0.521872
0.912800 0.520917
0.913000 0.519962
0.913200 0.519008
0.913400 0.518054
0.913600 0.517100
0.913800 0.516146
0.914000 0.515193
0.914200 0.514240
0.914400 0.513287
0.914600 0.512335
0.914800 0.511383
0.915000 0.510431
0.915200 0.509480
0.915400 0.508528
0.915600 0.507578
0.915800 0.506627
0.916000 0.505677
0.916200 0.504728
0.916400 0.503778
0.916600 0.502830
0.916800 0.501881
0.917000 0.500933
0.917200 0.499985
0.917400 0.499038
0.917600 0.498091
0.917800 0.497144
0.918000 0.496198
0.918200 0.495252
0.918400 0.494307
0.918600 0.493362
0.918800 0.492417
0.919000 0.491473
0.919200 0.490529
0.919400 0.489586
0.919600 0.488643
0.919800 0.487701
0.920000 0.486759
0.920200 0.485818
0.920400 0.484877
0.920600 0.483936
0.920800 0.482996
0.921000 0.482056
0.921200 0.481117
0.921400 0.480178
0.921600 0.479240
0.921800 0.478302
0.922000 0.477365
0.922200 0.476428
0.922400 0.475492
0.922600 0.474556
0.922800 0.473621
0.923000 0.472687
0.923200 0.471752
0.923400 0.470819
0.923600 0.469885
0.923800 0.468953
0.924000 0.468021
0.924200 0.467089
0.924400 0.466158
0.924600 0.465228
0.924800 0.464298
0.925000 0.463368
0.925200 0.462440
0.925400 0.461511
0.925600 0.460584
0.925800 0.459656
0.926000 0.458730
0.926200 0.457804
0.926400 0.456879
0.926600 0.455954
0.926800 0.455030
0.927000 0.454106
0.927200 0.453183
0.927400 0.452261
0.927600 0.451339
0.927800 0.450418
0.928000 0.449497
0.928200 0.448577
0.928400 0.447658
0.928600 0.446739
0.928800 0.445821
0.929000 0.444903
0.929200 0.443987
0.929400 0.443070
0.929600 0.442155
0.929800 0.441240
0.930000 0.440326
0.930200 0.439412
0.930400 0.438499
0.930600 0.437587
0.930800 0.436675
0.931000 0.435764
0.931200 0.434854
0.931400 0.433945
0.931600 0.433036
0.931800 0.432128
0.932000 0.431220
0.932200 0.430313
0.932400 0.429407
0.932600 0.428502
0.932800 0.427597
0.933000 0.426693
0.933200 0.425790
0.933400 0.424887
0.933600 0.423985
0.933800 0.423084
0.934000 0.422184
0.934200 0.421284
0.934400 0.420385
0.934600 0.419487
0.934800 0.418589
0.935000 0.417693
0.935200 0.416797
0.935400 0.415901
0.935600 0.415007
0.935800 0.414113
0.936000 0.413220
0.936200 0.412328
0.936400 0.411437
0.936600 0.410546
0.936800 0.409656
0.937000 0.408767
0.937200 0.407879
0.937400 0.406991
0.937600 0.406104
0.937800 0.405218
0.938000 0.404333
0.938200 0.403449
0.938400 0.402565
0.938600 0.401683
0.938800 0.400801
0.939000 0.399919
0.939200 0.399039
0.939400 0.398160
0.939600 0.397281
0.939800 0.396403
0.940000 0.395526
0.940200 0.394650
0.940400 0.393774
0.940600 0.392900
0.940800 0.392026
0.941000 0.391153
0.941200 0.390281
0.941400 0.389410
0.941600 0.388540
0.941800 0.387670
0.942000 0.386801
0.942200 0.385934
0.942400 0.385067
0.942600 0.384201
0.942800 0.383336
0.943000 0.382471
0.943200 0.381608
0.943400 0.380745
0.943600 0.379884
0.943800 0.379023
0.944000 0.378163
0.944200 0.377304
0.944400 0.376446
0.944600 0.375589
0.944800 0.374732
0.945000 0.373877
0.945200 0.373022
0.945400 0.372169
0.945600 0.371316
0.945800 0.370464
0.946000 0.369613
0.946200 0.368763
0.946400 0.367914
0.946600 0.367066
0.946800 0.366219
0.947000 0.365372
0.947200 0.364527
0.947400 0.363683
0.947600 0.362839
0.947800 0.361996
0.948000 0.361155
0.948200 0.360314
0.948400 0.359474
0.948600 0.358636
0.948800 0.357798
0.949000 0.356961
0.949200 0.356125
0.949400 0.355290
0.949600 0.354456
0.949800 0.353623
0.950000 0.352791
0.950200 0.351960
0.950400 0.351129
0.950600 0.350300
0.950800 0.349472
0.951000 0.348645
0.951200 0.347818
0.951400 0.346993
0.951600 0.346169
0.951800 0.345346
0.952000 0.344523
0.952200 0.343702
0.952400 0.342881
0.952600 0.342062
0.952800 0.341244
0.953000 0.340426
0.953200 0.339610
0.953400 0.338795
0.953600 0.337980
0.953800 0.337167
0.954000 0.336355
0.954200 0.335543
0.954400 0.334733
0.954600 0.333924
0.954800 0.333115
0.955000 0.332308
0.955200 0.331502
0.955400 0.330697
0.955600 0.329893
0.955800 0.329089
0.956000 0.328287
0.956200 0.327486
0.956400 0.326686
0.956600 0.325887
0.956800 0.325089
0.957000 0.324292
0.957200 0.323496
0.957400 0.322701
0.957600 0.321908
0.957800 0.321115
0.958000 0.320323
0.958200 0.319533
0.958400 0.318743
0.958600 0.317954
0.958800 0.317167
0.959000 0.316380
0.959200 0.315595
0.959400 0.314811
0.959600 0.314027
0.959800 0.313245
0.960000 0.312464
0.960200 0.311684
0.960400 0.310905
0.960600 0.310127
0.960800 0.309350
0.961000 0.308575
0.961200 0.307800
0.961400 0.307026
0.961600 0.306254
0.961800 0.305483
0.962000 0.304712
0.962200 0.303943
0.962400 0.303175
0.962600 0.302408
0.962800 0.301642
0.963000 0.300877
0.963200 0.300113
0.963400 0.299350
0.963600 0.298589
0.963800 0.297828
0.964000 0.297069
0.964200 0.296311
0.964400 0.295553
0.964600 0.294797
0.964800 0.294042
0.965000 0.293288
0.965200 0.292536
0.965400 0.291784
0.965600 0.291033
0.965800 0.290284
0.966000 0.289536
0.966200 0.288788
0.966400 0.288042
0.966600 0.287297
0.966800 0.286553
0.967000 0.285811
0.967200 0.285069
0.967400 0.284329
0.967600 0.283589
0.967800 0.282851
0.968000 0.282114
0.968200 0.281378
0.968400 0.280643
0.968600 0.279909
0.968800 0.279177
0.969000 0.278445
0.969200 0.277715
0.969400 0.276986
0.969600 0.276258
0.969800 0.275531
0.970000 0.274805
0.970200 0.274080
0.970400 0.273357
0.970600 0.272634
0.970800 0.271913
0.971000 0.271193
0.971200 0.270474
0.971400 0.269757
0.971600 0.269040
0.971800 0.268324
0.972000 0.267610
0.972200 0.266897
0.972400 0.266185
0.972600 0.265474
0.972800 0.264764
0.973000 0.264056
0.973200 0.263348
0.973400 0.262642
0.973600 0.261937
0.973800 0.261233
0.974000 0.260530
0.974200 0.259828
0.974400 0.259128
0.974600 0.258429
0.974800 0.257731
0.975000 0.257034
0.975200 0.256338
0.975400 0.255643
0.975600 0.254950
0.975800 0.254257
0.976000 0.253566
0.976200 0.252876
0.976400 0.252187
0.976600 0.251499
0.976800 0.250813
0.977000 0.250128
0.977200 0.249443
0.977400 0.248761
0.977600 0.248079
0.977800 0.247398
0.978000 0.246719
0.978200 0.246040
0.978400 0.245363
0.978600 0.244687
0.978800 0.244012
0.979000 0.243339
0.979200 0.242666
0.979400 0.241995
0.979600 0.241325
0.979800 0.240656
0.980000 0.239988
0.980200 0.239322
0.980400 0.238657
0.980600 0.237992
0.980800 0.237329
0.981000 0.236668
0.981200 0.236007
0.981400 0.235347
0.981600 0.234689
0.981800 0.234032
0.982000 0.233376
0.982200 0.232721
0.982400 0.232068
0.982600 0.231415
0.982800 0.230764
0.983000 0.230114
0.983200 0.229466
0.983400 0.228818
0.983600 0.228171
0.983800 0.227526
0.984000 0.226882
0.984200 0.226239
0.984400 0.225598
0.984600 0.224957
0.984800 0.224318
0.985000 0.223680
0.985200 0.223043
0.985400 0.222407
0.985600 0.221772
0.985800 0.221139
0.986000 0.220507
0.986200 0.219876
0.986400 0.219246
0.986600 0.218617
0.986800 0.217990
0.987000 0.217364
0.987200 0.216738
0.987400 0.216115
0.987600 0.215492
0.987800 0.214870
0.988000 0.214250
0.988200 0.213631
0.988400 0.213013
0.988600 0.212396
0.988800 0.211781
0.989000 0.211166
0.989200 0.210553
0.989400 0.209941
0.989600 0.209330
0.989800 0.208721
0.990000 0.208112
0.990200 0.207505
0.990400 0.206899
0.990600 0.206294
0.990800 0.205691
0.991000 0.205088
0.991200 0.204487
0.991400 0.203887
0.991600 0.203288
0.991800 0.202690
0.992000 0.202094
0.992200 0.201498
0.992400 0.200904
0.992600 0.200311
0.992800 0.199719
0.993000 0.199129
0.993200 0.198539
0.993400 0.197951
0.993600 0.197364
0.993800 0.196778
0.994000 0.196194
0.994200 0.195610
0.994400 0.195028
0.994600 0.194447
0.994800 0.193867
0.995000 0.193288
0.995200 0.192711
0.995400 0.192134
0.995600 0.191559
0.995800 0.190985
0.996000 0.190412
0.996200 0.189841
0.996400 0.189270
0.996600 0.188701
0.996800 0.188133
0.997000 0.187566
0.997200 0.187000
0.997400 0.186436
0.997600 0.185873
0.997800 0.185310
0.998000 0.184749
0.998200 0.184190
0.998400 0.183631
0.998600 0.183074
0.998800 0.182517
0.999000 0.181962
0.999200 0.181408
0.999400 0.180856
0.999600 0.180304
0.999800 0.179754
