0.000000 2.033999
0.000200 2.027702
0.000400 2.021288
0.000600 2.014756
0.000800 2.008109
0.001000 2.001348
0.001200 1.994474
0.001400 1.987488
0.001600 1.980393
0.001800 1.973188
0.002000 1.965877
0.002200 1.958459
0.002400 1.950938
0.002600 1.943313
0.002800 1.935587
0.003000 1.927761
0.003200 1.919837
0.003400 1.911816
0.003600 1.903700
0.003800 1.895490
0.004000 1.887188
0.004200 1.878796
0.004400 1.870314
0.004600 1.861746
0.004800 1.853091
0.005000 1.844353
0.005200 1.835533
0.005400 1.826631
0.005600 1.817651
0.005800 1.808593
0.006000 1.799460
0.006200 1.790252
0.006400 1.780973
0.006600 1.771623
0.006800 1.762204
0.007000 1.752717
0.007200 1.743166
0.007400 1.733551
0.007600 1.723873
0.007800 1.714136
0.008000 1.704340
0.008200 1.694487
0.008400 1.684580
0.008600 1.674619
0.008800 1.664606
0.009000 1.654544
0.009200 1.644434
0.009400 1.634277
0.009600 1.624076
0.009800 1.613832
0.010000 1.603547
0.010200 1.593223
0.010400 1.582861
0.010600 1.572463
0.010800 1.562031
0.011000 1.551566
0.011200 1.541071
0.011400 1.530547
0.011600 1.519996
0.011800 1.509418
0.012000 1.498817
0.012200 1.488194
0.012400 1.477550
0.012600 1.466887
0.012800 1.456207
0.013000 1.445512
0.013200 1.434802
0.013400 1.424080
0.013600 1.413348
0.013800 1.402606
0.014000 1.391857
0.014200 1.381102
0.014400 1.370342
0.014600 1.359580
0.014800 1.348816
0.015000 1.338053
0.015200 1.327292
0.015400 1.316534
0.015600 1.305780
0.015800 1.295034
0.016000 1.284295
0.016200 1.273565
0.016400 1.262846
0.016600 1.252139
0.016800 1.241445
0.017000 1.230767
0.017200 1.220104
0.017400 1.209460
0.017600 1.198834
0.017800 1.188229
0.018000 1.177645
0.018200 1.167085
0.018400 1.156548
0.018600 1.146037
0.018800 1.135553
0.019000 1.125097
0.019200 1.114670
0.019400 1.104273
0.019600 1.093908
0.019800 1.083575
0.020000 1.073277
0.020200 1.063013
0.020400 1.052785
0.020600 1.042594
0.020800 1.032442
0.021000 1.022328
0.021200 1.012255
0.021400 1.002223
0.021600 0.992233
0.021800 0.982287
0.022000 0.972384
0.022200 0.962526
0.022400 0.952715
0.022600 0.942950
0.022800 0.933233
0.023000 0.923564
0.023200 0.913944
0.023400 0.904375
0.023600 0.894857
0.023800 0.885390
0.024000 0.875975
0.024200 0.866614
0.024400 0.857307
0.024600 0.848054
0.024800 0.838856
0.025000 0.829714
0.025200 0.820629
0.025400 0.811600
0.025600 0.802629
0.025800 0.793717
0.026000 0.784863
0.026200 0.776068
0.026400 0.767334
0.026600 0.758659
0.026800 0.750045
0.027000 0.741493
0.027200 0.733001
0.027400 0.724572
0.027600 0.716206
0.027800 0.707902
0.028000 0.699662
0.028200 0.691484
0.028400 0.683371
0.028600 0.675322
0.028800 0.667337
0.029000 0.659417
0.029200 0.651562
0.029400 0.643772
0.029600 0.636047
0.029800 0.628388
0.030000 0.620795
0.030200 0.613268
0.030400 0.605806
0.030600 0.598411
0.030800 0.591083
0.031000 0.583820
0.031200 0.576625
0.031400 0.569495
0.031600 0.562433
0.031800 0.555437
0.032000 0.548508
0.032200 0.541646
0.032400 0.534850
0.032600 0.528121
0.032800 0.521459
0.033000 0.514863
0.033200 0.508334
0.033400 0.501871
0.033600 0.495475
0.033800 0.489145
0.034000 0.482882
0.034200 0.476684
0.034400 0.470553
0.034600 0.464487
0.034800 0.458487
0.035000 0.452552
0.035200 0.446683
0.035400 0.440879
0.035600 0.435139
0.035800 0.429464
0.036000 0.423854
0.036200 0.418308
0.036400 0.412826
0.036600 0.407408
0.036800 0.402053
0.037000 0.396762
0.037200 0.391533
0.037400 0.386367
0.037600 0.381263
0.037800 0.376221
0.038000 0.371241
0.038200 0.366322
0.038400 0.361465
0.038600 0.356668
0.038800 0.351931
0.039000 0.347254
0.039200 0.342637
0.039400 0.338080
0.039600 0.333581
0.039800 0.329141
0.040000 0.324758
0.040200 0.320434
0.040400 0.316167
0.040600 0.311957
0.040800 0.307803
0.041000 0.303706
0.041200 0.299664
0.041400 0.295678
0.041600 0.291746
0.041800 0.287869
0.042000 0.284046
0.042200 0.280276
0.042400 0.276560
0.042600 0.272896
0.042800 0.269285
0.043000 0.265725
0.043200 0.262217
0.043400 0.258759
0.043600 0.255352
0.043800 0.251995
0.044000 0.248688
0.044200 0.245429
0.044400 0.242219
0.044600 0.239058
0.044800 0.235943
0.045000 0.232876
0.045200 0.229856
0.045400 0.226882
0.045600 0.223954
0.045800 0.221071
0.046000 0.218233
0.046200 0.215439
0.046400 0.212689
0.046600 0.209982
0.046800 0.207319
0.047000 0.204698
0.047200 0.202118
0.047400 0.199581
0.047600 0.197084
0.047800 0.194628
0.048000 0.192212
0.048200 0.189836
0.048400 0.187498
0.048600 0.185200
0.048800 0.182940
0.049000 0.180717
0.049200 0.178532
0.049400 0.176383
0.049600 0.174271
0.049800 0.172195
0.050000 0.170155
0.050200 0.168149
0.050400 0.166178
0.050600 0.164241
0.050800 0.162338
0.051000 0.160468
0.051200 0.158630
0.051400 0.156825
0.051600 0.155052
0.051800 0.153311
0.052000 0.151600
0.052200 0.149920
0.052400 0.148270
0.052600 0.146650
0.052800 0.145059
0.053000 0.143497
0.053200 0.141964
0.053400 0.140459
0.053600 0.138981
0.053800 0.137531
0.054000 0.136107
0.054200 0.134710
0.054400 0.133339
0.054600 0.131994
0.054800 0.130674
0.055000 0.129379
0.055200 0.128109
0.055400 0.126862
0.055600 0.125640
0.055800 0.124440
0.056000 0.123264
0.056200 0.122111
0.056400 0.120980
0.056600 0.119870
0.056800 0.118783
0.057000 0.117716
0.057200 0.116671
0.057400 0.115646
0.057600 0.114641
0.057800 0.113656
0.058000 0.112691
0.058200 0.111745
0.058400 0.110817
0.058600 0.109909
0.058800 0.109018
0.059000 0.108146
0.059200 0.107291
0.059400 0.106454
0.059600 0.105634
0.059800 0.104830
0.060000 0.104043
0.060200 0.103272
0.060400 0.102516
0.060600 0.101777
0.060800 0.101053
0.061000 0.100343
0.061200 0.099649
0.061400 0.098969
0.061600 0.098303
0.061800 0.097651
0.062000 0.097013
0.062200 0.096388
0.062400 0.095777
0.062600 0.095178
0.062800 0.094592
0.063000 0.094019
0.063200 0.093458
0.063400 0.092909
0.063600 0.092372
0.063800 0.091846
0.064000 0.091331
0.064200 0.090828
0.064400 0.090336
0.064600 0.089854
0.064800 0.089383
0.065000 0.088921
0.065200 0.088471
0.065400 0.088029
0.065600 0.087598
0.065800 0.087176
0.066000 0.086763
0.066200 0.086360
0.066400 0.085965
0.066600 0.085579
0.066800 0.085202
0.067000 0.084833
0.067200 0.084472
0.067400 0.084119
0.067600 0.083774
0.067800 0.083437
0.068000 0.083107
0.068200 0.082785
0.068400 0.082470
0.068600 0.082162
0.068800 0.081861
0.069000 0.081567
0.069200 0.081279
0.069400 0.080998
0.069600 0.080724
0.069800 0.080455
0.070000 0.080193
0.070200 0.079936
0.070400 0.079686
0.070600 0.079441
0.070800 0.079202
0.071000 0.078968
0.071200 0.078739
0.071400 0.078516
0.071600 0.078298
0.071800 0.078085
0.072000 0.077877
0.072200 0.077673
0.072400 0.077474
0.072600 0.077280
0.072800 0.077091
0.073000 0.076905
0.073200 0.076724
0.073400 0.076547
0.073600 0.076374
0.073800 0.076206
0.074000 0.076041
0.074200 0.075880
0.074400 0.075722
0.074600 0.075568
0.074800 0.075418
0.075000 0.075271
0.075200 0.075128
0.075400 0.074988
0.075600 0.074851
0.075800 0.074718
0.076000 0.074587
0.076200 0.074460
0.076400 0.074335
0.076600 0.074214
0.076800 0.074095
0.077000 0.073979
0.077200 0.073866
0.077400 0.073755
0.077600 0.073647
0.077800 0.073541
0.078000 0.073438
0.078200 0.073337
0.078400 0.073239
0.078600 0.073143
0.078800 0.073049
0.079000 0.072957
0.079200 0.072868
0.079400 0.072780
0.079600 0.072695
0.079800 0.072611
0.080000 0.072530
0.080200 0.072450
0.080400 0.072372
0.080600 0.072296
0.080800 0.072222
0.081000 0.072149
0.081200 0.072079
0.081400 0.072009
0.081600 0.071942
0.081800 0.071876
0.082000 0.071811
0.082200 0.071748
0.082400 0.071687
0.082600 0.071627
0.082800 0.071568
0.083000 0.071511
0.083200 0.071455
0.083400 0.071400
0.083600 0.071347
0.083800 0.071295
0.084000 0.071244
0.084200 0.071194
0.084400 0.071145
0.084600 0.071098
0.084800 0.071052
0.085000 0.071007
0.085200 0.070962
0.085400 0.070919
0.085600 0.070877
0.085800 0.070836
0.086000 0.070796
0.086200 0.070757
0.086400 0.070719
0.086600 0.070681
0.086800 0.070645
0.087000 0.070609
0.087200 0.070575
0.087400 0.070541
0.087600 0.070508
0.087800 0.070475
0.088000 0.070444
0.088200 0.070413
0.088400 0.070383
0.088600 0.070354
0.088800 0.070326
0.089000 0.070298
0.089200 0.070271
0.089400 0.070245
0.089600 0.070219
0.089800 0.070194
0.090000 0.070170
0.090200 0.070146
0.090400 0.070123
0.090600 0.070100
0.090800 0.070078
0.091000 0.070057
0.091200 0.070036
0.091400 0.070016
0.091600 0.069996
0.091800 0.069977
0.092000 0.069959
0.092200 0.069941
0.092400 0.069923
0.092600 0.069906
0.092800 0.069890
0.093000 0.069874
0.093200 0.069858
0.093400 0.069843
0.093600 0.069829
0.093800 0.069815
0.094000 0.069801
0.094200 0.069788
0.094400 0.069775
0.094600 0.069763
0.094800 0.069751
0.095000 0.069740
0.095200 0.069729
0.095400 0.069718
0.095600 0.069708
0.095800 0.069699
0.096000 0.069689
0.096200 0.069680
0.096400 0.069672
0.096600 0.069664
0.096800 0.069656
0.097000 0.069648
0.097200 0.069641
0.097400 0.069635
0.097600 0.069628
0.097800 0.069623
0.098000 0.069617
0.098200 0.069612
0.098400 0.069607
0.098600 0.069602
0.098800 0.069598
0.099000 0.069594
0.099200 0.069591
0.099400 0.069588
0.099600 0.069585
0.099800 0.069582
0.100000 0.069580
0.100200 0.069578
0.100400 0.069577
0.100600 0.069576
0.100800 0.069575
0.101000 0.069574
0.101200 0.069574
0.101400 0.069574
0.101600 0.069574
0.101800 0.069575
0.102000 0.069576
0.102200 0.069577
0.102400 0.069579
0.102600 0.069581
0.102800 0.069583
0.103000 0.069585
0.103200 0.069588
0.103400 0.069591
0.103600 0.069594
0.103800 0.069598
0.104000 0.069602
0.104200 0.069606
0.104400 0.069611
0.104600 0.069615
0.104800 0.069620
0.105000 0.069626
0.105200 0.069631
0.105400 0.069637
0.105600 0.069643
0.105800 0.069650
0.106000 0.069657
0.106200 0.069664
0.106400 0.069671
0.106600 0.069678
0.106800 0.069686
0.107000 0.069694
0.107200 0.069703
0.107400 0.069711
0.107600 0.069720
0.107800 0.069730
0.108000 0.069739
0.108200 0.069749
0.108400 0.069759
0.108600 0.069769
0.108800 0.069779
0.109000 0.069790
0.109200 0.069801
0.109400 0.069813
0.109600 0.069824
0.109800 0.069836
0.110000 0.069848
0.110200 0.069861
0.110400 0.069873
0.110600 0.069886
0.110800 0.069899
0.111000 0.069913
0.111200 0.069926
0.111400 0.069940
0.111600 0.069954
0.111800 0.069969
0.112000 0.069984
0.112200 0.069999
0.112400 0.070014
0.112600 0.070029
0.112800 0.070045
0.113000 0.070061
0.113200 0.070077
0.113400 0.070094
0.113600 0.070111
0.113800 0.070128
0.114000 0.070145
0.114200 0.070163
0.114400 0.070180
0.114600 0.070198
0.114800 0.070217
0.115000 0.070235
0.115200 0.070254
0.115400 0.070273
0.115600 0.070293
0.115800 0.070312
0.116000 0.070332
0.116200 0.070352
0.116400 0.070373
0.116600 0.070393
0.116800 0.070414
0.117000 0.070435
0.117200 0.070457
0.117400 0.070478
0.117600 0.070500
0.117800 0.070522
0.118000 0.070545
0.118200 0.070567
0.118400 0.070590
0.118600 0.070613
0.118800 0.070637
0.119000 0.070660
0.119200 0.070684
0.119400 0.070708
0.119600 0.070733
0.119800 0.070758
0.120000 0.070782
0.120200 0.070808
0.120400 0.070833
0.120600 0.070859
0.120800 0.070885
0.121000 0.070911
0.121200 0.070937
0.121400 0.070964
0.121600 0.070991
0.121800 0.071018
0.122000 0.071046
0.122200 0.071073
0.122400 0.071101
0.122600 0.071130
0.122800 0.071158
0.123000 0.071187
0.123200 0.071216
0.123400 0.071245
0.123600 0.071274
0.123800 0.071304
0.124000 0.071334
0.124200 0.071364
0.124400 0.071395
0.124600 0.071425
0.124800 0.071456
0.125000 0.071488
0.125200 0.071519
0.125400 0.071551
0.125600 0.071583
0.125800 0.071615
0.126000 0.071648
0.126200 0.071680
0.126400 0.071713
0.126600 0.071747
0.126800 0.071780
0.127000 0.071814
0.127200 0.071848
0.127400 0.071882
0.127600 0.071917
0.127800 0.071951
0.128000 0.071986
0.128200 0.072022
0.128400 0.072057
0.128600 0.072093
0.128800 0.072129
0.129000 0.072165
0.129200 0.072202
0.129400 0.072238
0.129600 0.072275
0.129800 0.072313
0.130000 0.072350
0.130200 0.072388
0.130400 0.072426
0.130600 0.072464
0.130800 0.072503
0.131000 0.072542
0.131200 0.072581
0.131400 0.072620
0.131600 0.072659
0.131800 0.072699
0.132000 0.072739
0.132200 0.072780
0.132400 0.072820
0.132600 0.072861
0.132800 0.072902
0.133000 0.072943
0.133200 0.072985
0.133400 0.073027
0.133600 0.073069
0.133800 0.073111
0.134000 0.073153
0.134200 0.073196
0.134400 0.073239
0.134600 0.073283
0.134800 0.073326
0.135000 0.073370
0.135200 0.073414
0.135400 0.073458
0.135600 0.073503
0.135800 0.073548
0.136000 0.073593
0.136200 0.073638
0.136400 0.073683
0.136600 0.073729
0.136800 0.073775
0.137000 0.073822
0.137200 0.073868
0.137400 0.073915
0.137600 0.073962
0.137800 0.074009
0.138000 0.074057
0.138200 0.074105
0.138400 0.074153
0.138600 0.074201
0.138800 0.074250
0.139000 0.074298
0.139200 0.074348
0.139400 0.074397
0.139600 0.074446
0.139800 0.074496
0.140000 0.074546
0.140200 0.074597
0.140400 0.074647
0.140600 0.074698
0.140800 0.074749
0.141000 0.074800
0.141200 0.074852
0.141400 0.074904
0.141600 0.074956
0.141800 0.075008
0.142000 0.075061
0.142200 0.075114
0.142400 0.075167
0.142600 0.075220
0.142800 0.075274
0.143000 0.075327
0.143200 0.075381
0.143400 0.075436
0.143600 0.075490
0.143800 0.075545
0.144000 0.075600
0.144200 0.075656
0.144400 0.075711
0.144600 0.075767
0.144800 0.075823
0.145000 0.075879
0.145200 0.075936
0.145400 0.075993
0.145600 0.076050
0.145800 0.076107
0.146000 0.076165
0.146200 0.076223
0.146400 0.076281
0.146600 0.076339
0.146800 0.076398
0.147000 0.076456
0.147200 0.076516
0.147400 0.076575
0.147600 0.076634
0.147800 0.076694
0.148000 0.076754
0.148200 0.076815
0.148400 0.076875
0.148600 0.076936
0.148800 0.076997
0.149000 0.077059
0.149200 0.077120
0.149400 0.077182
0.149600 0.077244
0.149800 0.077306
0.150000 0.077369
0.150200 0.077432
0.150400 0.077495
0.150600 0.077558
0.150800 0.077622
0.151000 0.077686
0.151200 0.077750
0.151400 0.077814
0.151600 0.077879
0.151800 0.077943
0.152000 0.078009
0.152200 0.078074
0.152400 0.078139
0.152600 0.078205
0.152800 0.078271
0.153000 0.078338
0.153200 0.078404
0.153400 0.078471
0.153600 0.078538
0.153800 0.078606
0.154000 0.078673
0.154200 0.078741
0.154400 0.078809
0.154600 0.078877
0.154800 0.078946
0.155000 0.079015
0.155200 0.079084
0.155400 0.079153
0.155600 0.079223
0.155800 0.079293
0.156000 0.079363
0.156200 0.079433
0.156400 0.079504
0.156600 0.079574
0.156800 0.079646
0.157000 0.079717
0.157200 0.079788
0.157400 0.079860
0.157600 0.079932
0.157800 0.080005
0.158000 0.080077
0.158200 0.080150
0.158400 0.080223
0.158600 0.080296
0.158800 0.080370
0.159000 0.080444
0.159200 0.080518
0.159400 0.080592
0.159600 0.080667
0.159800 0.080742
0.160000 0.080817
0.160200 0.080892
0.160400 0.080967
0.160600 0.081043
0.160800 0.081119
0.161000 0.081196
0.161200 0.081272
0.161400 0.081349
0.161600 0.081426
0.161800 0.081503
0.162000 0.081581
0.162200 0.081659
0.162400 0.081737
0.162600 0.081815
0.162800 0.081894
0.163000 0.081972
0.163200 0.082052
0.163400 0.082131
0.163600 0.082210
0.163800 0.082290
0.164000 0.082370
0.164200 0.082450
0.164400 0.082531
0.164600 0.082612
0.164800 0.082693
0.165000 0.082774
0.165200 0.082856
0.165400 0.082937
0.165600 0.083019
0.165800 0.083102
0.166000 0.083184
0.166200 0.083267
0.166400 0.083350
0.166600 0.083433
0.166800 0.083517
0.167000 0.083601
0.167200 0.083685
0.167400 0.083769
0.167600 0.083853
0.167800 0.083938
0.168000 0.084023
0.168200 0.084108
0.168400 0.084194
0.168600 0.084280
0.168800 0.084366
0.169000 0.084452
0.169200 0.084539
0.169400 0.084625
0.169600 0.084712
0.169800 0.084799
0.170000 0.084887
0.170200 0.084975
0.170400 0.085063
0.170600 0.085151
0.170800 0.085239
0.171000 0.085328
0.171200 0.085417
0.171400 0.085506
0.171600 0.085596
0.171800 0.085686
0.172000 0.085776
0.172200 0.085866
0.172400 0.085956
0.172600 0.086047
0.172800 0.086138
0.173000 0.086229
0.173200 0.086321
0.173400 0.086412
0.173600 0.086504
0.173800 0.086596
0.174000 0.086689
0.174200 0.086782
0.174400 0.086874
0.174600 0.086968
0.174800 0.087061
0.175000 0.087155
0.175200 0.087249
0.175400 0.087343
0.175600 0.087437
0.175800 0.087532
0.176000 0.087627
0.176200 0.087722
0.176400 0.087817
0.176600 0.087913
0.176800 0.088009
0.177000 0.088105
0.177200 0.088202
0.177400 0.088298
0.177600 0.088395
0.177800 0.088492
0.178000 0.088590
0.178200 0.088687
0.178400 0.088785
0.178600 0.088883
0.178800 0.088982
0.179000 0.089080
0.179200 0.089179
0.179400 0.089278
0.179600 0.089378
0.179800 0.089477
0.180000 0.089577
0.180200 0.089677
0.180400 0.089778
0.180600 0.089878
0.180800 0.089979
0.181000 0.090080
0.181200 0.090181
0.181400 0.090283
0.181600 0.090385
0.181800 0.090487
0.182000 0.090589
0.182200 0.090692
0.182400 0.090794
0.182600 0.090898
0.182800 0.091001
0.183000 0.091104
0.183200 0.091208
0.183400 0.091312
0.183600 0.091416
0.183800 0.091521
0.184000 0.091626
0.184200 0.091731
0.184400 0.091836
0.184600 0.091942
0.184800 0.092047
0.185000 0.092153
0.185200 0.092260
0.185400 0.092366
0.185600 0.092473
0.185800 0.092580
0.186000 0.092687
0.186200 0.092794
0.186400 0.092902
0.186600 0.093010
0.186800 0.093118
0.187000 0.093227
0.187200 0.093335
0.187400 0.093444
0.187600 0.093554
0.187800 0.093663
0.188000 0.093773
0.188200 0.093883
0.188400 0.093993
0.188600 0.094103
0.188800 0.094214
0.189000 0.094325
0.189200 0.094436
0.189400 0.094547
0.189600 0.094659
0.189800 0.094771
0.190000 0.094883
0.190200 0.094995
0.190400 0.095108
0.190600 0.095221
0.190800 0.095334
0.191000 0.095447
0.191200 0.095561
0.191400 0.095675
0.191600 0.095789
0.191800 0.095903
0.192000 0.096017
0.192200 0.096132
0.192400 0.096247
0.192600 0.096363
0.192800 0.096478
0.193000 0.096594
0.193200 0.096710
0.193400 0.096826
0.193600 0.096943
0.193800 0.097059
0.194000 0.097176
0.194200 0.097294
0.194400 0.097411
0.194600 0.097529
0.194800 0.097647
0.195000 0.097765
0.195200 0.097884
0.195400 0.098002
0.195600 0.098121
0.195800 0.098240
0.196000 0.098360
0.196200 0.098479
0.196400 0.098599
0.196600 0.098720
0.196800 0.098840
0.197000 0.098961
0.197200 0.099081
0.197400 0.099203
0.197600 0.099324
0.197800 0.099446
0.198000 0.099567
0.198200 0.099689
0.198400 0.099812
0.198600 0.099934
0.198800 0.100057
0.199000 0.100180
0.199200 0.100304
0.199400 0.100427
0.199600 0.100551
0.199800 0.100675
0.200000 0.100799
0.200200 0.100924
0.200400 0.101048
0.200600 0.101173
0.200800 0.101299
0.201000 0.101424
0.201200 0.101550
0.201400 0.101676
0.201600 0.101802
0.201800 0.101929
0.202000 0.102055
0.202200 0.102182
0.202400 0.102309
0.202600 0.102437
0.202800 0.102564
0.203000 0.102692
0.203200 0.102820
0.203400 0.102949
0.203600 0.103077
0.203800 0.103206
0.204000 0.103335
0.204200 0.103465
0.204400 0.103594
0.204600 0.103724
0.204800 0.103854
0.205000 0.103984
0.205200 0.104115
0.205400 0.104246
0.205600 0.104377
0.205800 0.104508
0.206000 0.104639
0.206200 0.104771
0.206400 0.104903
0.206600 0.105035
0.206800 0.105168
0.207000 0.105300
0.207200 0.105433
0.207400 0.105567
0.207600 0.105700
0.207800 0.105834
0.208000 0.105968
0.208200 0.106102
0.208400 0.106236
0.208600 0.106371
0.208800 0.106505
0.209000 0.106641
0.209200 0.106776
0.209400 0.106911
0.209600 0.107047
0.209800 0.107183
0.210000 0.107320
0.210200 0.107456
0.210400 0.107593
0.210600 0.107730
0.210800 0.107867
0.211000 0.108005
0.211200 0.108142
0.211400 0.108280
0.211600 0.108418
0.211800 0.108557
0.212000 0.108695
0.212200 0.108834
0.212400 0.108973
0.212600 0.109113
0.212800 0.109252
0.213000 0.109392
0.213200 0.109532
0.213400 0.109673
0.213600 0.109813
0.213800 0.109954
0.214000 0.110095
0.214200 0.110236
0.214400 0.110378
0.214600 0.110520
0.214800 0.110662
0.215000 0.110804
0.215200 0.110946
0.215400 0.111089
0.215600 0.111232
0.215800 0.111375
0.216000 0.111518
0.216200 0.111662
0.216400 0.111806
0.216600 0.111950
0.216800 0.112094
0.217000 0.112239
0.217200 0.112384
0.217400 0.112529
0.217600 0.112674
0.217800 0.112820
0.218000 0.112965
0.218200 0.113111
0.218400 0.113257
0.218600 0.113404
0.218800 0.113551
0.219000 0.113698
0.219200 0.113845
0.219400 0.113992
0.219600 0.114140
0.219800 0.114288
0.220000 0.114436
0.220200 0.114584
0.220400 0.114733
0.220600 0.114881
0.220800 0.115030
0.221000 0.115180
0.221200 0.115329
0.221400 0.115479
0.221600 0.115629
0.221800 0.115779
0.222000 0.115930
0.222200 0.116080
0.222400 0.116231
0.222600 0.116382
0.222800 0.116534
0.223000 0.116685
0.223200 0.116837
0.223400 0.116989
0.223600 0.117142
0.223800 0.117294
0.224000 0.117447
0.224200 0.117600
0.224400 0.117753
0.224600 0.117907
0.224800 0.118060
0.225000 0.118214
0.225200 0.118368
0.225400 0.118523
0.225600 0.118677
0.225800 0.118832
0.226000 0.118987
0.226200 0.119143
0.226400 0.119298
0.226600 0.119454
0.226800 0.119610
0.227000 0.119766
0.227200 0.119923
0.227400 0.120080
0.227600 0.120236
0.227800 0.120394
0.228000 0.120551
0.228200 0.120709
0.228400 0.120867
0.228600 0.121025
0.228800 0.121183
0.229000 0.121342
0.229200 0.121500
0.229400 0.121659
0.229600 0.121819
0.229800 0.121978
0.230000 0.122138
0.230200 0.122298
0.230400 0.122458
0.230600 0.122618
0.230800 0.122779
0.231000 0.122940
0.231200 0.123101
0.231400 0.123262
0.231600 0.123424
0.231800 0.123585
0.232000 0.123747
0.232200 0.123910
0.232400 0.124072
0.232600 0.124235
0.232800 0.124398
0.233000 0.124561
0.233200 0.124724
0.233400 0.124888
0.233600 0.125052
0.233800 0.125216
0.234000 0.125380
0.234200 0.125544
0.234400 0.125709
0.234600 0.125874
0.234800 0.126039
0.235000 0.126205
0.235200 0.126370
0.235400 0.126536
0.235600 0.126702
0.235800 0.126869
0.236000 0.127035
0.236200 0.127202
0.236400 0.127369
0.236600 0.127536
0.236800 0.127704
0.237000 0.127871
0.237200 0.128039
0.237400 0.128207
0.237600 0.128376
0.237800 0.128544
0.238000 0.128713
0.238200 0.128882
0.238400 0.129051
0.238600 0.129221
0.238800 0.129391
0.239000 0.129560
0.239200 0.129731
0.239400 0.129901
0.239600 0.130072
0.239800 0.130242
0.240000 0.130413
0.240200 0.130585
0.240400 0.130756
0.240600 0.130928
0.240800 0.131100
0.241000 0.131272
0.241200 0.131444
0.241400 0.131617
0.241600 0.131790
0.241800 0.131963
0.242000 0.132136
0.242200 0.132310
0.242400 0.132483
0.242600 0.132657
0.242800 0.132832
0.243000 0.133006
0.243200 0.133181
0.243400 0.133355
0.243600 0.133531
0.243800 0.133706
0.244000 0.133881
0.244200 0.134057
0.244400 0.134233
0.244600 0.134409
0.244800 0.134585
0.245000 0.134762
0.245200 0.134939
0.245400 0.135116
0.245600 0.135293
0.245800 0.135471
0.246000 0.135648
0.246200 0.135826
0.246400 0.136005
0.246600 0.136183
0.246800 0.136361
0.247000 0.136540
0.247200 0.136719
0.247400 0.136899
0.247600 0.137078
0.247800 0.137258
0.248000 0.137438
0.248200 0.137618
0.248400 0.137798
0.248600 0.137979
0.248800 0.138159
0.249000 0.138340
0.249200 0.138522
0.249400 0.138703
0.249600 0.138885
0.249800 0.139066
0.250000 0.139249
0.250200 0.139431
0.250400 0.139613
0.250600 0.139796
0.250800 0.139979
0.251000 0.140162
0.251200 0.140346
0.251400 0.140529
0.251600 0.140713
0.251800 0.140897
0.252000 0.141081
0.252200 0.141266
0.252400 0.141450
0.252600 0.141635
0.252800 0.141820
0.253000 0.142006
0.253200 0.142191
0.253400 0.142377
0.253600 0.142563
0.253800 0.142749
0.254000 0.142936
0.254200 0.143122
0.254400 0.143309
0.254600 0.143496
0.254800 0.143683
0.255000 0.143871
0.255200 0.144058
0.255400 0.144246
0.255600 0.144434
0.255800 0.144623
0.256000 0.144811
0.256200 0.145000
0.256400 0.145189
0.256600 0.145378
0.256800 0.145567
0.257000 0.145757
0.257200 0.145947
0.257400 0.146137
0.257600 0.146327
0.257800 0.146517
0.258000 0.146708
0.258200 0.146899
0.258400 0.147090
0.258600 0.147281
0.258800 0.147473
0.259000 0.147664
0.259200 0.147856
0.259400 0.148048
0.259600 0.148241
0.259800 0.148433
0.260000 0.148626
0.260200 0.148819
0.260400 0.149012
0.260600 0.149206
0.260800 0.149399
0.261000 0.149593
0.261200 0.149787
0.261400 0.149981
0.261600 0.150175
0.261800 0.150370
0.262000 0.150565
0.262200 0.150760
0.262400 0.150955
0.262600 0.151151
0.262800 0.151346
0.263000 0.151542
0.263200 0.151738
0.263400 0.151935
0.263600 0.152131
0.263800 0.152328
0.264000 0.152525
0.264200 0.152722
0.264400 0.152919
0.264600 0.153117
0.264800 0.153314
0.265000 0.153512
0.265200 0.153710
0.265400 0.153909
0.265600 0.154107
0.265800 0.154306
0.266000 0.154505
0.266200 0.154704
0.266400 0.154903
0.266600 0.155103
0.266800 0.155303
0.267000 0.155503
0.267200 0.155703
0.267400 0.155903
0.267600 0.156104
0.267800 0.156304
0.268000 0.156505
0.268200 0.156707
0.268400 0.156908
0.268600 0.157110
0.268800 0.157311
0.269000 0.157513
0.269200 0.157716
0.269400 0.157918
0.269600 0.158120
0.269800 0.158323
0.270000 0.158526
0.270200 0.158729
0.270400 0.158933
0.270600 0.159136
0.270800 0.159340
0.271000 0.159544
0.271200 0.159748
0.271400 0.159953
0.271600 0.160157
0.271800 0.160362
0.272000 0.160567
0.272200 0.160772
0.272400 0.160978
0.272600 0.161183
0.272800 0.161389
0.273000 0.161595
0.273200 0.161801
0.273400 0.162007
0.273600 0.162214
0.273800 0.162421
0.274000 0.162628
0.274200 0.162835
0.274400 0.163042
0.274600 0.163250
0.274800 0.163457
0.275000 0.163665
0.275200 0.163874
0.275400 0.164082
0.275600 0.164290
0.275800 0.164499
0.276000 0.164708
0.276200 0.164917
0.276400 0.165126
0.276600 0.165336
0.276800 0.165546
0.277000 0.165755
0.277200 0.165965
0.277400 0.166176
0.277600 0.166386
0.277800 0.166597
0.278000 0.166808
0.278200 0.167019
0.278400 0.167230
0.278600 0.167441
0.278800 0.167653
0.279000 0.167865
0.279200 0.168077
0.279400 0.168289
0.279600 0.168501
0.279800 0.168714
0.280000 0.168927
0.280200 0.169140
0.280400 0.169353
0.280600 0.169566
0.280800 0.169779
0.281000 0.169993
0.281200 0.170207
0.281400 0.170421
0.281600 0.170635
0.281800 0.170850
0.282000 0.171064
0.282200 0.171279
0.282400 0.171494
0.282600 0.171709
0.282800 0.171925
0.283000 0.172140
0.283200 0.172356
0.283400 0.172572
0.283600 0.172788
0.283800 0.173005
0.284000 0.173221
0.284200 0.173438
0.284400 0.173655
0.284600 0.173872
0.284800 0.174089
0.285000 0.174306
0.285200 0.174524
0.285400 0.174742
0.285600 0.174960
0.285800 0.175178
0.286000 0.175396
0.286200 0.175615
0.286400 0.175834
0.286600 0.176052
0.286800 0.176271
0.287000 0.176491
0.287200 0.176710
0.287400 0.176930
0.287600 0.177150
0.287800 0.177370
0.288000 0.177590
0.288200 0.177810
0.288400 0.178031
0.288600 0.178251
0.288800 0.178472
0.289000 0.178693
0.289200 0.178915
0.289400 0.179136
0.289600 0.179358
0.289800 0.179579
0.290000 0.179801
0.290200 0.180024
0.290400 0.180246
0.290600 0.180468
0.290800 0.180691
0.291000 0.180914
0.291200 0.181137
0.291400 0.181360
0.291600 0.181583
0.291800 0.181807
0.292000 0.182031
0.292200 0.182255
0.292400 0.182479
0.292600 0.182703
0.292800 0.182928
0.293000 0.183152
0.293200 0.183377
0.293400 0.183602
0.293600 0.183827
0.293800 0.184052
0.294000 0.184278
0.294200 0.184504
0.294400 0.184729
0.294600 0.184955
0.294800 0.185182
0.295000 0.185408
0.295200 0.185634
0.295400 0.185861
0.295600 0.186088
0.295800 0.186315
0.296000 0.186542
0.296200 0.186770
0.296400 0.186997
0.296600 0.187225
0.296800 0.187453
0.297000 0.187681
0.297200 0.187909
0.297400 0.188138
0.297600 0.188366
0.297800 0.188595
0.298000 0.188824
0.298200 0.189053
0.298400 0.189282
0.298600 0.189512
0.298800 0.189741
0.299000 0.189971
0.299200 0.190201
0.299400 0.190431
0.299600 0.190662
0.299800 0.190892
0.300000 0.191123
0.300200 0.191353
0.300400 0.191584
0.300600 0.191816
0.300800 0.192047
0.301000 0.192278
0.301200 0.192510
0.301400 0.192742
0.301600 0.192974
0.301800 0.193206
0.302000 0.193438
0.302200 0.193671
0.302400 0.193903
0.302600 0.194136
0.302800 0.194369
0.303000 0.194602
0.303200 0.194836
0.303400 0.195069
0.303600 0.195303
0.303800 0.195537
0.304000 0.195771
0.304200 0.196005
0.304400 0.196239
0.304600 0.196474
0.304800 0.196708
0.305000 0.196943
0.305200 0.197178
0.305400 0.197413
0.305600 0.197649
0.305800 0.197884
0.306000 0.198120
0.306200 0.198356
0.306400 0.198592
0.306600 0.198828
0.306800 0.199064
0.307000 0.199301
0.307200 0.199538
0.307400 0.199775
0.307600 0.200012
0.307800 0.200249
0.308000 0.200486
0.308200 0.200724
0.308400 0.200962
0.308600 0.201200
0.308800 0.201438
0.309000 0.201676
0.309200 0.201915
0.309400 0.202153
0.309600 0.202392
0.309800 0.202631
0.310000 0.202871
0.310200 0.203110
0.310400 0.203350
0.310600 0.203590
0.310800 0.203830
0.311000 0.204070
0.311200 0.204310
0.311400 0.204551
0.311600 0.204792
0.311800 0.205033
0.312000 0.205274
0.312200 0.205515
0.312400 0.205757
0.312600 0.205999
0.312800 0.206241
0.313000 0.206483
0.313200 0.206726
0.313400 0.206968
0.313600 0.207211
0.313800 0.207454
0.314000 0.207698
0.314200 0.207942
0.314400 0.208185
0.314600 0.208430
0.314800 0.208674
0.315000 0.208919
0.315200 0.209163
0.315400 0.209409
0.315600 0.209654
0.315800 0.209900
0.316000 0.210146
0.316200 0.210392
0.316400 0.210639
0.316600 0.210885
0.316800 0.211133
0.317000 0.211380
0.317200 0.211628
0.317400 0.211876
0.317600 0.212124
0.317800 0.212373
0.318000 0.212622
0.318200 0.212872
0.318400 0.213121
0.318600 0.213372
0.318800 0.213622
0.319000 0.213873
0.319200 0.214124
0.319400 0.214376
0.319600 0.214628
0.319800 0.214881
0.320000 0.215134
0.320200 0.215388
0.320400 0.215642
0.320600 0.215896
0.320800 0.216151
0.321000 0.216407
0.321200 0.216663
0.321400 0.216919
0.321600 0.217176
0.321800 0.217434
0.322000 0.217692
0.322200 0.217951
0.322400 0.218211
0.322600 0.218471
0.322800 0.218732
0.323000 0.218993
0.323200 0.219256
0.323400 0.219519
0.323600 0.219782
0.323800 0.220047
0.324000 0.220312
0.324200 0.220578
0.324400 0.220845
0.324600 0.221113
0.324800 0.221382
0.325000 0.221652
0.325200 0.221923
0.325400 0.222195
0.325600 0.222468
0.325800 0.222742
0.326000 0.223017
0.326200 0.223293
0.326400 0.223570
0.326600 0.223849
0.326800 0.224129
0.327000 0.224410
0.327200 0.224693
0.327400 0.224977
0.327600 0.225262
0.327800 0.225549
0.328000 0.225838
0.328200 0.226128
0.328400 0.226420
0.328600 0.226713
0.328800 0.227008
0.329000 0.227306
0.329200 0.227605
0.329400 0.227906
0.329600 0.228209
0.329800 0.228514
0.330000 0.228821
0.330200 0.229130
0.330400 0.229442
0.330600 0.229756
0.330800 0.230073
0.331000 0.230392
0.331200 0.230714
0.331400 0.231039
0.331600 0.231366
0.331800 0.231696
0.332000 0.232029
0.332200 0.232366
0.332400 0.232705
0.332600 0.233048
0.332800 0.233394
0.333000 0.233744
0.333200 0.234098
0.333400 0.234455
0.333600 0.234816
0.333800 0.235181
0.334000 0.235550
0.334200 0.235924
0.334400 0.236301
0.334600 0.236684
0.334800 0.237071
0.335000 0.237463
0.335200 0.237860
0.335400 0.238262
0.335600 0.238669
0.335800 0.239082
0.336000 0.239501
0.336200 0.239925
0.336400 0.240355
0.336600 0.240792
0.336800 0.241235
0.337000 0.241685
0.337200 0.242141
0.337400 0.242604
0.337600 0.243075
0.337800 0.243553
0.338000 0.244039
0.338200 0.244532
0.338400 0.245034
0.338600 0.245544
0.338800 0.246063
0.339000 0.246591
0.339200 0.247128
0.339400 0.247674
0.339600 0.248230
0.339800 0.248796
0.340000 0.249373
0.340200 0.249960
0.340400 0.250558
0.340600 0.251167
0.340800 0.251788
0.341000 0.252420
0.341200 0.253065
0.341400 0.253723
0.341600 0.254393
0.341800 0.255077
0.342000 0.255774
0.342200 0.256486
0.342400 0.257212
0.342600 0.257953
0.342800 0.258709
0.343000 0.259481
0.343200 0.260269
0.343400 0.261074
0.343600 0.261896
0.343800 0.262735
0.344000 0.263593
0.344200 0.264468
0.344400 0.265363
0.344600 0.266278
0.344800 0.267212
0.345000 0.268167
0.345200 0.269144
0.345400 0.270142
0.345600 0.271162
0.345800 0.272205
0.346000 0.273271
0.346200 0.274362
0.346400 0.275477
0.346600 0.276617
0.346800 0.277784
0.347000 0.278977
0.347200 0.280197
0.347400 0.281445
0.347600 0.282722
0.347800 0.284028
0.348000 0.285365
0.348200 0.286732
0.348400 0.288131
0.348600 0.289562
0.348800 0.291027
0.349000 0.292525
0.349200 0.294059
0.349400 0.295628
0.349600 0.297233
0.349800 0.298876
0.350000 0.300557
0.350200 0.302277
0.350400 0.304038
0.350600 0.305839
0.350800 0.307682
0.351000 0.309569
0.351200 0.311499
0.351400 0.313474
0.351600 0.315495
0.351800 0.317563
0.352000 0.319678
0.352200 0.321843
0.352400 0.324058
0.352600 0.326325
0.352800 0.328643
0.353000 0.331015
0.353200 0.333442
0.353400 0.335925
0.353600 0.338465
0.353800 0.341063
0.354000 0.343720
0.354200 0.346438
0.354400 0.349218
0.354600 0.352061
0.354800 0.354969
0.355000 0.357943
0.355200 0.360984
0.355400 0.364093
0.355600 0.367273
0.355800 0.370524
0.356000 0.373847
0.356200 0.377245
0.356400 0.380718
0.356600 0.384268
0.356800 0.387897
0.357000 0.391606
0.357200 0.395396
0.357400 0.399270
0.357600 0.403228
0.357800 0.407272
0.358000 0.411404
0.358200 0.415626
0.358400 0.419938
0.358600 0.424343
0.358800 0.428843
0.359000 0.433438
0.359200 0.438131
0.359400 0.442923
0.359600 0.447817
0.359800 0.452813
0.360000 0.457914
0.360200 0.463121
0.360400 0.468436
0.360600 0.473860
0.360800 0.479397
0.361000 0.485047
0.361200 0.490812
0.361400 0.496694
0.361600 0.502696
0.361800 0.508818
0.362000 0.515063
0.362200 0.521432
0.362400 0.527928
0.362600 0.534552
0.362800 0.541307
0.363000 0.548194
0.363200 0.555215
0.363400 0.562372
0.363600 0.569667
0.363800 0.577102
0.364000 0.584679
0.364200 0.592400
0.364400 0.600267
0.364600 0.608282
0.364800 0.616447
0.365000 0.624763
0.365200 0.633233
0.365400 0.641859
0.365600 0.650643
0.365800 0.659587
0.366000 0.668692
0.366200 0.677961
0.366400 0.687396
0.366600 0.696998
0.366800 0.706770
0.367000 0.716713
0.367200 0.726830
0.367400 0.737123
0.367600 0.747593
0.367800 0.758242
0.368000 0.769073
0.368200 0.780087
0.368400 0.791286
0.368600 0.802672
0.368800 0.814247
0.369000 0.826013
0.369200 0.837971
0.369400 0.850123
0.369600 0.862472
0.369800 0.875019
0.370000 0.887766
0.370200 0.900714
0.370400 0.913865
0.370600 0.927222
0.370800 0.940785
0.371000 0.954556
0.371200 0.968537
0.371400 0.982730
0.371600 0.997136
0.371800 1.011756
0.372000 1.026593
0.372200 1.041647
0.372400 1.056920
0.372600 1.072414
0.372800 1.088129
0.373000 1.104068
0.373200 1.120231
0.373400 1.136620
0.373600 1.153235
0.373800 1.170079
0.374000 1.187151
0.374200 1.204454
0.374400 1.221988
0.374600 1.239755
0.374800 1.257754
0.375000 1.275988
0.375200 1.294456
0.375400 1.313160
0.375600 1.332101
0.375800 1.351278
0.376000 1.370693
0.376200 1.390346
0.376400 1.410238
0.376600 1.430368
0.376800 1.450739
0.377000 1.471348
0.377200 1.492198
0.377400 1.513288
0.377600 1.534618
0.377800 1.556189
0.378000 1.577999
0.378200 1.600050
0.378400 1.622341
0.378600 1.644871
0.378800 1.667640
0.379000 1.690649
0.379200 1.713896
0.379400 1.737380
0.379600 1.761102
0.379800 1.785061
0.380000 1.809255
0.380200 1.833684
0.380400 1.858347
0.380600 1.883243
0.380800 1.908371
0.381000 1.933729
0.381200 1.959316
0.381400 1.985131
0.381600 2.011172
0.381800 2.037438
0.382000 2.063927
0.382200 2.090638
0.382400 2.117568
0.382600 2.144716
0.382800 2.172079
0.383000 2.199656
0.383200 2.227444
0.383400 2.255441
0.383600 2.283644
0.383800 2.312052
0.384000 2.340661
0.384200 2.369469
0.384400 2.398473
0.384600 2.427670
0.384800 2.457057
0.385000 2.486632
0.385200 2.516391
0.385400 2.546330
0.385600 2.576447
0.385800 2.606737
0.386000 2.637198
0.386200 2.667826
0.386400 2.698617
0.386600 2.729567
0.386800 2.760672
0.387000 2.791929
0.387200 2.823333
0.387400 2.854879
0.387600 2.886565
0.387800 2.918384
0.388000 2.950333
0.388200 2.982408
0.388400 3.014603
0.388600 3.046913
0.388800 3.079335
0.389000 3.111862
0.389200 3.144490
0.389400 3.177214
0.389600 3.210029
0.389800 3.242928
0.390000 3.275908
0.390200 3.308962
0.390400 3.342085
0.390600 3.375271
0.390800 3.408514
0.391000 3.441810
0.391200 3.475151
0.391400 3.508532
0.391600 3.541947
0.391800 3.575389
0.392000 3.608854
0.392200 3.642334
0.392400 3.675823
0.392600 3.709314
0.392800 3.742803
0.393000 3.776281
0.393200 3.809742
0.393400 3.843180
0.393600 3.876589
0.393800 3.909960
0.394000 3.943289
0.394200 3.976567
0.394400 4.009788
0.394600 4.042945
0.394800 4.076031
0.395000 4.109039
0.395200 4.141963
0.395400 4.174794
0.395600 4.207526
0.395800 4.240152
0.396000 4.272665
0.396200 4.305057
0.396400 4.337321
0.396600 4.369450
0.396800 4.401437
0.397000 4.433275
0.397200 4.464955
0.397400 4.496472
0.397600 4.527817
0.397800 4.558984
0.398000 4.589964
0.398200 4.620751
0.398400 4.651338
0.398600 4.681717
0.398800 4.711881
0.399000 4.741822
0.399200 4.771533
0.399400 4.801008
0.399600 4.830239
0.399800 4.859218
0.400000 4.887939
0.400200 4.916394
0.400400 4.944576
0.400600 4.972479
0.400800 5.000095
0.401000 5.027417
0.401200 5.054438
0.401400 5.081152
0.401600 5.107551
0.401800 5.133629
0.402000 5.159379
0.402200 5.184795
0.402400 5.209869
0.402600 5.234596
0.402800 5.258968
0.403000 5.282979
0.403200 5.306624
0.403400 5.329895
0.403600 5.352787
0.403800 5.375293
0.404000 5.397407
0.404200 5.419125
0.404400 5.440438
0.404600 5.461343
0.404800 5.481833
0.405000 5.501903
0.405200 5.521547
0.405400 5.540760
0.405600 5.559537
0.405800 5.577873
0.406000 5.595762
0.406200 5.613199
0.406400 5.630181
0.406600 5.646702
0.406800 5.662757
0.407000 5.678343
0.407200 5.693454
0.407400 5.708088
0.407600 5.722238
0.407800 5.735903
0.408000 5.749078
0.408200 5.761758
0.408400 5.773942
0.408600 5.785624
0.408800 5.796803
0.409000 5.807475
0.409200 5.817637
0.409400 5.827286
0.409600 5.836419
0.409800 5.845034
0.410000 5.853129
0.410200 5.860701
0.410400 5.867748
0.410600 5.874268
0.410800 5.880260
0.411000 5.885721
0.411200 5.890651
0.411400 5.895047
0.411600 5.898909
0.411800 5.902236
0.412000 5.905026
0.412200 5.907280
0.412400 5.908996
0.412600 5.910174
0.412800 5.910814
0.413000 5.910915
0.413200 5.910478
0.413400 5.909503
0.413600 5.907990
0.413800 5.905940
0.414000 5.903354
0.414200 5.900231
0.414400 5.896574
0.414600 5.892383
0.414800 5.887660
0.415000 5.882406
0.415200 5.876623
0.415400 5.870312
0.415600 5.863476
0.415800 5.856116
0.416000 5.848234
0.416200 5.839834
0.416400 5.830916
0.416600 5.821485
0.416800 5.811543
0.417000 5.801092
0.417200 5.790136
0.417400 5.778679
0.417600 5.766722
0.417800 5.754270
0.418000 5.741327
0.418200 5.727896
0.418400 5.713981
0.418600 5.699586
0.418800 5.684715
0.419000 5.669373
0.419200 5.653564
0.419400 5.637292
0.419600 5.620562
0.419800 5.603378
0.420000 5.585746
0.420200 5.567671
0.420400 5.549158
0.420600 5.530211
0.420800 5.510837
0.421000 5.491040
0.421200 5.470826
0.421400 5.450201
0.421600 5.429170
0.421800 5.407739
0.422000 5.385915
0.422200 5.363702
0.422400 5.341108
0.422600 5.318137
0.422800 5.294798
0.423000 5.271095
0.423200 5.247035
0.423400 5.222625
0.423600 5.197871
0.423800 5.172779
0.424000 5.147357
0.424200 5.121611
0.424400 5.095548
0.424600 5.069174
0.424800 5.042497
0.425000 5.015524
0.425200 4.988260
0.425400 4.960714
0.425600 4.932893
0.425800 4.904803
0.426000 4.876452
0.426200 4.847847
0.426400 4.818994
0.426600 4.789902
0.426800 4.760577
0.427000 4.731027
0.427200 4.701259
0.427400 4.671280
0.427600 4.641097
0.427800 4.610718
0.428000 4.580150
0.428200 4.549401
0.428400 4.518477
0.428600 4.487387
0.428800 4.456136
0.429000 4.424733
0.429200 4.393185
0.429400 4.361499
0.429600 4.329682
0.429800 4.297742
0.430000 4.265686
0.430200 4.233520
0.430400 4.201252
0.430600 4.168890
0.430800 4.136439
0.431000 4.103908
0.431200 4.071303
0.431400 4.038632
0.431600 4.005900
0.431800 3.973116
0.432000 3.940285
0.432200 3.907415
0.432400 3.874512
0.432600 3.841584
0.432800 3.808636
0.433000 3.775675
0.433200 3.742708
0.433400 3.709741
0.433600 3.676781
0.433800 3.643833
0.434000 3.610905
0.434200 3.578002
0.434400 3.545131
0.434600 3.512296
0.434800 3.479506
0.435000 3.446764
0.435200 3.414078
0.435400 3.381453
0.435600 3.348894
0.435800 3.316407
0.436000 3.283998
0.436200 3.251672
0.436400 3.219434
0.436600 3.187290
0.436800 3.155244
0.437000 3.123303
0.437200 3.091470
0.437400 3.059751
0.437600 3.028150
0.437800 2.996672
0.438000 2.965323
0.438200 2.934105
0.438400 2.903025
0.438600 2.872085
0.438800 2.841291
0.439000 2.810646
0.439200 2.780155
0.439400 2.749822
0.439600 2.719650
0.439800 2.689643
0.440000 2.659805
0.440200 2.630139
0.440400 2.600650
0.440600 2.571339
0.440800 2.542211
0.441000 2.513269
0.441200 2.484516
0.441400 2.455955
0.441600 2.427588
0.441800 2.399419
0.442000 2.371451
0.442200 2.343685
0.442400 2.316125
0.442600 2.288773
0.442800 2.261631
0.443000 2.234701
0.443200 2.207986
0.443400 2.181488
0.443600 2.155208
0.443800 2.129149
0.444000 2.103312
0.444200 2.077699
0.444400 2.052311
0.444600 2.027151
0.444800 2.002219
0.445000 1.977517
0.445200 1.953046
0.445400 1.928807
0.445600 1.904801
0.445800 1.881030
0.446000 1.857494
0.446200 1.834194
0.446400 1.811131
0.446600 1.788306
0.446800 1.765718
0.447000 1.743369
0.447200 1.721259
0.447400 1.699388
0.447600 1.677757
0.447800 1.656366
0.448000 1.635215
0.448200 1.614304
0.448400 1.593633
0.448600 1.573201
0.448800 1.553010
0.449000 1.533058
0.449200 1.513346
0.449400 1.493873
0.449600 1.474638
0.449800 1.455641
0.450000 1.436882
0.450200 1.418360
0.450400 1.400075
0.450600 1.382025
0.450800 1.364210
0.451000 1.346630
0.451200 1.329282
0.451400 1.312167
0.451600 1.295284
0.451800 1.278631
0.452000 1.262207
0.452200 1.246012
0.452400 1.230043
0.452600 1.214301
0.452800 1.198783
0.453000 1.183489
0.453200 1.168417
0.453400 1.153566
0.453600 1.138934
0.453800 1.124520
0.454000 1.110322
0.454200 1.096340
0.454400 1.082571
0.454600 1.069013
0.454800 1.055667
0.455000 1.042529
0.455200 1.029598
0.455400 1.016872
0.455600 1.004350
0.455800 0.992030
0.456000 0.979911
0.456200 0.967990
0.456400 0.956265
0.456600 0.944736
0.456800 0.933399
0.457000 0.922254
0.457200 0.911298
0.457400 0.900530
0.457600 0.889947
0.457800 0.879548
0.458000 0.869331
0.458200 0.859294
0.458400 0.849435
0.458600 0.839751
0.458800 0.830242
0.459000 0.820905
0.459200 0.811738
0.459400 0.802740
0.459600 0.793907
0.459800 0.785239
0.460000 0.776733
0.460200 0.768388
0.460400 0.760200
0.460600 0.752169
0.460800 0.744293
0.461000 0.736568
0.461200 0.728994
0.461400 0.721569
0.461600 0.714290
0.461800 0.707155
0.462000 0.700163
0.462200 0.693311
0.462400 0.686598
0.462600 0.680021
0.462800 0.673580
0.463000 0.667270
0.463200 0.661092
0.463400 0.655043
0.463600 0.649120
0.463800 0.643323
0.464000 0.637649
0.464200 0.632096
0.464400 0.626662
0.464600 0.621346
0.464800 0.616146
0.465000 0.611060
0.465200 0.606086
0.465400 0.601222
0.465600 0.596467
0.465800 0.591818
0.466000 0.587274
0.466200 0.582834
0.466400 0.578495
0.466600 0.574256
0.466800 0.570114
0.467000 0.566069
0.467200 0.562119
0.467400 0.558262
0.467600 0.554496
0.467800 0.550820
0.468000 0.547232
0.468200 0.543730
0.468400 0.540314
0.468600 0.536980
0.468800 0.533729
0.469000 0.530558
0.469200 0.527466
0.469400 0.524451
0.469600 0.521513
0.469800 0.518648
0.470000 0.515857
0.470200 0.513137
0.470400 0.510487
0.470600 0.507907
0.470800 0.505393
0.471000 0.502946
0.471200 0.500563
0.471400 0.498244
0.471600 0.495987
0.471800 0.493791
0.472000 0.491655
0.472200 0.489577
0.472400 0.487557
0.472600 0.485592
0.472800 0.483682
0.473000 0.481826
0.473200 0.480022
0.473400 0.478270
0.473600 0.476568
0.473800 0.474915
0.474000 0.473310
0.474200 0.471752
0.474400 0.470241
0.474600 0.468774
0.474800 0.467351
0.475000 0.465972
0.475200 0.464634
0.475400 0.463337
0.475600 0.462081
0.475800 0.460863
0.476000 0.459684
0.476200 0.458542
0.476400 0.457437
0.476600 0.456368
0.476800 0.455333
0.477000 0.454333
0.477200 0.453365
0.477400 0.452430
0.477600 0.451527
0.477800 0.450654
0.478000 0.449811
0.478200 0.448998
0.478400 0.448214
0.478600 0.447457
0.478800 0.446728
0.479000 0.446025
0.479200 0.445348
0.479400 0.444696
0.479600 0.444069
0.479800 0.443466
0.480000 0.442886
0.480200 0.442329
0.480400 0.441794
0.480600 0.441280
0.480800 0.440788
0.481000 0.440316
0.481200 0.439864
0.481400 0.439431
0.481600 0.439017
0.481800 0.438622
0.482000 0.438244
0.482200 0.437884
0.482400 0.437541
0.482600 0.437214
0.482800 0.436903
0.483000 0.436608
0.483200 0.436328
0.483400 0.436063
0.483600 0.435812
0.483800 0.435574
0.484000 0.435351
0.484200 0.435140
0.484400 0.434942
0.484600 0.434757
0.484800 0.434584
0.485000 0.434422
0.485200 0.434272
0.485400 0.434132
0.485600 0.434004
0.485800 0.433885
0.486000 0.433777
0.486200 0.433679
0.486400 0.433590
0.486600 0.433510
0.486800 0.433439
0.487000 0.433377
0.487200 0.433323
0.487400 0.433277
0.487600 0.433239
0.487800 0.433209
0.488000 0.433186
0.488200 0.433171
0.488400 0.433162
0.488600 0.433160
0.488800 0.433165
0.489000 0.433175
0.489200 0.433192
0.489400 0.433215
0.489600 0.433244
0.489800 0.433278
0.490000 0.433317
0.490200 0.433362
0.490400 0.433412
0.490600 0.433466
0.490800 0.433525
0.491000 0.433589
0.491200 0.433657
0.491400 0.433729
0.491600 0.433805
0.491800 0.433886
0.492000 0.433970
0.492200 0.434057
0.492400 0.434149
0.492600 0.434243
0.492800 0.434341
0.493000 0.434443
0.493200 0.434547
0.493400 0.434654
0.493600 0.434764
0.493800 0.434877
0.494000 0.434992
0.494200 0.435110
0.494400 0.435231
0.494600 0.435353
0.494800 0.435478
0.495000 0.435606
0.495200 0.435735
0.495400 0.435866
0.495600 0.436000
0.495800 0.436135
0.496000 0.436272
0.496200 0.436410
0.496400 0.436551
0.496600 0.436693
0.496800 0.436836
0.497000 0.436981
0.497200 0.437127
0.497400 0.437275
0.497600 0.437424
0.497800 0.437574
0.498000 0.437725
0.498200 0.437877
0.498400 0.438031
0.498600 0.438185
0.498800 0.438341
0.499000 0.438497
0.499200 0.438654
0.499400 0.438812
0.499600 0.438971
0.499800 0.439131
0.500000 0.439291
0.500200 0.439452
0.500400 0.439614
0.500600 0.439776
0.500800 0.439939
0.501000 0.440102
0.501200 0.440266
0.501400 0.440431
0.501600 0.440595
0.501800 0.440761
0.502000 0.440926
0.502200 0.441092
0.502400 0.441259
0.502600 0.441425
0.502800 0.441592
0.503000 0.441760
0.503200 0.441927
0.503400 0.442095
0.503600 0.442263
0.503800 0.442431
0.504000 0.442599
0.504200 0.442768
0.504400 0.442936
0.504600 0.443105
0.504800 0.443274
0.505000 0.443442
0.505200 0.443611
0.505400 0.443780
0.505600 0.443949
0.505800 0.444119
0.506000 0.444288
0.506200 0.444457
0.506400 0.444626
0.506600 0.444795
0.506800 0.444964
0.507000 0.445133
0.507200 0.445302
0.507400 0.445470
0.507600 0.445639
0.507800 0.445808
0.508000 0.445976
0.508200 0.446145
0.508400 0.446313
0.508600 0.446481
0.508800 0.446649
0.509000 0.446817
0.509200 0.446985
0.509400 0.447153
0.509600 0.447320
0.509800 0.447488
0.510000 0.447655
0.510200 0.447822
0.510400 0.447988
0.510600 0.448155
0.510800 0.448321
0.511000 0.448488
0.511200 0.448654
0.511400 0.448819
0.511600 0.448985
0.511800 0.449150
0.512000 0.449315
0.512200 0.449480
0.512400 0.449645
0.512600 0.449809
0.512800 0.449973
0.513000 0.450137
0.513200 0.450301
0.513400 0.450464
0.513600 0.450627
0.513800 0.450790
0.514000 0.450953
0.514200 0.451115
0.514400 0.451277
0.514600 0.451439
0.514800 0.451600
0.515000 0.451762
0.515200 0.451923
0.515400 0.452083
0.515600 0.452244
0.515800 0.452404
0.516000 0.452564
0.516200 0.452723
0.516400 0.452883
0.516600 0.453042
0.516800 0.453200
0.517000 0.453359
0.517200 0.453517
0.517400 0.453674
0.517600 0.453832
0.517800 0.453989
0.518000 0.454146
0.518200 0.454303
0.518400 0.454459
0.518600 0.454615
0.518800 0.454770
0.519000 0.454926
0.519200 0.455081
0.519400 0.455235
0.519600 0.455390
0.519800 0.455544
0.520000 0.455698
0.520200 0.455851
0.520400 0.456004
0.520600 0.456157
0.520800 0.456309
0.521000 0.456462
0.521200 0.456613
0.521400 0.456765
0.521600 0.456916
0.521800 0.457067
0.522000 0.457217
0.522200 0.457368
0.522400 0.457518
0.522600 0.457667
0.522800 0.457816
0.523000 0.457965
0.523200 0.458114
0.523400 0.458262
0.523600 0.458410
0.523800 0.458557
0.524000 0.458705
0.524200 0.458851
0.524400 0.458998
0.524600 0.459144
0.524800 0.459290
0.525000 0.459436
0.525200 0.459581
0.525400 0.459726
0.525600 0.459870
0.525800 0.460014
0.526000 0.460158
0.526200 0.460302
0.526400 0.460445
0.526600 0.460588
0.526800 0.460730
0.527000 0.460872
0.527200 0.461014
0.527400 0.461156
0.527600 0.461297
0.527800 0.461438
0.528000 0.461578
0.528200 0.461718
0.528400 0.461858
0.528600 0.461997
0.528800 0.462136
0.529000 0.462275
0.529200 0.462413
0.529400 0.462551
0.529600 0.462689
0.529800 0.462826
0.530000 0.462963
0.530200 0.463100
0.530400 0.463236
0.530600 0.463372
0.530800 0.463508
0.531000 0.463643
0.531200 0.463778
0.531400 0.463912
0.531600 0.464047
0.531800 0.464180
0.532000 0.464314
0.532200 0.464447
0.532400 0.464580
0.532600 0.464712
0.532800 0.464844
0.533000 0.464976
0.533200 0.465107
0.533400 0.465238
0.533600 0.465369
0.533800 0.465499
0.534000 0.465629
0.534200 0.465759
0.534400 0.465888
0.534600 0.466017
0.534800 0.466145
0.535000 0.466273
0.535200 0.466401
0.535400 0.466528
0.535600 0.466656
0.535800 0.466782
0.536000 0.466909
0.536200 0.467035
0.536400 0.467160
0.536600 0.467285
0.536800 0.467410
0.537000 0.467535
0.537200 0.467659
0.537400 0.467783
0.537600 0.467906
0.537800 0.468030
0.538000 0.468152
0.538200 0.468275
0.538400 0.468397
0.538600 0.468518
0.538800 0.468640
0.539000 0.468761
0.539200 0.468881
0.539400 0.469001
0.539600 0.469121
0.539800 0.469241
0.540000 0.469360
0.540200 0.469478
0.540400 0.469597
0.540600 0.469715
0.540800 0.469832
0.541000 0.469950
0.541200 0.470067
0.541400 0.470183
0.541600 0.470299
0.541800 0.470415
0.542000 0.470531
0.542200 0.470646
0.542400 0.470760
0.542600 0.470875
0.542800 0.470989
0.543000 0.471102
0.543200 0.471215
0.543400 0.471328
0.543600 0.471441
0.543800 0.471553
0.544000 0.471664
0.544200 0.471776
0.544400 0.471887
0.544600 0.471997
0.544800 0.472108
0.545000 0.472218
0.545200 0.472327
0.545400 0.472436
0.545600 0.472545
0.545800 0.472653
0.546000 0.472761
0.546200 0.472869
0.546400 0.472976
0.546600 0.473083
0.546800 0.473190
0.547000 0.473296
0.547200 0.473402
0.547400 0.473507
0.547600 0.473612
0.547800 0.473717
0.548000 0.473821
0.548200 0.473925
0.548400 0.474028
0.548600 0.474131
0.548800 0.474234
0.549000 0.474336
0.549200 0.474438
0.549400 0.474540
0.549600 0.474641
0.549800 0.474742
0.550000 0.474843
0.550200 0.474943
0.550400 0.475042
0.550600 0.475142
0.550800 0.475241
0.551000 0.475339
0.551200 0.475437
0.551400 0.475535
0.551600 0.475633
0.551800 0.475730
0.552000 0.475826
0.552200 0.475923
0.552400 0.476019
0.552600 0.476114
0.552800 0.476209
0.553000 0.476304
0.553200 0.476398
0.553400 0.476492
0.553600 0.476586
0.553800 0.476679
0.554000 0.476772
0.554200 0.476864
0.554400 0.476957
0.554600 0.477048
0.554800 0.477140
0.555000 0.477230
0.555200 0.477321
0.555400 0.477411
0.555600 0.477501
0.555800 0.477590
0.556000 0.477679
0.556200 0.477768
0.556400 0.477856
0.556600 0.477944
0.556800 0.478031
0.557000 0.478118
0.557200 0.478205
0.557400 0.478291
0.557600 0.478377
0.557800 0.478463
0.558000 0.478548
0.558200 0.478633
0.558400 0.478717
0.558600 0.478801
0.558800 0.478884
0.559000 0.478968
0.559200 0.479050
0.559400 0.479133
0.559600 0.479215
0.559800 0.479296
0.560000 0.479378
0.560200 0.479458
0.560400 0.479539
0.560600 0.479619
0.560800 0.479698
0.561000 0.479778
0.561200 0.479857
0.561400 0.479935
0.561600 0.480013
0.561800 0.480091
0.562000 0.480168
0.562200 0.480245
0.562400 0.480322
0.562600 0.480398
0.562800 0.480473
0.563000 0.480549
0.563200 0.480624
0.563400 0.480698
0.563600 0.480772
0.563800 0.480846
0.564000 0.480919
0.564200 0.480992
0.564400 0.481065
0.564600 0.481137
0.564800 0.481209
0.565000 0.481280
0.565200 0.481351
0.565400 0.481422
0.565600 0.481492
0.565800 0.481562
0.566000 0.481631
0.566200 0.481700
0.566400 0.481769
0.566600 0.481837
0.566800 0.481905
0.567000 0.481972
0.567200 0.482039
0.567400 0.482106
0.567600 0.482172
0.567800 0.482238
0.568000 0.482304
0.568200 0.482369
0.568400 0.482433
0.568600 0.482497
0.568800 0.482561
0.569000 0.482625
0.569200 0.482688
0.569400 0.482750
0.569600 0.482813
0.569800 0.482875
0.570000 0.482936
0.570200 0.482997
0.570400 0.483058
0.570600 0.483118
0.570800 0.483178
0.571000 0.483237
0.571200 0.483296
0.571400 0.483355
0.571600 0.483413
0.571800 0.483471
0.572000 0.483528
0.572200 0.483585
0.572400 0.483642
0.572600 0.483698
0.572800 0.483754
0.573000 0.483810
0.573200 0.483865
0.573400 0.483919
0.573600 0.483973
0.573800 0.484027
0.574000 0.484081
0.574200 0.484134
0.574400 0.484186
0.574600 0.484239
0.574800 0.484290
0.575000 0.484342
0.575200 0.484393
0.575400 0.484443
0.575600 0.484494
0.575800 0.484543
0.576000 0.484593
0.576200 0.484642
0.576400 0.484690
0.576600 0.484738
0.576800 0.484786
0.577000 0.484834
0.577200 0.484881
0.577400 0.484927
0.577600 0.484973
0.577800 0.485019
0.578000 0.485064
0.578200 0.485109
0.578400 0.485154
0.578600 0.485198
0.578800 0.485242
0.579000 0.485285
0.579200 0.485328
0.579400 0.485370
0.579600 0.485413
0.579800 0.485454
0.580000 0.485496
0.580200 0.485536
0.580400 0.485577
0.580600 0.485617
0.580800 0.485657
0.581000 0.485696
0.581200 0.485735
0.581400 0.485773
0.581600 0.485811
0.581800 0.485849
0.582000 0.485886
0.582200 0.485923
0.582400 0.485959
0.582600 0.485995
0.582800 0.486031
0.583000 0.486066
0.583200 0.486101
0.583400 0.486135
0.583600 0.486169
0.583800 0.486203
0.584000 0.486236
0.584200 0.486268
0.584400 0.486301
0.584600 0.486333
0.584800 0.486364
0.585000 0.486395
0.585200 0.486426
0.585400 0.486456
0.585600 0.486486
0.585800 0.486516
0.586000 0.486545
0.586200 0.486573
0.586400 0.486602
0.586600 0.486629
0.586800 0.486657
0.587000 0.486684
0.587200 0.486710
0.587400 0.486737
0.587600 0.486762
0.587800 0.486788
0.588000 0.486813
0.588200 0.486837
0.588400 0.486861
0.588600 0.486885
0.588800 0.486908
0.589000 0.486931
0.589200 0.486954
0.589400 0.486976
0.589600 0.486998
0.589800 0.487019
0.590000 0.487040
0.590200 0.487060
0.590400 0.487080
0.590600 0.487100
0.590800 0.487119
0.591000 0.487138
0.591200 0.487156
0.591400 0.487174
0.591600 0.487192
0.591800 0.487209
0.592000 0.487226
0.592200 0.487242
0.592400 0.487258
0.592600 0.487274
0.592800 0.487289
0.593000 0.487304
0.593200 0.487318
0.593400 0.487332
0.593600 0.487345
0.593800 0.487358
0.594000 0.487371
0.594200 0.487383
0.594400 0.487395
0.594600 0.487406
0.594800 0.487417
0.595000 0.487428
0.595200 0.487438
0.595400 0.487448
0.595600 0.487457
0.595800 0.487466
0.596000 0.487475
0.596200 0.487483
0.596400 0.487491
0.596600 0.487498
0.596800 0.487505
0.597000 0.487511
0.597200 0.487517
0.597400 0.487523
0.597600 0.487528
0.597800 0.487533
0.598000 0.487537
0.598200 0.487542
0.598400 0.487545
0.598600 0.487548
0.598800 0.487551
0.599000 0.487553
0.599200 0.487555
0.599400 0.487557
0.599600 0.487558
0.599800 0.487559
0.600000 0.487559
0.600200 0.487559
0.600400 0.487558
0.600600 0.487558
0.600800 0.487556
0.601000 0.487554
0.601200 0.487552
0.601400 0.487550
0.601600 0.487547
0.601800 0.487543
0.602000 0.487540
0.602200 0.487535
0.602400 0.487531
0.602600 0.487526
0.602800 0.487520
0.603000 0.487514
0.603200 0.487508
0.603400 0.487501
0.603600 0.487494
0.603800 0.487487
0.604000 0.487479
0.604200 0.487471
0.604400 0.487462
0.604600 0.487453
0.604800 0.487443
0.605000 0.487433
0.605200 0.487423
0.605400 0.487412
0.605600 0.487401
0.605800 0.487389
0.606000 0.487377
0.606200 0.487365
0.606400 0.487352
0.606600 0.487338
0.606800 0.487325
0.607000 0.487311
0.607200 0.487296
0.607400 0.487281
0.607600 0.487266
0.607800 0.487250
0.608000 0.487234
0.608200 0.487217
0.608400 0.487201
0.608600 0.487183
0.608800 0.487165
0.609000 0.487147
0.609200 0.487129
0.609400 0.487110
0.609600 0.487090
0.609800 0.487070
0.610000 0.487050
0.610200 0.487029
0.610400 0.487008
0.610600 0.486987
0.610800 0.486965
0.611000 0.486943
0.611200 0.486920
0.611400 0.486897
0.611600 0.486873
0.611800 0.486849
0.612000 0.486825
0.612200 0.486800
0.612400 0.486775
0.612600 0.486749
0.612800 0.486723
0.613000 0.486697
0.613200 0.486670
0.613400 0.486643
0.613600 0.486615
0.613800 0.486587
0.614000 0.486559
0.614200 0.486530
0.614400 0.486501
0.614600 0.486471
0.614800 0.486441
0.615000 0.486411
0.615200 0.486380
0.615400 0.486348
0.615600 0.486317
0.615800 0.486285
0.616000 0.486252
0.616200 0.486219
0.616400 0.486186
0.616600 0.486152
0.616800 0.486118
0.617000 0.486083
0.617200 0.486048
0.617400 0.486013
0.617600 0.485977
0.617800 0.485941
0.618000 0.485904
0.618200 0.485867
0.618400 0.485830
0.618600 0.485792
0.618800 0.485754
0.619000 0.485715
0.619200 0.485676
0.619400 0.485637
0.619600 0.485597
0.619800 0.485557
0.620000 0.485516
0.620200 0.485475
0.620400 0.485433
0.620600 0.485391
0.620800 0.485349
0.621000 0.485306
0.621200 0.485263
0.621400 0.485220
0.621600 0.485176
0.621800 0.485132
0.622000 0.485087
0.622200 0.485042
0.622400 0.484996
0.622600 0.484950
0.622800 0.484904
0.623000 0.484857
0.623200 0.484810
0.623400 0.484762
0.623600 0.484714
0.623800 0.484666
0.624000 0.484617
0.624200 0.484568
0.624400 0.484518
0.624600 0.484468
0.624800 0.484418
0.625000 0.484367
0.625200 0.484316
0.625400 0.484264
0.625600 0.484212
0.625800 0.484160
0.626000 0.484107
0.626200 0.484054
0.626400 0.484000
0.626600 0.483946
0.626800 0.483892
0.627000 0.483837
0.627200 0.483782
0.627400 0.483726
0.627600 0.483670
0.627800 0.483614
0.628000 0.483557
0.628200 0.483500
0.628400 0.483442
0.628600 0.483384
0.628800 0.483325
0.629000 0.483267
0.629200 0.483207
0.629400 0.483148
0.629600 0.483088
0.629800 0.483027
0.630000 0.482966
0.630200 0.482905
0.630400 0.482843
0.630600 0.482781
0.630800 0.482719
0.631000 0.482656
0.631200 0.482593
0.631400 0.482529
0.631600 0.482465
0.631800 0.482401
0.632000 0.482336
0.632200 0.482271
0.632400 0.482205
0.632600 0.482139
0.632800 0.482073
0.633000 0.482006
0.633200 0.481939
0.633400 0.481871
0.633600 0.481803
0.633800 0.481735
0.634000 0.481666
0.634200 0.481596
0.634400 0.481527
0.634600 0.481457
0.634800 0.481386
0.635000 0.481316
0.635200 0.481244
0.635400 0.481173
0.635600 0.481101
0.635800 0.481029
0.636000 0.480956
0.636200 0.480883
0.636400 0.480809
0.636600 0.480735
0.636800 0.480661
0.637000 0.480586
0.637200 0.480511
0.637400 0.480435
0.637600 0.480359
0.637800 0.480283
0.638000 0.480206
0.638200 0.480129
0.638400 0.480052
0.638600 0.479974
0.638800 0.479896
0.639000 0.479817
0.639200 0.479738
0.639400 0.479658
0.639600 0.479579
0.639800 0.479498
0.640000 0.479418
0.640200 0.479337
0.640400 0.479255
0.640600 0.479173
0.640800 0.479091
0.641000 0.479009
0.641200 0.478926
0.641400 0.478842
0.641600 0.478759
0.641800 0.478674
0.642000 0.478590
0.642200 0.478505
0.642400 0.478420
0.642600 0.478334
0.642800 0.478248
0.643000 0.478161
0.643200 0.478075
0.643400 0.477987
0.643600 0.477900
0.643800 0.477812
0.644000 0.477723
0.644200 0.477635
0.644400 0.477545
0.644600 0.477456
0.644800 0.477366
0.645000 0.477275
0.645200 0.477185
0.645400 0.477094
0.645600 0.477002
0.645800 0.476910
0.646000 0.476818
0.646200 0.476725
0.646400 0.476632
0.646600 0.476539
0.646800 0.476445
0.647000 0.476351
0.647200 0.476256
0.647400 0.476161
0.647600 0.476066
0.647800 0.475970
0.648000 0.475874
0.648200 0.475778
0.648400 0.475681
0.648600 0.475584
0.648800 0.475486
0.649000 0.475388
0.649200 0.475290
0.649400 0.475191
0.649600 0.475092
0.649800 0.474992
0.650000 0.474892
0.650200 0.474792
0.650400 0.474691
0.650600 0.474590
0.650800 0.474489
0.651000 0.474387
0.651200 0.474285
0.651400 0.474182
0.651600 0.474079
0.651800 0.473976
0.652000 0.473872
0.652200 0.473768
0.652400 0.473664
0.652600 0.473559
0.652800 0.473454
0.653000 0.473348
0.653200 0.473242
0.653400 0.473136
0.653600 0.473029
0.653800 0.472922
0.654000 0.472815
0.654200 0.472707
0.654400 0.472599
0.654600 0.472490
0.654800 0.472381
0.655000 0.472272
0.655200 0.472162
0.655400 0.472052
0.655600 0.471942
0.655800 0.471831
0.656000 0.471720
0.656200 0.471608
0.656400 0.471496
0.656600 0.471384
0.656800 0.471271
0.657000 0.471158
0.657200 0.471045
0.657400 0.470931
0.657600 0.470817
0.657800 0.470703
0.658000 0.470588
0.658200 0.470472
0.658400 0.470357
0.658600 0.470241
0.658800 0.470125
0.659000 0.470008
0.659200 0.469891
0.659400 0.469773
0.659600 0.469655
0.659800 0.469537
0.660000 0.469419
0.660200 0.469300
0.660400 0.469180
0.660600 0.469061
0.660800 0.468941
0.661000 0.468820
0.661200 0.468700
0.661400 0.468579
0.661600 0.468457
0.661800 0.468335
0.662000 0.468213
0.662200 0.468091
0.662400 0.467968
0.662600 0.467844
0.662800 0.467721
0.663000 0.467597
0.663200 0.467472
0.663400 0.467348
0.663600 0.467222
0.663800 0.467097
0.664000 0.466971
0.664200 0.466845
0.664400 0.466718
0.664600 0.466592
0.664800 0.466464
0.665000 0.466337
0.665200 0.466209
0.665400 0.466080
0.665600 0.465952
0.665800 0.465823
0.666000 0.465693
0.666200 0.465564
0.666400 0.465433
0.666600 0.465303
0.666800 0.465172
0.667000 0.465041
0.667200 0.464909
0.667400 0.464778
0.667600 0.464645
0.667800 0.464513
0.668000 0.464380
0.668200 0.464247
0.668400 0.464113
0.668600 0.463979
0.668800 0.463844
0.669000 0.463710
0.669200 0.463575
0.669400 0.463439
0.669600 0.463304
0.669800 0.463167
0.670000 0.463031
0.670200 0.462894
0.670400 0.462757
0.670600 0.462619
0.670800 0.462482
0.671000 0.462343
0.671200 0.462205
0.671400 0.462066
0.671600 0.461927
0.671800 0.461787
0.672000 0.461647
0.672200 0.461507
0.672400 0.461366
0.672600 0.461225
0.672800 0.461084
0.673000 0.460942
0.673200 0.460800
0.673400 0.460658
0.673600 0.460515
0.673800 0.460372
0.674000 0.460229
0.674200 0.460085
0.674400 0.459941
0.674600 0.459796
0.674800 0.459652
0.675000 0.459506
0.675200 0.459361
0.675400 0.459215
0.675600 0.459069
0.675800 0.458923
0.676000 0.458776
0.676200 0.458629
0.676400 0.458481
0.676600 0.458333
0.676800 0.458185
0.677000 0.458037
0.677200 0.457888
0.677400 0.457739
0.677600 0.457589
0.677800 0.457439
0.678000 0.457289
0.678200 0.457139
0.678400 0.456988
0.678600 0.456836
0.678800 0.456685
0.679000 0.456533
0.679200 0.456381
0.679400 0.456228
0.679600 0.456075
0.679800 0.455922
0.680000 0.455769
0.680200 0.455615
0.680400 0.455461
0.680600 0.455306
0.680800 0.455151
0.681000 0.454996
0.681200 0.454841
0.681400 0.454685
0.681600 0.454529
0.681800 0.454372
0.682000 0.454215
0.682200 0.454058
0.682400 0.453901
0.682600 0.453743
0.682800 0.453585
0.683000 0.453426
0.683200 0.453267
0.683400 0.453108
0.683600 0.452949
0.683800 0.452789
0.684000 0.452629
0.684200 0.452468
0.684400 0.452308
0.684600 0.452147
0.684800 0.451985
0.685000 0.451823
0.685200 0.451661
0.685400 0.451499
0.685600 0.451336
0.685800 0.451173
0.686000 0.451010
0.686200 0.450846
0.686400 0.450682
0.686600 0.450518
0.686800 0.450353
0.687000 0.450189
0.687200 0.450023
0.687400 0.449858
0.687600 0.449692
0.687800 0.449526
0.688000 0.449359
0.688200 0.449192
0.688400 0.449025
0.688600 0.448858
0.688800 0.448690
0.689000 0.448522
0.689200 0.448353
0.689400 0.448185
0.689600 0.448016
0.689800 0.447846
0.690000 0.447677
0.690200 0.447507
0.690400 0.447336
0.690600 0.447166
0.690800 0.446995
0.691000 0.446824
0.691200 0.446652
0.691400 0.446480
0.691600 0.446308
0.691800 0.446136
0.692000 0.445963
0.692200 0.445790
0.692400 0.445616
0.692600 0.445443
0.692800 0.445269
0.693000 0.445094
0.693200 0.444920
0.693400 0.444745
0.693600 0.444570
0.693800 0.444394
0.694000 0.444218
0.694200 0.444042
0.694400 0.443866
0.694600 0.443689
0.694800 0.443512
0.695000 0.443334
0.695200 0.443157
0.695400 0.442979
0.695600 0.442801
0.695800 0.442622
0.696000 0.442443
0.696200 0.442264
0.696400 0.442084
0.696600 0.441905
0.696800 0.441725
0.697000 0.441544
0.697200 0.441364
0.697400 0.441183
0.697600 0.441001
0.697800 0.440820
0.698000 0.440638
0.698200 0.440456
0.698400 0.440274
0.698600 0.440091
0.698800 0.439908
0.699000 0.439724
0.699200 0.439541
0.699400 0.439357
0.699600 0.439173
0.699800 0.438988
0.700000 0.438804
0.700200 0.438618
0.700400 0.438433
0.700600 0.438247
0.700800 0.438062
0.701000 0.437875
0.701200 0.437689
0.701400 0.437502
0.701600 0.437315
0.701800 0.437127
0.702000 0.436940
0.702200 0.436752
0.702400 0.436564
0.702600 0.436375
0.702800 0.436186
0.703000 0.435997
0.703200 0.435808
0.703400 0.435618
0.703600 0.435428
0.703800 0.435238
0.704000 0.435047
0.704200 0.434857
0.704400 0.434666
0.704600 0.434474
0.704800 0.434283
0.705000 0.434091
0.705200 0.433898
0.705400 0.433706
0.705600 0.433513
0.705800 0.433320
0.706000 0.433127
0.706200 0.432933
0.706400 0.432739
0.706600 0.432545
0.706800 0.432351
0.707000 0.432156
0.707200 0.431961
0.707400 0.431766
0.707600 0.431570
0.707800 0.431375
0.708000 0.431179
0.708200 0.430982
0.708400 0.430786
0.708600 0.430589
0.708800 0.430391
0.709000 0.430194
0.709200 0.429996
0.709400 0.429798
0.709600 0.429600
0.709800 0.429402
0.710000 0.429203
0.710200 0.429004
0.710400 0.428804
0.710600 0.428605
0.710800 0.428405
0.711000 0.428205
0.711200 0.428005
0.711400 0.427804
0.711600 0.427603
0.711800 0.427402
0.712000 0.427200
0.712200 0.426999
0.712400 0.426797
0.712600 0.426594
0.712800 0.426392
0.713000 0.426189
0.713200 0.425986
0.713400 0.425783
0.713600 0.425579
0.713800 0.425375
0.714000 0.425171
0.714200 0.424967
0.714400 0.424763
0.714600 0.424558
0.714800 0.424353
0.715000 0.424147
0.715200 0.423942
0.715400 0.423736
0.715600 0.423530
0.715800 0.423323
0.716000 0.423117
0.716200 0.422910
0.716400 0.422703
0.716600 0.422495
0.716800 0.422288
0.717000 0.422080
0.717200 0.421872
0.717400 0.421663
0.717600 0.421454
0.717800 0.421246
0.718000 0.421036
0.718200 0.420827
0.718400 0.420617
0.718600 0.420407
0.718800 0.420197
0.719000 0.419987
0.719200 0.419776
0.719400 0.419565
0.719600 0.419354
0.719800 0.419143
0.720000 0.418931
0.720200 0.418719
0.720400 0.418507
0.720600 0.418295
0.720800 0.418082
0.721000 0.417869
0.721200 0.417656
0.721400 0.417443
0.721600 0.417230
0.721800 0.417016
0.722000 0.416802
0.722200 0.416587
0.722400 0.416373
0.722600 0.416158
0.722800 0.415943
0.723000 0.415728
0.723200 0.415512
0.723400 0.415297
0.723600 0.415081
0.723800 0.414864
0.724000 0.414648
0.724200 0.414431
0.724400 0.414215
0.724600 0.413997
0.724800 0.413780
0.725000 0.413562
0.725200 0.413345
0.725400 0.413127
0.725600 0.412908
0.725800 0.412690
0.726000 0.412471
0.726200 0.412252
0.726400 0.412033
0.726600 0.411813
0.726800 0.411594
0.727000 0.411374
0.727200 0.411154
0.727400 0.410933
0.727600 0.410713
0.727800 0.410492
0.728000 0.410271
0.728200 0.410050
0.728400 0.409828
0.728600 0.409607
0.728800 0.409385
0.729000 0.409163
0.729200 0.408940
0.729400 0.408718
0.729600 0.408495
0.729800 0.408272
0.730000 0.408049
0.730200 0.407825
0.730400 0.407601
0.730600 0.407378
0.730800 0.407153
0.731000 0.406929
0.731200 0.406704
0.731400 0.406480
0.731600 0.406255
0.731800 0.406030
0.732000 0.405804
0.732200 0.405578
0.732400 0.405353
0.732600 0.405127
0.732800 0.404900
0.733000 0.404674
0.733200 0.404447
0.733400 0.404220
0.733600 0.403993
0.733800 0.403766
0.734000 0.403538
0.734200 0.403310
0.734400 0.403083
0.734600 0.402854
0.734800 0.402626
0.735000 0.402397
0.735200 0.402169
0.735400 0.401940
0.735600 0.401710
0.735800 0.401481
0.736000 0.401251
0.736200 0.401022
0.736400 0.400792
0.736600 0.400561
0.736800 0.400331
0.737000 0.400100
0.737200 0.399869
0.737400 0.399638
0.737600 0.399407
0.737800 0.399176
0.738000 0.398944
0.738200 0.398712
0.738400 0.398480
0.738600 0.398248
0.738800 0.398016
0.739000 0.397783
0.739200 0.397550
0.739400 0.397317
0.739600 0.397084
0.739800 0.396851
0.740000 0.396617
0.740200 0.396383
0.740400 0.396149
0.740600 0.395915
0.740800 0.395681
0.741000 0.395446
0.741200 0.395211
0.741400 0.394976
0.741600 0.394741
0.741800 0.394506
0.742000 0.394270
0.742200 0.394035
0.742400 0.393799
0.742600 0.393563
0.742800 0.393326
0.743000 0.393090
0.743200 0.392853
0.743400 0.392617
0.743600 0.392380
0.743800 0.392142
0.744000 0.391905
0.744200 0.391667
0.744400 0.391430
0.744600 0.391192
0.744800 0.390954
0.745000 0.390715
0.745200 0.390477
0.745400 0.390238
0.745600 0.389999
0.745800 0.389760
0.746000 0.389521
0.746200 0.389282
0.746400 0.389042
0.746600 0.388803
0.746800 0.388563
0.747000 0.388323
0.747200 0.388082
0.747400 0.387842
0.747600 0.387601
0.747800 0.387361
0.748000 0.387120
0.748200 0.386878
0.748400 0.386637
0.748600 0.386396
0.748800 0.386154
0.749000 0.385912
0.749200 0.385670
0.749400 0.385428
0.749600 0.385186
0.749800 0.384943
0.750000 0.384701
0.750200 0.384458
0.750400 0.384215
0.750600 0.383972
0.750800 0.383728
0.751000 0.383485
0.751200 0.383241
0.751400 0.382997
0.751600 0.382753
0.751800 0.382509
0.752000 0.382265
0.752200 0.382021
0.752400 0.381776
0.752600 0.381531
0.752800 0.381286
0.753000 0.381041
0.753200 0.380796
0.753400 0.380550
0.753600 0.380305
0.753800 0.380059
0.754000 0.379813
0.754200 0.379567
0.754400 0.379321
0.754600 0.379074
0.754800 0.378828
0.755000 0.378581
0.755200 0.378334
0.755400 0.378087
0.755600 0.377840
0.755800 0.377593
0.756000 0.377345
0.756200 0.377098
0.756400 0.376850
0.756600 0.376602
0.756800 0.376354
0.757000 0.376106
0.757200 0.375858
0.757400 0.375609
0.757600 0.375360
0.757800 0.375112
0.758000 0.374863
0.758200 0.374614
0.758400 0.374364
0.758600 0.374115
0.758800 0.373865
0.759000 0.373616
0.759200 0.373366
0.759400 0.373116
0.759600 0.372866
0.759800 0.372616
0.760000 0.372365
0.760200 0.372115
0.760400 0.371864
0.760600 0.371613
0.760800 0.371362
0.761000 0.371111
0.761200 0.370860
0.761400 0.370608
0.761600 0.370357
0.761800 0.370105
0.762000 0.369854
0.762200 0.369602
0.762400 0.369350
0.762600 0.369097
0.762800 0.368845
0.763000 0.368593
0.763200 0.368340
0.763400 0.368087
0.763600 0.367835
0.763800 0.367582
0.764000 0.367328
0.764200 0.367075
0.764400 0.366822
0.764600 0.366568
0.764800 0.366315
0.765000 0.366061
0.765200 0.365807
0.765400 0.365553
0.765600 0.365299
0.765800 0.365045
0.766000 0.364790
0.766200 0.364536
0.766400 0.364281
0.766600 0.364026
0.766800 0.363771
0.767000 0.363516
0.767200 0.363261
0.767400 0.363006
0.767600 0.362751
0.767800 0.362495
0.768000 0.362239
0.768200 0.361984
0.768400 0.361728
0.768600 0.361472
0.768800 0.361216
0.769000 0.360960
0.769200 0.360703
0.769400 0.360447
0.769600 0.360190
0.769800 0.359934
0.770000 0.359677
0.770200 0.359420
0.770400 0.359163
0.770600 0.358906
0.770800 0.358648
0.771000 0.358391
0.771200 0.358134
0.771400 0.357876
0.771600 0.357618
0.771800 0.357361
0.772000 0.357103
0.772200 0.356845
0.772400 0.356586
0.772600 0.356328
0.772800 0.356070
0.773000 0.355811
0.773200 0.355553
0.773400 0.355294
0.773600 0.355035
0.773800 0.354777
0.774000 0.354518
0.774200 0.354258
0.774400 0.353999
0.774600 0.353740
0.774800 0.353481
0.775000 0.353221
0.775200 0.352961
0.775400 0.352702
0.775600 0.352442
0.775800 0.352182
0.776000 0.351922
0.776200 0.351662
0.776400 0.351402
0.776600 0.351142
0.776800 0.350881
0.777000 0.350621
0.777200 0.350360
0.777400 0.350099
0.777600 0.349839
0.777800 0.349578
0.778000 0.349317
0.778200 0.349056
0.778400 0.348795
0.778600 0.348533
0.778800 0.348272
0.779000 0.348011
0.779200 0.347749
0.779400 0.347487
0.779600 0.347226
0.779800 0.346964
0.780000 0.346702
0.780200 0.346440
0.780400 0.346178
0.780600 0.345916
0.780800 0.345654
0.781000 0.345391
0.781200 0.345129
0.781400 0.344867
0.781600 0.344604
0.781800 0.344341
0.782000 0.344079
0.782200 0.343816
0.782400 0.343553
0.782600 0.343290
0.782800 0.343027
0.783000 0.342764
0.783200 0.342501
0.783400 0.342237
0.783600 0.341974
0.783800 0.341711
0.784000 0.341447
0.784200 0.341183
0.784400 0.340920
0.784600 0.340656
0.784800 0.340392
0.785000 0.340128
0.785200 0.339864
0.785400 0.339600
0.785600 0.339336
0.785800 0.339072
0.786000 0.338808
0.786200 0.338543
0.786400 0.338279
0.786600 0.338014
0.786800 0.337750
0.787000 0.337485
0.787200 0.337220
0.787400 0.336956
0.787600 0.336691
0.787800 0.336426
0.788000 0.336161
0.788200 0.335896
0.788400 0.335631
0.788600 0.335366
0.788800 0.335100
0.789000 0.334835
0.789200 0.334570
0.789400 0.334304
0.789600 0.334039
0.789800 0.333773
0.790000 0.333507
0.790200 0.333242
0.790400 0.332976
0.790600 0.332710
0.790800 0.332444
0.791000 0.332178
0.791200 0.331912
0.791400 0.331646
0.791600 0.331380
0.791800 0.331114
0.792000 0.330848
0.792200 0.330582
0.792400 0.330315
0.792600 0.330049
0.792800 0.329783
0.793000 0.329516
0.793200 0.329249
0.793400 0.328983
0.793600 0.328716
0.793800 0.328450
0.794000 0.328183
0.794200 0.327916
0.794400 0.327649
0.794600 0.327382
0.794800 0.327115
0.795000 0.326848
0.795200 0.326581
0.795400 0.326314
0.795600 0.326047
0.795800 0.325780
0.796000 0.325512
0.796200 0.325245
0.796400 0.324978
0.796600 0.324710
0.796800 0.324443
0.797000 0.324176
0.797200 0.323908
0.797400 0.323640
0.797600 0.323373
0.797800 0.323105
0.798000 0.322837
0.798200 0.322570
0.798400 0.322302
0.798600 0.322034
0.798800 0.321766
0.799000 0.321498
0.799200 0.321231
0.799400 0.320963
0.799600 0.320695
0.799800 0.320427
0.800000 0.320158
0.800200 0.319890
0.800400 0.319622
0.800600 0.319354
0.800800 0.319086
0.801000 0.318818
0.801200 0.318549
0.801400 0.318281
0.801600 0.318013
0.801800 0.317744
0.802000 0.317476
0.802200 0.317207
0.802400 0.316939
0.802600 0.316670
0.802800 0.316402
0.803000 0.316133
0.803200 0.315865
0.803400 0.315596
0.803600 0.315327
0.803800 0.315059
0.804000 0.314790
0.804200 0.314521
0.804400 0.314253
0.804600 0.313984
0.804800 0.313715
0.805000 0.313446
0.805200 0.313177
0.805400 0.312908
0.805600 0.312640
0.805800 0.312371
0.806000 0.312102
0.806200 0.311833
0.806400 0.311564
0.806600 0.311295
0.806800 0.311026
0.807000 0.310757
0.807200 0.310488
0.807400 0.310219
0.807600 0.309950
0.807800 0.309680
0.808000 0.309411
0.808200 0.309142
0.808400 0.308873
0.808600 0.308604
0.808800 0.308335
0.809000 0.308065
0.809200 0.307796
0.809400 0.307527
0.809600 0.307258
0.809800 0.306989
0.810000 0.306719
0.810200 0.306450
0.810400 0.306181
0.810600 0.305911
0.810800 0.305642
0.811000 0.305373
0.811200 0.305104
0.811400 0.304834
0.811600 0.304565
0.811800 0.304296
0.812000 0.304026
0.812200 0.303757
0.812400 0.303487
0.812600 0.303218
0.812800 0.302949
0.813000 0.302679
0.813200 0.302410
0.813400 0.302141
0.813600 0.301871
0.813800 0.301602
0.814000 0.301332
0.814200 0.301063
0.814400 0.300794
0.814600 0.300524
0.814800 0.300255
0.815000 0.299986
0.815200 0.299716
0.815400 0.299447
0.815600 0.299177
0.815800 0.298908
0.816000 0.298639
0.816200 0.298369
0.816400 0.298100
0.816600 0.297831
0.816800 0.297561
0.817000 0.297292
0.817200 0.297023
0.817400 0.296753
0.817600 0.296484
0.817800 0.296215
0.818000 0.295945
0.818200 0.295676
0.818400 0.295407
0.818600 0.295137
0.818800 0.294868
0.819000 0.294599
0.819200 0.294330
0.819400 0.294060
0.819600 0.293791
0.819800 0.293522
0.820000 0.293253
0.820200 0.292983
0.820400 0.292714
0.820600 0.292445
0.820800 0.292176
0.821000 0.291907
0.821200 0.291638
0.821400 0.291369
0.821600 0.291100
0.821800 0.290830
0.822000 0.290561
0.822200 0.290292
0.822400 0.290023
0.822600 0.289754
0.822800 0.289485
0.823000 0.289216
0.823200 0.288948
0.823400 0.288679
0.823600 0.288410
0.823800 0.288141
0.824000 0.287872
0.824200 0.287603
0.824400 0.287334
0.824600 0.287066
0.824800 0.286797
0.825000 0.286528
0.825200 0.286259
0.825400 0.285991
0.825600 0.285722
0.825800 0.285453
0.826000 0.285185
0.826200 0.284916
0.826400 0.284648
0.826600 0.284379
0.826800 0.284111
0.827000 0.283842
0.827200 0.283574
0.827400 0.283305
0.827600 0.283037
0.827800 0.282769
0.828000 0.282500
0.828200 0.282232
0.828400 0.281964
0.828600 0.281696
0.828800 0.281428
0.829000 0.281159
0.829200 0.280891
0.829400 0.280623
0.829600 0.280355
0.829800 0.280087
0.830000 0.279819
0.830200 0.279551
0.830400 0.279283
0.830600 0.279016
0.830800 0.278748
0.831000 0.278480
0.831200 0.278212
0.831400 0.277945
0.831600 0.277677
0.831800 0.277409
0.832000 0.277142
0.832200 0.276874
0.832400 0.276607
0.832600 0.276339
0.832800 0.276072
0.833000 0.275804
0.833200 0.275537
0.833400 0.275270
0.833600 0.275003
0.833800 0.274735
0.834000 0.274468
0.834200 0.274201
0.834400 0.273934
0.834600 0.273667
0.834800 0.273400
0.835000 0.273133
0.835200 0.272866
0.835400 0.272600
0.835600 0.272333
0.835800 0.272066
0.836000 0.271799
0.836200 0.271533
0.836400 0.271266
0.836600 0.271000
0.836800 0.270733
0.837000 0.270467
0.837200 0.270200
0.837400 0.269934
0.837600 0.269668
0.837800 0.269402
0.838000 0.269136
0.838200 0.268869
0.838400 0.268603
0.838600 0.268337
0.838800 0.268071
0.839000 0.267806
0.839200 0.267540
0.839400 0.267274
0.839600 0.267008
0.839800 0.266743
0.840000 0.266477
0.840200 0.266212
0.840400 0.265946
0.840600 0.265681
0.840800 0.265415
0.841000 0.265150
0.841200 0.264885
0.841400 0.264620
0.841600 0.264355
0.841800 0.264090
0.842000 0.263825
0.842200 0.263560
0.842400 0.263295
0.842600 0.263030
0.842800 0.262765
0.843000 0.262501
0.843200 0.262236
0.843400 0.261972
0.843600 0.261707
0.843800 0.261443
0.844000 0.261178
0.844200 0.260914
0.844400 0.260650
0.844600 0.260386
0.844800 0.260122
0.845000 0.259858
0.845200 0.259594
0.845400 0.259330
0.845600 0.259066
0.845800 0.258803
0.846000 0.258539
0.846200 0.258275
0.846400 0.258012
0.846600 0.257749
0.846800 0.257485
0.847000 0.257222
0.847200 0.256959
0.847400 0.256696
0.847600 0.256433
0.847800 0.256170
0.848000 0.255907
0.848200 0.255644
0.848400 0.255381
0.848600 0.255118
0.848800 0.254856
0.849000 0.254593
0.849200 0.254331
0.849400 0.254069
0.849600 0.253806
0.849800 0.253544
0.850000 0.253282
0.850200 0.253020
0.850400 0.252758
0.850600 0.252496
0.850800 0.252234
0.851000 0.251973
0.851200 0.251711
0.851400 0.251449
0.851600 0.251188
0.851800 0.250927
0.852000 0.250665
0.852200 0.250404
0.852400 0.250143
0.852600 0.249882
0.852800 0.249621
0.853000 0.249360
0.853200 0.249099
0.853400 0.248839
0.853600 0.248578
0.853800 0.248317
0.854000 0.248057
0.854200 0.247797
0.854400 0.247536
0.854600 0.247276
0.854800 0.247016
0.855000 0.246756
0.855200 0.246496
0.855400 0.246236
0.855600 0.245977
0.855800 0.245717
0.856000 0.245457
0.856200 0.245198
0.856400 0.244939
0.856600 0.244679
0.856800 0.244420
0.857000 0.244161
0.857200 0.243902
0.857400 0.243643
0.857600 0.243384
0.857800 0.243126
0.858000 0.242867
0.858200 0.242609
0.858400 0.242350
0.858600 0.242092
0.858800 0.241834
0.859000 0.241576
0.859200 0.241318
0.859400 0.241060
0.859600 0.240802
0.859800 0.240544
0.860000 0.240287
0.860200 0.240029
0.860400 0.239772
0.860600 0.239514
0.860800 0.239257
0.861000 0.239000
0.861200 0.238743
0.861400 0.238486
0.861600 0.238229
0.861800 0.237973
0.862000 0.237716
0.862200 0.237460
0.862400 0.237203
0.862600 0.236947
0.862800 0.236691
0.863000 0.236435
0.863200 0.236179
0.863400 0.235923
0.863600 0.235667
0.863800 0.235411
0.864000 0.235156
0.864200 0.234900
0.864400 0.234645
0.864600 0.234390
0.864800 0.234135
0.865000 0.233880
0.865200 0.233625
0.865400 0.233370
0.865600 0.233116
0.865800 0.232861
0.866000 0.232607
0.866200 0.232352
0.866400 0.232098
0.866600 0.231844
0.866800 0.231590
0.867000 0.231336
0.867200 0.231083
0.867400 0.230829
0.867600 0.230576
0.867800 0.230322
0.868000 0.230069
0.868200 0.229816
0.868400 0.229563
0.868600 0.229310
0.868800 0.229057
0.869000 0.228805
0.869200 0.228552
0.869400 0.228300
0.869600 0.228047
0.869800 0.227795
0.870000 0.227543
0.870200 0.227291
0.870400 0.227039
0.870600 0.226788
0.870800 0.226536
0.871000 0.226285
0.871200 0.226034
0.871400 0.225782
0.871600 0.225531
0.871800 0.225281
0.872000 0.225030
0.872200 0.224779
0.872400 0.224529
0.872600 0.224278
0.872800 0.224028
0.873000 0.223778
0.873200 0.223528
0.873400 0.223278
0.873600 0.223029
0.873800 0.222779
0.874000 0.222530
0.874200 0.222280
0.874400 0.222031
0.874600 0.221782
0.874800 0.221534
0.875000 0.221285
0.875200 0.221036
0.875400 0.220788
0.875600 0.220540
0.875800 0.220292
0.876000 0.220044
0.876200 0.219796
0.876400 0.219548
0.876600 0.219301
0.876800 0.219053
0.877000 0.218806
0.877200 0.218559
0.877400 0.218312
0.877600 0.218066
0.877800 0.217819
0.878000 0.217573
0.878200 0.217327
0.878400 0.217081
0.878600 0.216835
0.878800 0.216589
0.879000 0.216343
0.879200 0.216098
0.879400 0.215853
0.879600 0.215608
0.879800 0.215363
0.880000 0.215118
0.880200 0.214874
0.880400 0.214630
0.880600 0.214386
0.880800 0.214142
0.881000 0.213898
0.881200 0.213654
0.881400 0.213411
0.881600 0.213168
0.881800 0.212925
0.882000 0.212682
0.882200 0.212440
0.882400 0.212197
0.882600 0.211955
0.882800 0.211713
0.883000 0.211472
0.883200 0.211230
0.883400 0.210989
0.883600 0.210748
0.883800 0.210507
0.884000 0.210267
0.884200 0.210027
0.884400 0.209786
0.884600 0.209547
0.884800 0.209307
0.885000 0.209068
0.885200 0.208829
0.885400 0.208590
0.885600 0.208351
0.885800 0.208113
0.886000 0.207875
0.886200 0.207638
0.886400 0.207400
0.886600 0.207163
0.886800 0.206926
0.887000 0.206690
0.887200 0.206453
0.887400 0.206217
0.887600 0.205982
0.887800 0.205747
0.888000 0.205512
0.888200 0.205277
0.888400 0.205043
0.888600 0.204809
0.888800 0.204575
0.889000 0.204342
0.889200 0.204109
0.889400 0.203877
0.889600 0.203645
0.889800 0.203413
0.890000 0.203182
0.890200 0.202951
0.890400 0.202721
0.890600 0.202491
0.890800 0.202261
0.891000 0.202032
0.891200 0.201803
0.891400 0.201575
0.891600 0.201348
0.891800 0.201120
0.892000 0.200894
0.892200 0.200667
0.892400 0.200442
0.892600 0.200217
0.892800 0.199992
0.893000 0.199768
0.893200 0.199545
0.893400 0.199322
0.893600 0.199100
0.893800 0.198878
0.894000 0.198657
0.894200 0.198437
0.894400 0.198217
0.894600 0.197998
0.894800 0.197780
0.895000 0.197562
0.895200 0.197345
0.895400 0.197129
0.895600 0.196914
0.895800 0.196699
0.896000 0.196485
0.896200 0.196272
0.896400 0.196060
0.896600 0.195849
0.896800 0.195638
0.897000 0.195429
0.897200 0.195220
0.897400 0.195013
0.897600 0.194806
0.897800 0.194600
0.898000 0.194396
0.898200 0.194192
0.898400 0.193990
0.898600 0.193788
0.898800 0.193588
0.899000 0.193389
0.899200 0.193191
0.899400 0.192995
0.899600 0.192799
0.899800 0.192605
0.900000 0.192412
0.900200 0.192221
0.900400 0.192030
0.900600 0.191842
0.900800 0.191654
0.901000 0.191469
0.901200 0.191284
0.901400 0.191102
0.901600 0.190921
0.901800 0.190741
0.902000 0.190563
0.902200 0.190387
0.902400 0.190213
0.902600 0.190041
0.902800 0.189870
0.903000 0.189701
0.903200 0.189534
0.903400 0.189370
0.903600 0.189207
0.903800 0.189046
0.904000 0.188888
0.904200 0.188732
0.904400 0.188578
0.904600 0.188426
0.904800 0.188277
0.905000 0.188130
0.905200 0.187985
0.905400 0.187843
0.905600 0.187704
0.905800 0.187568
0.906000 0.187434
0.906200 0.187303
0.906400 0.187175
0.906600 0.187049
0.906800 0.186927
0.907000 0.186808
0.907200 0.186692
0.907400 0.186580
0.907600 0.186470
0.907800 0.186364
0.908000 0.186262
0.908200 0.186163
0.908400 0.186068
0.908600 0.185976
0.908800 0.185888
0.909000 0.185805
0.909200 0.185725
0.909400 0.185649
0.909600 0.185578
0.909800 0.185511
0.910000 0.185448
0.910200 0.185390
0.910400 0.185336
0.910600 0.185287
0.910800 0.185243
0.911000 0.185203
0.911200 0.185169
0.911400 0.185140
0.911600 0.185116
0.911800 0.185098
0.912000 0.185085
0.912200 0.185078
0.912400 0.185076
0.912600 0.185081
0.912800 0.185091
0.913000 0.185108
0.913200 0.185131
0.913400 0.185160
0.913600 0.185196
0.913800 0.185238
0.914000 0.185288
0.914200 0.185344
0.914400 0.185408
0.914600 0.185479
0.914800 0.185557
0.915000 0.185644
0.915200 0.185737
0.915400 0.185839
0.915600 0.185949
0.915800 0.186068
0.916000 0.186194
0.916200 0.186330
0.916400 0.186474
0.916600 0.186627
0.916800 0.186790
0.917000 0.186962
0.917200 0.187143
0.917400 0.187335
0.917600 0.187536
0.917800 0.187747
0.918000 0.187969
0.918200 0.188202
0.918400 0.188445
0.918600 0.188699
0.918800 0.188965
0.919000 0.189242
0.919200 0.189531
0.919400 0.189832
0.919600 0.190145
0.919800 0.190470
0.920000 0.190808
0.920200 0.191159
0.920400 0.191523
0.920600 0.191900
0.920800 0.192291
0.921000 0.192696
0.921200 0.193115
0.921400 0.193548
0.921600 0.193997
0.921800 0.194460
0.922000 0.194938
0.922200 0.195432
0.922400 0.195942
0.922600 0.196467
0.922800 0.197009
0.923000 0.197568
0.923200 0.198144
0.923400 0.198737
0.923600 0.199348
0.923800 0.199976
0.924000 0.200623
0.924200 0.201288
0.924400 0.201972
0.924600 0.202676
0.924800 0.203398
0.925000 0.204141
0.925200 0.204903
0.925400 0.205687
0.925600 0.206491
0.925800 0.207316
0.926000 0.208163
0.926200 0.209031
0.926400 0.209922
0.926600 0.210835
0.926800 0.211772
0.927000 0.212732
0.927200 0.213715
0.927400 0.214723
0.927600 0.215755
0.927800 0.216812
0.928000 0.217894
0.928200 0.219002
0.928400 0.220136
0.928600 0.221297
0.928800 0.222484
0.929000 0.223699
0.929200 0.224942
0.929400 0.226213
0.929600 0.227512
0.929800 0.228841
0.930000 0.230199
0.930200 0.231588
0.930400 0.233007
0.930600 0.234458
0.930800 0.235940
0.931000 0.237455
0.931200 0.239003
0.931400 0.240585
0.931600 0.242201
0.931800 0.243853
0.932000 0.245541
0.932200 0.247267
0.932400 0.249032
0.932600 0.250836
0.932800 0.252681
0.933000 0.254569
0.933200 0.256502
0.933400 0.258482
0.933600 0.260510
0.933800 0.262590
0.934000 0.264725
0.934200 0.266918
0.934400 0.269172
0.934600 0.271494
0.934800 0.273888
0.935000 0.276359
0.935200 0.278916
0.935400 0.281565
0.935600 0.284316
0.935800 0.287180
0.936000 0.290167
0.936200 0.293293
0.936400 0.296572
0.936600 0.300022
0.936800 0.303663
0.937000 0.307519
0.937200 0.311614
0.937400 0.315979
0.937600 0.320647
0.937800 0.325655
0.938000 0.331046
0.938200 0.336866
0.938400 0.343170
0.938600 0.350017
0.938800 0.357473
0.939000 0.365613
0.939200 0.374519
0.939400 0.384284
0.939600 0.395008
0.939800 0.406805
0.940000 0.419798
0.940200 0.434123
0.940400 0.449931
0.940600 0.467385
0.940800 0.486665
0.941000 0.507967
0.941200 0.531502
0.941400 0.557501
0.941600 0.586214
0.941800 0.617910
0.942000 0.652878
0.942200 0.691431
0.942400 0.733900
0.942600 0.780642
0.942800 0.832034
0.943000 0.888479
0.943200 0.950400
0.943400 1.018247
0.943600 1.092489
0.943800 1.173621
0.944000 1.262157
0.944200 1.358633
0.944400 1.463604
0.944600 1.577643
0.944800 1.701337
0.945000 1.835290
0.945200 1.980115
0.945400 2.136431
0.945600 2.304864
0.945800 2.486041
0.946000 2.680584
0.946200 2.889108
0.946400 3.112216
0.946600 3.350491
0.946800 3.604494
0.947000 3.874759
0.947200 4.161780
0.947400 4.466013
0.947600 4.787865
0.947800 5.127689
0.948000 5.485774
0.948200 5.862344
0.948400 6.257547
0.948600 6.671448
0.948800 7.104028
0.949000 7.555170
0.949200 8.024660
0.949400 8.512178
0.949600 9.017295
0.949800 9.539467
0.950000 10.078032
0.950200 10.632208
0.950400 11.201092
0.950600 11.783655
0.950800 12.378746
0.951000 12.985089
0.951200 13.601290
0.951400 14.225834
0.951600 14.857094
0.951800 15.493333
0.952000 16.132712
0.952200 16.773298
0.952400 17.413069
0.952600 18.049930
0.952800 18.681717
0.953000 19.306214
0.953200 19.921160
0.953400 20.524269
0.953600 21.113237
0.953800 21.685761
0.954000 22.239553
0.954200 22.772354
0.954400 23.281951
0.954600 23.766193
0.954800 24.223001
0.955000 24.650390
0.955200 25.046481
0.955400 25.409513
0.955600 25.737859
0.955800 26.030036
0.956000 26.284719
0.956200 26.500750
0.956400 26.677146
0.956600 26.813108
0.956800 26.908029
0.957000 26.961494
0.957200 26.973289
0.957400 26.943399
0.957600 26.872008
0.957800 26.759501
0.958000 26.606455
0.958200 26.413642
0.958400 26.182016
0.958600 25.912710
0.958800 25.607023
0.959000 25.266415
0.959200 24.892493
0.959400 24.486995
0.959600 24.051786
0.959800 23.588834
0.960000 23.100203
0.960200 22.588034
0.960400 22.054532
0.960600 21.501947
0.960800 20.932564
0.961000 20.348684
0.961200 19.752608
0.961400 19.146627
0.961600 18.533004
0.961800 17.913961
0.962000 17.291670
0.962200 16.668235
0.962400 16.045688
0.962600 15.425974
0.962800 14.810946
0.963000 14.202354
0.963200 13.601840
0.963400 13.010934
0.963600 12.431048
0.963800 11.863474
0.964000 11.309379
0.964200 10.769808
0.964400 10.245683
0.964600 9.737801
0.964800 9.246840
0.965000 8.773360
0.965200 8.317805
0.965400 7.880509
0.965600 7.461701
0.965800 7.061509
0.966000 6.679966
0.966200 6.317016
0.966400 5.972523
0.966600 5.646272
0.966800 5.337980
0.967000 5.047304
0.967200 4.773841
0.967400 4.517143
0.967600 4.276718
0.967800 4.052036
0.968000 3.842539
0.968200 3.647645
0.968400 3.466753
0.968600 3.299247
0.968800 3.144505
0.969000 3.001900
0.969200 2.870803
0.969400 2.750594
0.969600 2.640655
0.969800 2.540381
0.970000 2.449182
0.970200 2.366479
0.970400 2.291715
0.970600 2.224350
0.970800 2.163863
0.971000 2.109757
0.971200 2.061556
0.971400 2.018809
0.971600 1.981085
0.971800 1.947978
0.972000 1.919104
0.972200 1.894105
0.972400 1.872642
0.972600 1.854400
0.972800 1.839085
0.973000 1.826422
0.973200 1.816160
0.973400 1.808062
0.973600 1.801913
0.973800 1.797513
0.974000 1.794679
0.974200 1.793245
0.974400 1.793056
0.974600 1.793974
0.974800 1.795871
0.975000 1.798632
0.975200 1.802152
0.975400 1.806338
0.975600 1.811103
0.975800 1.816372
0.976000 1.822075
0.976200 1.828150
0.976400 1.834542
0.976600 1.841202
0.976800 1.848085
0.977000 1.855152
0.977200 1.862367
0.977400 1.869701
0.977600 1.877124
0.977800 1.884613
0.978000 1.892147
0.978200 1.899704
0.978400 1.907270
0.978600 1.914828
0.978800 1.922365
0.979000 1.929871
0.979200 1.937333
0.979400 1.944744
0.979600 1.952095
0.979800 1.959379
0.980000 1.966589
0.980200 1.973720
0.980400 1.980766
0.980600 1.987724
0.980800 1.994589
0.981000 2.001357
0.981200 2.008025
0.981400 2.014590
0.981600 2.021050
0.981800 2.027401
0.982000 2.033642
0.982200 2.039770
0.982400 2.045784
0.982600 2.051681
0.982800 2.057460
0.983000 2.063119
0.983200 2.068657
0.983400 2.074071
0.983600 2.079362
0.983800 2.084527
0.984000 2.089565
0.984200 2.094475
0.984400 2.099255
0.984600 2.103906
0.984800 2.108425
0.985000 2.112811
0.985200 2.117064
0.985400 2.121182
0.985600 2.125166
0.985800 2.129012
0.986000 2.132722
0.986200 2.136293
0.986400 2.139726
0.986600 2.143019
0.986800 2.146172
0.987000 2.149184
0.987200 2.152054
0.987400 2.154782
0.987600 2.157367
0.987800 2.159808
0.988000 2.162105
0.988200 2.164257
0.988400 2.166265
0.988600 2.168127
0.988800 2.169842
0.989000 2.171412
0.989200 2.172834
0.989400 2.174110
0.989600 2.175237
0.989800 2.176218
0.990000 2.177050
0.990200 2.177734
0.990400 2.178270
0.990600 2.178657
0.990800 2.178896
0.991000 2.178986
0.991200 2.178928
0.991400 2.178720
0.991600 2.178364
0.991800 2.177860
0.992000 2.177206
0.992200 2.176404
0.992400 2.175454
0.992600 2.174356
0.992800 2.173110
0.993000 2.171716
0.993200 2.170175
0.993400 2.168486
0.993600 2.166651
0.993800 2.164669
0.994000 2.162541
0.994200 2.160268
0.994400 2.157849
0.994600 2.155286
0.994800 2.152579
0.995000 2.149728
0.995200 2.146734
0.995400 2.143598
0.995600 2.140319
0.995800 2.136900
0.996000 2.133341
0.996200 2.129642
0.996400 2.125804
0.996600 2.121827
0.996800 2.117714
0.997000 2.113464
0.997200 2.109079
0.997400 2.104559
0.997600 2.099905
0.997800 2.095118
0.998000 2.090200
0.998200 2.085150
0.998400 2.079971
0.998600 2.074663
0.998800 2.069228
0.999000 2.063666
0.999200 2.057979
0.999400 2.052167
0.999600 2.046233
0.999800 2.040176
