0.000000 0.209339
0.000200 0.209964
0.000400 0.210591
0.000600 0.211219
0.000800 0.211848
0.001000 0.212479
0.001200 0.213111
0.001400 0.213744
0.001600 0.214379
0.001800 0.215015
0.002000 0.215652
0.002200 0.216291
0.002400 0.216931
0.002600 0.217572
0.002800 0.218215
0.003000 0.218859
0.003200 0.219505
0.003400 0.220152
0.003600 0.220800
0.003800 0.221449
0.004000 0.222100
0.004200 0.222753
0.004400 0.223406
0.004600 0.224061
0.004800 0.224718
0.005000 0.225376
0.005200 0.226035
0.005400 0.226695
0.005600 0.227357
0.005800 0.228020
0.006000 0.228685
0.006200 0.229351
0.006400 0.230018
0.006600 0.230687
0.006800 0.231357
0.007000 0.232029
0.007200 0.232702
0.007400 0.233376
0.007600 0.234051
0.007800 0.234728
0.008000 0.235407
0.008200 0.236086
0.008400 0.236768
0.008600 0.237450
0.008800 0.238134
0.009000 0.238819
0.009200 0.239506
0.009400 0.240194
0.009600 0.240883
0.009800 0.241574
0.010000 0.242266
0.010200 0.242960
0.010400 0.243655
0.010600 0.244351
0.010800 0.245049
0.011000 0.245748
0.011200 0.246448
0.011400 0.247150
0.011600 0.247853
0.011800 0.248558
0.012000 0.249264
0.012200 0.249971
0.012400 0.250680
0.012600 0.251390
0.012800 0.252102
0.013000 0.252815
0.013200 0.253529
0.013400 0.254245
0.013600 0.254962
0.013800 0.255680
0.014000 0.256400
0.014200 0.257122
0.014400 0.257844
0.014600 0.258568
0.014800 0.259294
0.015000 0.260021
0.015200 0.260749
0.015400 0.261478
0.015600 0.262210
0.015800 0.262942
0.016000 0.263676
0.016200 0.264411
0.016400 0.265148
0.016600 0.265886
0.016800 0.266625
0.017000 0.267366
0.017200 0.268108
0.017400 0.268852
0.017600 0.269597
0.017800 0.270343
0.018000 0.271091
0.018200 0.271840
0.018400 0.272591
0.018600 0.273343
0.018800 0.274096
0.019000 0.274851
0.019200 0.275607
0.019400 0.276364
0.019600 0.277123
0.019800 0.277884
0.020000 0.278645
0.020200 0.279409
0.020400 0.280173
0.020600 0.280939
0.020800 0.281706
0.021000 0.282475
0.021200 0.283245
0.021400 0.284017
0.021600 0.284790
0.021800 0.285564
0.022000 0.286340
0.022200 0.287117
0.022400 0.287896
0.022600 0.288675
0.022800 0.289457
0.023000 0.290239
0.023200 0.291024
0.023400 0.291809
0.023600 0.292596
0.023800 0.293384
0.024000 0.294174
0.024200 0.294965
0.024400 0.295758
0.024600 0.296552
0.024800 0.297347
0.025000 0.298143
0.025200 0.298942
0.025400 0.299741
0.025600 0.300542
0.025800 0.301344
0.026000 0.302148
0.026200 0.302953
0.026400 0.303759
0.026600 0.304567
0.026800 0.305376
0.027000 0.306187
0.027200 0.306999
0.027400 0.307812
0.027600 0.308627
0.027800 0.309444
0.028000 0.310261
0.028200 0.311080
0.028400 0.311900
0.028600 0.312722
0.028800 0.313545
0.029000 0.314370
0.029200 0.315196
0.029400 0.316023
0.029600 0.316852
0.029800 0.317682
0.030000 0.318513
0.030200 0.319346
0.030400 0.320181
0.030600 0.321016
0.030800 0.321853
0.031000 0.322692
0.031200 0.323532
0.031400 0.324373
0.031600 0.325215
0.031800 0.326059
0.032000 0.326905
0.032200 0.327751
0.032400 0.328599
0.032600 0.329449
0.032800 0.330300
0.033000 0.331152
0.033200 0.332006
0.033400 0.332861
0.033600 0.333717
0.033800 0.334575
0.034000 0.335434
0.034200 0.336294
0.034400 0.337156
0.034600 0.338019
0.034800 0.338884
0.035000 0.339750
0.035200 0.340617
0.035400 0.341486
0.035600 0.342356
0.035800 0.343228
0.036000 0.344101
0.036200 0.344975
0.036400 0.345850
0.036600 0.346727
0.036800 0.347606
0.037000 0.348485
0.037200 0.349366
0.037400 0.350249
0.037600 0.351132
0.037800 0.352017
0.038000 0.352904
0.038200 0.353792
0.038400 0.354681
0.038600 0.355571
0.038800 0.356463
0.039000 0.357357
0.039200 0.358251
0.039400 0.359147
0.039600 0.360044
0.039800 0.360943
0.040000 0.361843
0.040200 0.362744
0.040400 0.363647
0.040600 0.364551
0.040800 0.365457
0.041000 0.366363
0.041200 0.367271
0.041400 0.368181
0.041600 0.369092
0.041800 0.370004
0.042000 0.370917
0.042200 0.371832
0.042400 0.372748
0.042600 0.373665
0.042800 0.374584
0.043000 0.375504
0.043200 0.376426
0.043400 0.377348
0.043600 0.378273
0.043800 0.379198
0.044000 0.380125
0.044200 0.381053
0.044400 0.381982
0.044600 0.382913
0.044800 0.383845
0.045000 0.384778
0.045200 0.385713
0.045400 0.386649
0.045600 0.387586
0.045800 0.388525
0.046000 0.389465
0.046200 0.390406
0.046400 0.391348
0.046600 0.392292
0.046800 0.393237
0.047000 0.394184
0.047200 0.395132
0.047400 0.396081
0.047600 0.397031
0.047800 0.397983
0.048000 0.398936
0.048200 0.399890
0.048400 0.400845
0.048600 0.401802
0.048800 0.402760
0.049000 0.403720
0.049200 0.404680
0.049400 0.405642
0.049600 0.406606
0.049800 0.407570
0.050000 0.408536
0.050200 0.409503
0.050400 0.410471
0.050600 0.411441
0.050800 0.412412
0.051000 0.413384
0.051200 0.414358
0.051400 0.415332
0.051600 0.416308
0.051800 0.417286
0.052000 0.418264
0.052200 0.419244
0.052400 0.420225
0.052600 0.421207
0.052800 0.422191
0.053000 0.423176
0.053200 0.424162
0.053400 0.425149
0.053600 0.426138
0.053800 0.427128
0.054000 0.428119
0.054200 0.429111
0.054400 0.430105
0.054600 0.431099
0.054800 0.432096
0.055000 0.433093
0.055200 0.434091
0.055400 0.435091
0.055600 0.436092
0.055800 0.437094
0.056000 0.438098
0.056200 0.439103
0.056400 0.440109
0.056600 0.441116
0.056800 0.442124
0.057000 0.443134
0.057200 0.444145
0.057400 0.445157
0.057600 0.446170
0.057800 0.447185
0.058000 0.448200
0.058200 0.449217
0.058400 0.450236
0.058600 0.451255
0.058800 0.452276
0.059000 0.453297
0.059200 0.454321
0.059400 0.455345
0.059600 0.456370
0.059800 0.457397
0.060000 0.458425
0.060200 0.459454
0.060400 0.460484
0.060600 0.461516
0.060800 0.462549
0.061000 0.463583
0.061200 0.464618
0.061400 0.465654
0.061600 0.466692
0.061800 0.467730
0.062000 0.468771
0.062200 0.469812
0.062400 0.470854
0.062600 0.471898
0.062800 0.472943
0.063000 0.473989
0.063200 0.475036
0.063400 0.476085
0.063600 0.477134
0.063800 0.478185
0.064000 0.479238
0.064200 0.480291
0.064400 0.481346
0.064600 0.482402
0.064800 0.483459
0.065000 0.484517
0.065200 0.485577
0.065400 0.486638
0.065600 0.487700
0.065800 0.488763
0.066000 0.489828
0.066200 0.490894
0.066400 0.491961
0.066600 0.493029
0.066800 0.494099
0.067000 0.495170
0.067200 0.496242
0.067400 0.497316
0.067600 0.498391
0.067800 0.499467
0.068000 0.500545
0.068200 0.501623
0.068400 0.502704
0.068600 0.503785
0.068800 0.504868
0.069000 0.505953
0.069200 0.507038
0.069400 0.508126
0.069600 0.509214
0.069800 0.510304
0.070000 0.511396
0.070200 0.512489
0.070400 0.513583
0.070600 0.514679
0.070800 0.515776
0.071000 0.516875
0.071200 0.517976
0.071400 0.519078
0.071600 0.520182
0.071800 0.521287
0.072000 0.522394
0.072200 0.523502
0.072400 0.524613
0.072600 0.525725
0.072800 0.526839
0.073000 0.527954
0.073200 0.529071
0.073400 0.530191
0.073600 0.531312
0.073800 0.532435
0.074000 0.533560
0.074200 0.534686
0.074400 0.535815
0.074600 0.536946
0.074800 0.538079
0.075000 0.539215
0.075200 0.540352
0.075400 0.541492
0.075600 0.542633
0.075800 0.543778
0.076000 0.544924
0.076200 0.546073
0.076400 0.547225
0.076600 0.548379
0.076800 0.549536
0.077000 0.550696
0.077200 0.551858
0.077400 0.553023
0.077600 0.554191
0.077800 0.555362
0.078000 0.556536
0.078200 0.557713
0.078400 0.558894
0.078600 0.560078
0.078800 0.561265
0.079000 0.562455
0.079200 0.563650
0.079400 0.564848
0.079600 0.566049
0.079800 0.567255
0.080000 0.568465
0.080200 0.569678
0.080400 0.570897
0.080600 0.572119
0.080800 0.573346
0.081000 0.574578
0.081200 0.575814
0.081400 0.577055
0.081600 0.578302
0.081800 0.579553
0.082000 0.580810
0.082200 0.582072
0.082400 0.583341
0.082600 0.584615
0.082800 0.585895
0.083000 0.587181
0.083200 0.588474
0.083400 0.589773
0.083600 0.591079
0.083800 0.592392
0.084000 0.593713
0.084200 0.595041
0.084400 0.596376
0.084600 0.597720
0.084800 0.599071
0.085000 0.600431
0.085200 0.601800
0.085400 0.603178
0.085600 0.604564
0.085800 0.605961
0.086000 0.607367
0.086200 0.608783
0.086400 0.610209
0.086600 0.611646
0.086800 0.613094
0.087000 0.614554
0.087200 0.616025
0.087400 0.617508
0.087600 0.619004
0.087800 0.620512
0.088000 0.622033
0.088200 0.623568
0.088400 0.625117
0.088600 0.626680
0.088800 0.628258
0.089000 0.629852
0.089200 0.631460
0.089400 0.633085
0.089600 0.634727
0.089800 0.636385
0.090000 0.638061
0.090200 0.639755
0.090400 0.641468
0.090600 0.643199
0.090800 0.644950
0.091000 0.646722
0.091200 0.648514
0.091400 0.650328
0.091600 0.652163
0.091800 0.654021
0.092000 0.655902
0.092200 0.657807
0.092400 0.659737
0.092600 0.661691
0.092800 0.663672
0.093000 0.665679
0.093200 0.667713
0.093400 0.669775
0.093600 0.671866
0.093800 0.673986
0.094000 0.676137
0.094200 0.678318
0.094400 0.680532
0.094600 0.682778
0.094800 0.685058
0.095000 0.687372
0.095200 0.689721
0.095400 0.692107
0.095600 0.694530
0.095800 0.696991
0.096000 0.699491
0.096200 0.702030
0.096400 0.704611
0.096600 0.707234
0.096800 0.709899
0.097000 0.712609
0.097200 0.715364
0.097400 0.718165
0.097600 0.721013
0.097800 0.723910
0.098000 0.726856
0.098200 0.729853
0.098400 0.732902
0.098600 0.736004
0.098800 0.739160
0.099000 0.742372
0.099200 0.745640
0.099400 0.748966
0.099600 0.752352
0.099800 0.755798
0.100000 0.759307
0.100200 0.762878
0.100400 0.766515
0.100600 0.770217
0.100800 0.773987
0.101000 0.777826
0.101200 0.781735
0.101400 0.785715
0.101600 0.789769
0.101800 0.793898
0.102000 0.798103
0.102200 0.802386
0.102400 0.806748
0.102600 0.811191
0.102800 0.815717
0.103000 0.820326
0.103200 0.825021
0.103400 0.829804
0.103600 0.834675
0.103800 0.839637
0.104000 0.844691
0.104200 0.849840
0.104400 0.855083
0.104600 0.860425
0.104800 0.865865
0.105000 0.871406
0.105200 0.877049
0.105400 0.882797
0.105600 0.888651
0.105800 0.894613
0.106000 0.900684
0.106200 0.906867
0.106400 0.913163
0.106600 0.919574
0.106800 0.926102
0.107000 0.932749
0.107200 0.939516
0.107400 0.946406
0.107600 0.953419
0.107800 0.960559
0.108000 0.967827
0.108200 0.975224
0.108400 0.982753
0.108600 0.990415
0.108800 0.998212
0.109000 1.006146
0.109200 1.014220
0.109400 1.022434
0.109600 1.030790
0.109800 1.039291
0.110000 1.047938
0.110200 1.056733
0.110400 1.065677
0.110600 1.074773
0.110800 1.084023
0.111000 1.093427
0.111200 1.102988
0.111400 1.112708
0.111600 1.122587
0.111800 1.132629
0.112000 1.142834
0.112200 1.153204
0.112400 1.163741
0.112600 1.174447
0.112800 1.185322
0.113000 1.196368
0.113200 1.207588
0.113400 1.218982
0.113600 1.230552
0.113800 1.242300
0.114000 1.254226
0.114200 1.266332
0.114400 1.278619
0.114600 1.291090
0.114800 1.303744
0.115000 1.316583
0.115200 1.329608
0.115400 1.342821
0.115600 1.356222
0.115800 1.369813
0.116000 1.383594
0.116200 1.397566
0.116400 1.411731
0.116600 1.426089
0.116800 1.440640
0.117000 1.455386
0.117200 1.470327
0.117400 1.485463
0.117600 1.500796
0.117800 1.516325
0.118000 1.532052
0.118200 1.547976
0.118400 1.564097
0.118600 1.580417
0.118800 1.596934
0.119000 1.613650
0.119200 1.630563
0.119400 1.647675
0.119600 1.664984
0.119800 1.682490
0.120000 1.700194
0.120200 1.718095
0.120400 1.736192
0.120600 1.754485
0.120800 1.772973
0.121000 1.791655
0.121200 1.810531
0.121400 1.829599
0.121600 1.848859
0.121800 1.868310
0.122000 1.887950
0.122200 1.907778
0.122400 1.927793
0.122600 1.947993
0.122800 1.968378
0.123000 1.988944
0.123200 2.009691
0.123400 2.030616
0.123600 2.051718
0.123800 2.072995
0.124000 2.094444
0.124200 2.116064
0.124400 2.137851
0.124600 2.159804
0.124800 2.181921
0.125000 2.204197
0.125200 2.226632
0.125400 2.249221
0.125600 2.271962
0.125800 2.294853
0.126000 2.317889
0.126200 2.341068
0.126400 2.364386
0.126600 2.387840
0.126800 2.411426
0.127000 2.435141
0.127200 2.458981
0.127400 2.482943
0.127600 2.507021
0.127800 2.531213
0.128000 2.555513
0.128200 2.579919
0.128400 2.604425
0.128600 2.629027
0.128800 2.653721
0.129000 2.678502
0.129200 2.703365
0.129400 2.728306
0.129600 2.753320
0.129800 2.778401
0.130000 2.803544
0.130200 2.828745
0.130400 2.853999
0.130600 2.879299
0.130800 2.904641
0.131000 2.930019
0.131200 2.955427
0.131400 2.980861
0.131600 3.006313
0.131800 3.031779
0.132000 3.057252
0.132200 3.082727
0.132400 3.108198
0.132600 3.133658
0.132800 3.159101
0.133000 3.184522
0.133200 3.209914
0.133400 3.235271
0.133600 3.260586
0.133800 3.285853
0.134000 3.311065
0.134200 3.336217
0.134400 3.361301
0.134600 3.386311
0.134800 3.411241
0.135000 3.436083
0.135200 3.460831
0.135400 3.485479
0.135600 3.510019
0.135800 3.534446
0.136000 3.558751
0.136200 3.582929
0.136400 3.606972
0.136600 3.630875
0.136800 3.654629
0.137000 3.678228
0.137200 3.701666
0.137400 3.724936
0.137600 3.748030
0.137800 3.770942
0.138000 3.793666
0.138200 3.816194
0.138400 3.838520
0.138600 3.860637
0.138800 3.882538
0.139000 3.904217
0.139200 3.925668
0.139400 3.946883
0.139600 3.967856
0.139800 3.988581
0.140000 4.009051
0.140200 4.029260
0.140400 4.049201
0.140600 4.068869
0.140800 4.088257
0.141000 4.107358
0.141200 4.126168
0.141400 4.144680
0.141600 4.162887
0.141800 4.180785
0.142000 4.198368
0.142200 4.215629
0.142400 4.232563
0.142600 4.249166
0.142800 4.265430
0.143000 4.281352
0.143200 4.296926
0.143400 4.312147
0.143600 4.327010
0.143800 4.341509
0.144000 4.355642
0.144200 4.369402
0.144400 4.382785
0.144600 4.395788
0.144800 4.408405
0.145000 4.420632
0.145200 4.432467
0.145400 4.443904
0.145600 4.454940
0.145800 4.465571
0.146000 4.475795
0.146200 4.485607
0.146400 4.495004
0.146600 4.503985
0.146800 4.512545
0.147000 4.520681
0.147200 4.528393
0.147400 4.535676
0.147600 4.542529
0.147800 4.548949
0.148000 4.554936
0.148200 4.560486
0.148400 4.565598
0.148600 4.570271
0.148800 4.574503
0.149000 4.578294
0.149200 4.581642
0.149400 4.584546
0.149600 4.587007
0.149800 4.589022
0.150000 4.590592
0.150200 4.591718
0.150400 4.592398
0.150600 4.592632
0.150800 4.592422
0.151000 4.591768
0.151200 4.590670
0.151400 4.589129
0.151600 4.587147
0.151800 4.584723
0.152000 4.581860
0.152200 4.578559
0.152400 4.574821
0.152600 4.570649
0.152800 4.566044
0.153000 4.561009
0.153200 4.555545
0.153400 4.549655
0.153600 4.543341
0.153800 4.536607
0.154000 4.529454
0.154200 4.521887
0.154400 4.513908
0.154600 4.505520
0.154800 4.496727
0.155000 4.487532
0.155200 4.477940
0.155400 4.467953
0.155600 4.457576
0.155800 4.446813
0.156000 4.435669
0.156200 4.424147
0.156400 4.412251
0.156600 4.399988
0.156800 4.387361
0.157000 4.374374
0.157200 4.361034
0.157400 4.347345
0.157600 4.333312
0.157800 4.318941
0.158000 4.304236
0.158200 4.289203
0.158400 4.273849
0.158600 4.258177
0.158800 4.242195
0.159000 4.225908
0.159200 4.209322
0.159400 4.192442
0.159600 4.175275
0.159800 4.157827
0.160000 4.140105
0.160200 4.122113
0.160400 4.103859
0.160600 4.085349
0.160800 4.066589
0.161000 4.047587
0.161200 4.028347
0.161400 4.008878
0.161600 3.989184
0.161800 3.969274
0.162000 3.949154
0.162200 3.928830
0.162400 3.908309
0.162600 3.887598
0.162800 3.866703
0.163000 3.845632
0.163200 3.824391
0.163400 3.802987
0.163600 3.781427
0.163800 3.759717
0.164000 3.737864
0.164200 3.715876
0.164400 3.693758
0.164600 3.671518
0.164800 3.649162
0.165000 3.626697
0.165200 3.604130
0.165400 3.581468
0.165600 3.558717
0.165800 3.535883
0.166000 3.512974
0.166200 3.489995
0.166400 3.466954
0.166600 3.443857
0.166800 3.420711
0.167000 3.397521
0.167200 3.374294
0.167400 3.351036
0.167600 3.327754
0.167800 3.304453
0.168000 3.281141
0.168200 3.257822
0.168400 3.234503
0.168600 3.211190
0.168800 3.187889
0.169000 3.164605
0.169200 3.141344
0.169400 3.118111
0.169600 3.094913
0.169800 3.071755
0.170000 3.048642
0.170200 3.025580
0.170400 3.002573
0.170600 2.979626
0.170800 2.956746
0.171000 2.933937
0.171200 2.911203
0.171400 2.888550
0.171600 2.865982
0.171800 2.843503
0.172000 2.821119
0.172200 2.798834
0.172400 2.776652
0.172600 2.754576
0.172800 2.732613
0.173000 2.710764
0.173200 2.689035
0.173400 2.667429
0.173600 2.645950
0.173800 2.624602
0.174000 2.603387
0.174200 2.582310
0.174400 2.561373
0.174600 2.540581
0.174800 2.519935
0.175000 2.499440
0.175200 2.479098
0.175400 2.458911
0.175600 2.438883
0.175800 2.419016
0.176000 2.399313
0.176200 2.379776
0.176400 2.360408
0.176600 2.341210
0.176800 2.322184
0.177000 2.303334
0.177200 2.284660
0.177400 2.266165
0.177600 2.247849
0.177800 2.229716
0.178000 2.211766
0.178200 2.194001
0.178400 2.176422
0.178600 2.159031
0.178800 2.141828
0.179000 2.124815
0.179200 2.107992
0.179400 2.091361
0.179600 2.074923
0.179800 2.058678
0.180000 2.042626
0.180200 2.026769
0.180400 2.011106
0.180600 1.995639
0.180800 1.980367
0.181000 1.965291
0.181200 1.950410
0.181400 1.935726
0.181600 1.921238
0.181800 1.906946
0.182000 1.892849
0.182200 1.878948
0.182400 1.865243
0.182600 1.851732
0.182800 1.838416
0.183000 1.825294
0.183200 1.812366
0.183400 1.799631
0.183600 1.787088
0.183800 1.774737
0.184000 1.762577
0.184200 1.750607
0.184400 1.738825
0.184600 1.727233
0.184800 1.715827
0.185000 1.704608
0.185200 1.693574
0.185400 1.682724
0.185600 1.672057
0.185800 1.661572
0.186000 1.651267
0.186200 1.641142
0.186400 1.631194
0.186600 1.621423
0.186800 1.611827
0.187000 1.602405
0.187200 1.593154
0.187400 1.584075
0.187600 1.575165
0.187800 1.566422
0.188000 1.557846
0.188200 1.549434
0.188400 1.541185
0.188600 1.533097
0.188800 1.525168
0.189000 1.517398
0.189200 1.509783
0.189400 1.502323
0.189600 1.495016
0.189800 1.487860
0.190000 1.480852
0.190200 1.473992
0.190400 1.467278
0.190600 1.460707
0.190800 1.454278
0.191000 1.447990
0.191200 1.441839
0.191400 1.435826
0.191600 1.429946
0.191800 1.424200
0.192000 1.418584
0.192200 1.413097
0.192400 1.407738
0.192600 1.402504
0.192800 1.397393
0.193000 1.392405
0.193200 1.387535
0.193400 1.382784
0.193600 1.378149
0.193800 1.373629
0.194000 1.369220
0.194200 1.364923
0.194400 1.360734
0.194600 1.356652
0.194800 1.352676
0.195000 1.348803
0.195200 1.345031
0.195400 1.341360
0.195600 1.337787
0.195800 1.334310
0.196000 1.330927
0.196200 1.327638
0.196400 1.324440
0.196600 1.321331
0.196800 1.318310
0.197000 1.315376
0.197200 1.312526
0.197400 1.309759
0.197600 1.307073
0.197800 1.304466
0.198000 1.301938
0.198200 1.299487
0.198400 1.297110
0.198600 1.294807
0.198800 1.292575
0.199000 1.290415
0.199200 1.288322
0.199400 1.286298
0.199600 1.284339
0.199800 1.282445
0.200000 1.280614
0.200200 1.278845
0.200400 1.277136
0.200600 1.275486
0.200800 1.273894
0.201000 1.272358
0.201200 1.270878
0.201400 1.269451
0.201600 1.268076
0.201800 1.266753
0.202000 1.265480
0.202200 1.264256
0.202400 1.263079
0.202600 1.261949
0.202800 1.260864
0.203000 1.259823
0.203200 1.258826
0.203400 1.257870
0.203600 1.256955
0.203800 1.256081
0.204000 1.255245
0.204200 1.254446
0.204400 1.253685
0.204600 1.252960
0.204800 1.252269
0.205000 1.251612
0.205200 1.250988
0.205400 1.250397
0.205600 1.249836
0.205800 1.249306
0.206000 1.248805
0.206200 1.248333
0.206400 1.247889
0.206600 1.247472
0.206800 1.247081
0.207000 1.246715
0.207200 1.246374
0.207400 1.246057
0.207600 1.245763
0.207800 1.245492
0.208000 1.245242
0.208200 1.245014
0.208400 1.244806
0.208600 1.244618
0.208800 1.244449
0.209000 1.244298
0.209200 1.244166
0.209400 1.244051
0.209600 1.243952
0.209800 1.243870
0.210000 1.243803
0.210200 1.243752
0.210400 1.243715
0.210600 1.243692
0.210800 1.243683
0.211000 1.243687
0.211200 1.243703
0.211400 1.243732
0.211600 1.243772
0.211800 1.243823
0.212000 1.243886
0.212200 1.243958
0.212400 1.244041
0.212600 1.244133
0.212800 1.244234
0.213000 1.244345
0.213200 1.244463
0.213400 1.244590
0.213600 1.244725
0.213800 1.244867
0.214000 1.245015
0.214200 1.245171
0.214400 1.245333
0.214600 1.245502
0.214800 1.245676
0.215000 1.245855
0.215200 1.246040
0.215400 1.246230
0.215600 1.246425
0.215800 1.246624
0.216000 1.246827
0.216200 1.247035
0.216400 1.247246
0.216600 1.247460
0.216800 1.247678
0.217000 1.247899
0.217200 1.248123
0.217400 1.248350
0.217600 1.248579
0.217800 1.248810
0.218000 1.249044
0.218200 1.249279
0.218400 1.249516
0.218600 1.249755
0.218800 1.249995
0.219000 1.250236
0.219200 1.250479
0.219400 1.250722
0.219600 1.250967
0.219800 1.251212
0.220000 1.251457
0.220200 1.251703
0.220400 1.251949
0.220600 1.252196
0.220800 1.252442
0.221000 1.252689
0.221200 1.252935
0.221400 1.253181
0.221600 1.253426
0.221800 1.253671
0.222000 1.253916
0.222200 1.254160
0.222400 1.254403
0.222600 1.254645
0.222800 1.254886
0.223000 1.255126
0.223200 1.255365
0.223400 1.255603
0.223600 1.255840
0.223800 1.256075
0.224000 1.256309
0.224200 1.256542
0.224400 1.256773
0.224600 1.257002
0.224800 1.257230
0.225000 1.257456
0.225200 1.257680
0.225400 1.257903
0.225600 1.258124
0.225800 1.258342
0.226000 1.258559
0.226200 1.258774
0.226400 1.258987
0.226600 1.259197
0.226800 1.259406
0.227000 1.259612
0.227200 1.259817
0.227400 1.260018
0.227600 1.260218
0.227800 1.260415
0.228000 1.260610
0.228200 1.260803
0.228400 1.260993
0.228600 1.261181
0.228800 1.261366
0.229000 1.261549
0.229200 1.261729
0.229400 1.261907
0.229600 1.262082
0.229800 1.262255
0.230000 1.262425
0.230200 1.262592
0.230400 1.262757
0.230600 1.262918
0.230800 1.263078
0.231000 1.263234
0.231200 1.263388
0.231400 1.263539
0.231600 1.263687
0.231800 1.263833
0.232000 1.263976
0.232200 1.264115
0.232400 1.264253
0.232600 1.264387
0.232800 1.264518
0.233000 1.264647
0.233200 1.264772
0.233400 1.264895
0.233600 1.265015
0.233800 1.265132
0.234000 1.265246
0.234200 1.265357
0.234400 1.265465
0.234600 1.265570
0.234800 1.265672
0.235000 1.265772
0.235200 1.265868
0.235400 1.265961
0.235600 1.266051
0.235800 1.266139
0.236000 1.266223
0.236200 1.266304
0.236400 1.266383
0.236600 1.266458
0.236800 1.266530
0.237000 1.266599
0.237200 1.266666
0.237400 1.266729
0.237600 1.266789
0.237800 1.266846
0.238000 1.266900
0.238200 1.266951
0.238400 1.266999
0.238600 1.267044
0.238800 1.267085
0.239000 1.267124
0.239200 1.267160
0.239400 1.267192
0.239600 1.267222
0.239800 1.267248
0.240000 1.267272
0.240200 1.267292
0.240400 1.267309
0.240600 1.267323
0.240800 1.267334
0.241000 1.267342
0.241200 1.267346
0.241400 1.267348
0.241600 1.267347
0.241800 1.267342
0.242000 1.267335
0.242200 1.267324
0.242400 1.267310
0.242600 1.267293
0.242800 1.267273
0.243000 1.267250
0.243200 1.267223
0.243400 1.267194
0.243600 1.267162
0.243800 1.267126
0.244000 1.267087
0.244200 1.267045
0.244400 1.267000
0.244600 1.266952
0.244800 1.266901
0.245000 1.266847
0.245200 1.266790
0.245400 1.266729
0.245600 1.266665
0.245800 1.266599
0.246000 1.266529
0.246200 1.266456
0.246400 1.266380
0.246600 1.266301
0.246800 1.266218
0.247000 1.266133
0.247200 1.266044
0.247400 1.265953
0.247600 1.265858
0.247800 1.265760
0.248000 1.265659
0.248200 1.265555
0.248400 1.265448
0.248600 1.265338
0.248800 1.265224
0.249000 1.265108
0.249200 1.264988
0.249400 1.264866
0.249600 1.264740
0.249800 1.264611
0.250000 1.264479
0.250200 1.264344
0.250400 1.264205
0.250600 1.264064
0.250800 1.263920
0.251000 1.263772
0.251200 1.263621
0.251400 1.263468
0.251600 1.263311
0.251800 1.263151
0.252000 1.262988
0.252200 1.262822
0.252400 1.262653
0.252600 1.262480
0.252800 1.262305
0.253000 1.262127
0.253200 1.261945
0.253400 1.261760
0.253600 1.261573
0.253800 1.261382
0.254000 1.261188
0.254200 1.260991
0.254400 1.260791
0.254600 1.260588
0.254800 1.260382
0.255000 1.260172
0.255200 1.259960
0.255400 1.259745
0.255600 1.259526
0.255800 1.259305
0.256000 1.259080
0.256200 1.258852
0.256400 1.258622
0.256600 1.258388
0.256800 1.258151
0.257000 1.257911
0.257200 1.257668
0.257400 1.257422
0.257600 1.257173
0.257800 1.256921
0.258000 1.256666
0.258200 1.256408
0.258400 1.256147
0.258600 1.255882
0.258800 1.255615
0.259000 1.255345
0.259200 1.255071
0.259400 1.254795
0.259600 1.254515
0.259800 1.254233
0.260000 1.253948
0.260200 1.253659
0.260400 1.253368
0.260600 1.253073
0.260800 1.252775
0.261000 1.252475
0.261200 1.252171
0.261400 1.251865
0.261600 1.251555
0.261800 1.251242
0.262000 1.250927
0.262200 1.250608
0.262400 1.250287
0.262600 1.249962
0.262800 1.249634
0.263000 1.249304
0.263200 1.248970
0.263400 1.248634
0.263600 1.248294
0.263800 1.247952
0.264000 1.247606
0.264200 1.247258
0.264400 1.246906
0.264600 1.246552
0.264800 1.246194
0.265000 1.245834
0.265200 1.245471
0.265400 1.245105
0.265600 1.244735
0.265800 1.244363
0.266000 1.243988
0.266200 1.243610
0.266400 1.243229
0.266600 1.242845
0.266800 1.242458
0.267000 1.242068
0.267200 1.241676
0.267400 1.241280
0.267600 1.240881
0.267800 1.240480
0.268000 1.240075
0.268200 1.239668
0.268400 1.239258
0.268600 1.238845
0.268800 1.238429
0.269000 1.238010
0.269200 1.237588
0.269400 1.237163
0.269600 1.236735
0.269800 1.236305
0.270000 1.235871
0.270200 1.235435
0.270400 1.234996
0.270600 1.234554
0.270800 1.234109
0.271000 1.233661
0.271200 1.233210
0.271400 1.232757
0.271600 1.232300
0.271800 1.231841
0.272000 1.231379
0.272200 1.230914
0.272400 1.230446
0.272600 1.229976
0.272800 1.229502
0.273000 1.229026
0.273200 1.228547
0.273400 1.228065
0.273600 1.227580
0.273800 1.227092
0.274000 1.226602
0.274200 1.226109
0.274400 1.225613
0.274600 1.225114
0.274800 1.224612
0.275000 1.224108
0.275200 1.223601
0.275400 1.223091
0.275600 1.222578
0.275800 1.222062
0.276000 1.221544
0.276200 1.221023
0.276400 1.220499
0.276600 1.219972
0.276800 1.219443
0.277000 1.218911
0.277200 1.218376
0.277400 1.217838
0.277600 1.217298
0.277800 1.216755
0.278000 1.216209
0.278200 1.215660
0.278400 1.215109
0.278600 1.214555
0.278800 1.213998
0.279000 1.213438
0.279200 1.212876
0.279400 1.212311
0.279600 1.211744
0.279800 1.211174
0.280000 1.210601
0.280200 1.210025
0.280400 1.209447
0.280600 1.208866
0.280800 1.208282
0.281000 1.207695
0.281200 1.207106
0.281400 1.206515
0.281600 1.205920
0.281800 1.205323
0.282000 1.204724
0.282200 1.204122
0.282400 1.203517
0.282600 1.202909
0.282800 1.202299
0.283000 1.201686
0.283200 1.201071
0.283400 1.200453
0.283600 1.199832
0.283800 1.199209
0.284000 1.198583
0.284200 1.197955
0.284400 1.197324
0.284600 1.196690
0.284800 1.196054
0.285000 1.195415
0.285200 1.194774
0.285400 1.194130
0.285600 1.193484
0.285800 1.192835
0.286000 1.192183
0.286200 1.191529
0.286400 1.190873
0.286600 1.190214
0.286800 1.189552
0.287000 1.188888
0.287200 1.188221
0.287400 1.187552
0.287600 1.186880
0.287800 1.186206
0.288000 1.185529
0.288200 1.184850
0.288400 1.184168
0.288600 1.183484
0.288800 1.182798
0.289000 1.182109
0.289200 1.181417
0.289400 1.180723
0.289600 1.180027
0.289800 1.179328
0.290000 1.178626
0.290200 1.177923
0.290400 1.177216
0.290600 1.176508
0.290800 1.175797
0.291000 1.175083
0.291200 1.174367
0.291400 1.173649
0.291600 1.172928
0.291800 1.172205
0.292000 1.171480
0.292200 1.170752
0.292400 1.170022
0.292600 1.169289
0.292800 1.168554
0.293000 1.167817
0.293200 1.167077
0.293400 1.166336
0.293600 1.165591
0.293800 1.164845
0.294000 1.164096
0.294200 1.163344
0.294400 1.162591
0.294600 1.161835
0.294800 1.161077
0.295000 1.160316
0.295200 1.159553
0.295400 1.158788
0.295600 1.158021
0.295800 1.157251
0.296000 1.156479
0.296200 1.155705
0.296400 1.154929
0.296600 1.154150
0.296800 1.153369
0.297000 1.152586
0.297200 1.151801
0.297400 1.151013
0.297600 1.150223
0.297800 1.149431
0.298000 1.148637
0.298200 1.147840
0.298400 1.147042
0.298600 1.146241
0.298800 1.145438
0.299000 1.144633
0.299200 1.143826
0.299400 1.143016
0.299600 1.142204
0.299800 1.141391
0.300000 1.140575
0.300200 1.139757
0.300400 1.138937
0.300600 1.138114
0.300800 1.137290
0.301000 1.136463
0.301200 1.135635
0.301400 1.134804
0.301600 1.133971
0.301800 1.133136
0.302000 1.132299
0.302200 1.131460
0.302400 1.130619
0.302600 1.129776
0.302800 1.128931
0.303000 1.128084
0.303200 1.127235
0.303400 1.126383
0.303600 1.125530
0.303800 1.124675
0.304000 1.123817
0.304200 1.122958
0.304400 1.122097
0.304600 1.121233
0.304800 1.120368
0.305000 1.119501
0.305200 1.118632
0.305400 1.117761
0.305600 1.116888
0.305800 1.116012
0.306000 1.115135
0.306200 1.114257
0.306400 1.113376
0.306600 1.112493
0.306800 1.111608
0.307000 1.110722
0.307200 1.109833
0.307400 1.108943
0.307600 1.108051
0.307800 1.107157
0.308000 1.106261
0.308200 1.105363
0.308400 1.104463
0.308600 1.103562
0.308800 1.102659
0.309000 1.101754
0.309200 1.100847
0.309400 1.099938
0.309600 1.099027
0.309800 1.098115
0.310000 1.097201
0.310200 1.096285
0.310400 1.095367
0.310600 1.094448
0.310800 1.093526
0.311000 1.092604
0.311200 1.091679
0.311400 1.090752
0.311600 1.089824
0.311800 1.088894
0.312000 1.087963
0.312200 1.087029
0.312400 1.086094
0.312600 1.085158
0.312800 1.084219
0.313000 1.083279
0.313200 1.082337
0.313400 1.081394
0.313600 1.080449
0.313800 1.079502
0.314000 1.078554
0.314200 1.077604
0.314400 1.076653
0.314600 1.075699
0.314800 1.074745
0.315000 1.073788
0.315200 1.072830
0.315400 1.071871
0.315600 1.070910
0.315800 1.069947
0.316000 1.068983
0.316200 1.068017
0.316400 1.067050
0.316600 1.066081
0.316800 1.065111
0.317000 1.064139
0.317200 1.063166
0.317400 1.062191
0.317600 1.061214
0.317800 1.060237
0.318000 1.059257
0.318200 1.058277
0.318400 1.057294
0.318600 1.056311
0.318800 1.055326
0.319000 1.054339
0.319200 1.053351
0.319400 1.052362
0.319600 1.051371
0.319800 1.050379
0.320000 1.049385
0.320200 1.048390
0.320400 1.047394
0.320600 1.046397
0.320800 1.045398
0.321000 1.044397
0.321200 1.043396
0.321400 1.042393
0.321600 1.041388
0.321800 1.040383
0.322000 1.039376
0.322200 1.038367
0.322400 1.037358
0.322600 1.036347
0.322800 1.035335
0.323000 1.034322
0.323200 1.033307
0.323400 1.032292
0.323600 1.031275
0.323800 1.030256
0.324000 1.029237
0.324200 1.028216
0.324400 1.027194
0.324600 1.026171
0.324800 1.025147
0.325000 1.024122
0.325200 1.023095
0.325400 1.022068
0.325600 1.021039
0.325800 1.020009
0.326000 1.018978
0.326200 1.017946
0.326400 1.016912
0.326600 1.015878
0.326800 1.014843
0.327000 1.013806
0.327200 1.012768
0.327400 1.011730
0.327600 1.010690
0.327800 1.009649
0.328000 1.008608
0.328200 1.007565
0.328400 1.006521
0.328600 1.005476
0.328800 1.004431
0.329000 1.003384
0.329200 1.002336
0.329400 1.001287
0.329600 1.000238
0.329800 0.999187
0.330000 0.998136
0.330200 0.997083
0.330400 0.996030
0.330600 0.994976
0.330800 0.993921
0.331000 0.992864
0.331200 0.991808
0.331400 0.990750
0.331600 0.989691
0.331800 0.988632
0.332000 0.987571
0.332200 0.986510
0.332400 0.985448
0.332600 0.984386
0.332800 0.983322
0.333000 0.982258
0.333200 0.981193
0.333400 0.980127
0.333600 0.979060
0.333800 0.977993
0.334000 0.976925
0.334200 0.975856
0.334400 0.974786
0.334600 0.973716
0.334800 0.972645
0.335000 0.971573
0.335200 0.970501
0.335400 0.969428
0.335600 0.968355
0.335800 0.967280
0.336000 0.966205
0.336200 0.965130
0.336400 0.964054
0.336600 0.962977
0.336800 0.961900
0.337000 0.960822
0.337200 0.959743
0.337400 0.958664
0.337600 0.957585
0.337800 0.956504
0.338000 0.955424
0.338200 0.954343
0.338400 0.953261
0.338600 0.952179
0.338800 0.951096
0.339000 0.950013
0.339200 0.948929
0.339400 0.947845
0.339600 0.946761
0.339800 0.945676
0.340000 0.944590
0.340200 0.943505
0.340400 0.942419
0.340600 0.941332
0.340800 0.940245
0.341000 0.939158
0.341200 0.938070
0.341400 0.936982
0.341600 0.935894
0.341800 0.934805
0.342000 0.933716
0.342200 0.932627
0.342400 0.931537
0.342600 0.930447
0.342800 0.929357
0.343000 0.928267
0.343200 0.927176
0.343400 0.926085
0.343600 0.924994
0.343800 0.923903
0.344000 0.922811
0.344200 0.921720
0.344400 0.920628
0.344600 0.919536
0.344800 0.918444
0.345000 0.917351
0.345200 0.916259
0.345400 0.915166
0.345600 0.914074
0.345800 0.912981
0.346000 0.911888
0.346200 0.910795
0.346400 0.909702
0.346600 0.908609
0.346800 0.907516
0.347000 0.906423
0.347200 0.905330
0.347400 0.904236
0.347600 0.903143
0.347800 0.902050
0.348000 0.900957
0.348200 0.899864
0.348400 0.898771
0.348600 0.897678
0.348800 0.896585
0.349000 0.895493
0.349200 0.894400
0.349400 0.893307
0.349600 0.892215
0.349800 0.891123
0.350000 0.890031
0.350200 0.888939
0.350400 0.887847
0.350600 0.886755
0.350800 0.885664
0.351000 0.884573
0.351200 0.883482
0.351400 0.882391
0.351600 0.881301
0.351800 0.880210
0.352000 0.879120
0.352200 0.878031
0.352400 0.876941
0.352600 0.875852
0.352800 0.874764
0.353000 0.873675
0.353200 0.872587
0.353400 0.871500
0.353600 0.870412
0.353800 0.869325
0.354000 0.868239
0.354200 0.867153
0.354400 0.866067
0.354600 0.864982
0.354800 0.863897
0.355000 0.862813
0.355200 0.861729
0.355400 0.860646
0.355600 0.859563
0.355800 0.858480
0.356000 0.857399
0.356200 0.856317
0.356400 0.855237
0.356600 0.854156
0.356800 0.853077
0.357000 0.851998
0.357200 0.850920
0.357400 0.849842
0.357600 0.848765
0.357800 0.847688
0.358000 0.846612
0.358200 0.845537
0.358400 0.844463
0.358600 0.843389
0.358800 0.842316
0.359000 0.841244
0.359200 0.840172
0.359400 0.839101
0.359600 0.838031
0.359800 0.836962
0.360000 0.835894
0.360200 0.834826
0.360400 0.833759
0.360600 0.832693
0.360800 0.831628
0.361000 0.830564
0.361200 0.829500
0.361400 0.828438
0.361600 0.827376
0.361800 0.826315
0.362000 0.825256
0.362200 0.824197
0.362400 0.823139
0.362600 0.822082
0.362800 0.821026
0.363000 0.819971
0.363200 0.818917
0.363400 0.817864
0.363600 0.816812
0.363800 0.815762
0.364000 0.814712
0.364200 0.813663
0.364400 0.812616
0.364600 0.811569
0.364800 0.810524
0.365000 0.809480
0.365200 0.808437
0.365400 0.807395
0.365600 0.806355
0.365800 0.805315
0.366000 0.804277
0.366200 0.803240
0.366400 0.802204
0.366600 0.801170
0.366800 0.800137
0.367000 0.799105
0.367200 0.798074
0.367400 0.797045
0.367600 0.796017
0.367800 0.794990
0.368000 0.793965
0.368200 0.792941
0.368400 0.791918
0.368600 0.790897
0.368800 0.789878
0.369000 0.788859
0.369200 0.787843
0.369400 0.786827
0.369600 0.785814
0.369800 0.784801
0.370000 0.783790
0.370200 0.782781
0.370400 0.781773
0.370600 0.780767
0.370800 0.779762
0.371000 0.778759
0.371200 0.777758
0.371400 0.776758
0.371600 0.775760
0.371800 0.774763
0.372000 0.773768
0.372200 0.772775
0.372400 0.771784
0.372600 0.770794
0.372800 0.769806
0.373000 0.768820
0.373200 0.767835
0.373400 0.766852
0.373600 0.765871
0.373800 0.764892
0.374000 0.763914
0.374200 0.762939
0.374400 0.761965
0.374600 0.760993
0.374800 0.760023
0.375000 0.759055
0.375200 0.758089
0.375400 0.757125
0.375600 0.756163
0.375800 0.755202
0.376000 0.754244
0.376200 0.753287
0.376400 0.752333
0.376600 0.751381
0.376800 0.750430
0.377000 0.749482
0.377200 0.748536
0.377400 0.747592
0.377600 0.746650
0.377800 0.745710
0.378000 0.744773
0.378200 0.743837
0.378400 0.742904
0.378600 0.741972
0.378800 0.741043
0.379000 0.740117
0.379200 0.739192
0.379400 0.738270
0.379600 0.737350
0.379800 0.736432
0.380000 0.735517
0.380200 0.734604
0.380400 0.733693
0.380600 0.732784
0.380800 0.731878
0.381000 0.730975
0.381200 0.730073
0.381400 0.729175
0.381600 0.728278
0.381800 0.727384
0.382000 0.726493
0.382200 0.725604
0.382400 0.724717
0.382600 0.723833
0.382800 0.722952
0.383000 0.722073
0.383200 0.721197
0.383400 0.720323
0.383600 0.719452
0.383800 0.718583
0.384000 0.717717
0.384200 0.716854
0.384400 0.715994
0.384600 0.715136
0.384800 0.714281
0.385000 0.713428
0.385200 0.712579
0.385400 0.711732
0.385600 0.710888
0.385800 0.710046
0.386000 0.709208
0.386200 0.708372
0.386400 0.707539
0.386600 0.706709
0.386800 0.705882
0.387000 0.705058
0.387200 0.704236
0.387400 0.703418
0.387600 0.702603
0.387800 0.701790
0.388000 0.700981
0.388200 0.700174
0.388400 0.699371
0.388600 0.698570
0.388800 0.697773
0.389000 0.696979
0.389200 0.696188
0.389400 0.695400
0.389600 0.694615
0.389800 0.693833
0.390000 0.693054
0.390200 0.692279
0.390400 0.691506
0.390600 0.690737
0.390800 0.689971
0.391000 0.689209
0.391200 0.688450
0.391400 0.687694
0.391600 0.686941
0.391800 0.686191
0.392000 0.685445
0.392200 0.684703
0.392400 0.683963
0.392600 0.683227
0.392800 0.682495
0.393000 0.681766
0.393200 0.681040
0.393400 0.680318
0.393600 0.679599
0.393800 0.678884
0.394000 0.678172
0.394200 0.677464
0.394400 0.676760
0.394600 0.676059
0.394800 0.675361
0.395000 0.674667
0.395200 0.673977
0.395400 0.673291
0.395600 0.672608
0.395800 0.671929
0.396000 0.671253
0.396200 0.670582
0.396400 0.669913
0.396600 0.669249
0.396800 0.668589
0.397000 0.667932
0.397200 0.667279
0.397400 0.666630
0.397600 0.665985
0.397800 0.665344
0.398000 0.664706
0.398200 0.664073
0.398400 0.663443
0.398600 0.662817
0.398800 0.662195
0.399000 0.661578
0.399200 0.660964
0.399400 0.660354
0.399600 0.659748
0.399800 0.659147
0.400000 0.658549
0.400200 0.657956
0.400400 0.657366
0.400600 0.656781
0.400800 0.656200
0.401000 0.655623
0.401200 0.655050
0.401400 0.654481
0.401600 0.653917
0.401800 0.653357
0.402000 0.652801
0.402200 0.652249
0.402400 0.651702
0.402600 0.651159
0.402800 0.650620
0.403000 0.650086
0.403200 0.649555
0.403400 0.649030
0.403600 0.648509
0.403800 0.647992
0.404000 0.647479
0.404200 0.646971
0.404400 0.646468
0.404600 0.645969
0.404800 0.645474
0.405000 0.644984
0.405200 0.644499
0.405400 0.644018
0.405600 0.643542
0.405800 0.643070
0.406000 0.642603
0.406200 0.642141
0.406400 0.641683
0.406600 0.641230
0.406800 0.640782
0.407000 0.640338
0.407200 0.639899
0.407400 0.639465
0.407600 0.639035
0.407800 0.638611
0.408000 0.638191
0.408200 0.637776
0.408400 0.637366
0.408600 0.636960
0.408800 0.636560
0.409000 0.636164
0.409200 0.635774
0.409400 0.635388
0.409600 0.635007
0.409800 0.634631
0.410000 0.634260
0.410200 0.633895
0.410400 0.633534
0.410600 0.633178
0.410800 0.632827
0.411000 0.632482
0.411200 0.632141
0.411400 0.631806
0.411600 0.631475
0.411800 0.631150
0.412000 0.630830
0.412200 0.630515
0.412400 0.630206
0.412600 0.629901
0.412800 0.629602
0.413000 0.629308
0.413200 0.629019
0.413400 0.628736
0.413600 0.628458
0.413800 0.628185
0.414000 0.627918
0.414200 0.627656
0.414400 0.627399
0.414600 0.627148
0.414800 0.626902
0.415000 0.626661
0.415200 0.626426
0.415400 0.626197
0.415600 0.625973
0.415800 0.625754
0.416000 0.625541
0.416200 0.625333
0.416400 0.625131
0.416600 0.624935
0.416800 0.624744
0.417000 0.624559
0.417200 0.624379
0.417400 0.624205
0.417600 0.624037
0.417800 0.623874
0.418000 0.623717
0.418200 0.623566
0.418400 0.623420
0.418600 0.623281
0.418800 0.623147
0.419000 0.623018
0.419200 0.622896
0.419400 0.622779
0.419600 0.622668
0.419800 0.622563
0.420000 0.622464
0.420200 0.622370
0.420400 0.622283
0.420600 0.622201
0.420800 0.622126
0.421000 0.622056
0.421200 0.621992
0.421400 0.621934
0.421600 0.621883
0.421800 0.621837
0.422000 0.621797
0.422200 0.621763
0.422400 0.621735
0.422600 0.621714
0.422800 0.621698
0.423000 0.621688
0.423200 0.621685
0.423400 0.621688
0.423600 0.621697
0.423800 0.621712
0.424000 0.621733
0.424200 0.621760
0.424400 0.621794
0.424600 0.621833
0.424800 0.621879
0.425000 0.621932
0.425200 0.621990
0.425400 0.622055
0.425600 0.622126
0.425800 0.622203
0.426000 0.622287
0.426200 0.622377
0.426400 0.622473
0.426600 0.622576
0.426800 0.622685
0.427000 0.622801
0.427200 0.622922
0.427400 0.623051
0.427600 0.623185
0.427800 0.623327
0.428000 0.623474
0.428200 0.623628
0.428400 0.623789
0.428600 0.623956
0.428800 0.624130
0.429000 0.624310
0.429200 0.624497
0.429400 0.624690
0.429600 0.624890
0.429800 0.625096
0.430000 0.625309
0.430200 0.625529
0.430400 0.625755
0.430600 0.625988
0.430800 0.626227
0.431000 0.626473
0.431200 0.626726
0.431400 0.626986
0.431600 0.627252
0.431800 0.627525
0.432000 0.627804
0.432200 0.628091
0.432400 0.628384
0.432600 0.628684
0.432800 0.628990
0.433000 0.629304
0.433200 0.629624
0.433400 0.629951
0.433600 0.630285
0.433800 0.630625
0.434000 0.630973
0.434200 0.631327
0.434400 0.631688
0.434600 0.632057
0.434800 0.632431
0.435000 0.632813
0.435200 0.633202
0.435400 0.633598
0.435600 0.634000
0.435800 0.634410
0.436000 0.634826
0.436200 0.635250
0.436400 0.635680
0.436600 0.636117
0.436800 0.636562
0.437000 0.637013
0.437200 0.637471
0.437400 0.637937
0.437600 0.638409
0.437800 0.638888
0.438000 0.639375
0.438200 0.639868
0.438400 0.640369
0.438600 0.640876
0.438800 0.641391
0.439000 0.641913
0.439200 0.642442
0.439400 0.642978
0.439600 0.643521
0.439800 0.644071
0.440000 0.644628
0.440200 0.645192
0.440400 0.645764
0.440600 0.646343
0.440800 0.646928
0.441000 0.647521
0.441200 0.648122
0.441400 0.648729
0.441600 0.649343
0.441800 0.649965
0.442000 0.650594
0.442200 0.651230
0.442400 0.651873
0.442600 0.652524
0.442800 0.653182
0.443000 0.653847
0.443200 0.654519
0.443400 0.655198
0.443600 0.655885
0.443800 0.656579
0.444000 0.657280
0.444200 0.657988
0.444400 0.658704
0.444600 0.659427
0.444800 0.660157
0.445000 0.660894
0.445200 0.661639
0.445400 0.662391
0.445600 0.663150
0.445800 0.663917
0.446000 0.664691
0.446200 0.665472
0.446400 0.666260
0.446600 0.667056
0.446800 0.667859
0.447000 0.668669
0.447200 0.669487
0.447400 0.670312
0.447600 0.671144
0.447800 0.671984
0.448000 0.672831
0.448200 0.673685
0.448400 0.674547
0.448600 0.675416
0.448800 0.676292
0.449000 0.677175
0.449200 0.678066
0.449400 0.678964
0.449600 0.679870
0.449800 0.680783
0.450000 0.681703
0.450200 0.682630
0.450400 0.683565
0.450600 0.684507
0.450800 0.685457
0.451000 0.686414
0.451200 0.687378
0.451400 0.688349
0.451600 0.689328
0.451800 0.690314
0.452000 0.691308
0.452200 0.692309
0.452400 0.693317
0.452600 0.694332
0.452800 0.695355
0.453000 0.696385
0.453200 0.697422
0.453400 0.698467
0.453600 0.699519
0.453800 0.700578
0.454000 0.701645
0.454200 0.702718
0.454400 0.703800
0.454600 0.704888
0.454800 0.705984
0.455000 0.707087
0.455200 0.708197
0.455400 0.709315
0.455600 0.710440
0.455800 0.711572
0.456000 0.712711
0.456200 0.713858
0.456400 0.715011
0.456600 0.716173
0.456800 0.717341
0.457000 0.718516
0.457200 0.719699
0.457400 0.720889
0.457600 0.722086
0.457800 0.723291
0.458000 0.724503
0.458200 0.725721
0.458400 0.726947
0.458600 0.728181
0.458800 0.729421
0.459000 0.730668
0.459200 0.731923
0.459400 0.733185
0.459600 0.734454
0.459800 0.735730
0.460000 0.737013
0.460200 0.738303
0.460400 0.739601
0.460600 0.740905
0.460800 0.742217
0.461000 0.743535
0.461200 0.744861
0.461400 0.746194
0.461600 0.747534
0.461800 0.748880
0.462000 0.750234
0.462200 0.751595
0.462400 0.752963
0.462600 0.754338
0.462800 0.755719
0.463000 0.757108
0.463200 0.758504
0.463400 0.759907
0.463600 0.761316
0.463800 0.762733
0.464000 0.764156
0.464200 0.765586
0.464400 0.767023
0.464600 0.768467
0.464800 0.769918
0.465000 0.771376
0.465200 0.772840
0.465400 0.774312
0.465600 0.775790
0.465800 0.777274
0.466000 0.778766
0.466200 0.780264
0.466400 0.781769
0.466600 0.783281
0.466800 0.784800
0.467000 0.786325
0.467200 0.787856
0.467400 0.789395
0.467600 0.790940
0.467800 0.792492
0.468000 0.794050
0.468200 0.795615
0.468400 0.797186
0.468600 0.798764
0.468800 0.800348
0.469000 0.801939
0.469200 0.803537
0.469400 0.805141
0.469600 0.806751
0.469800 0.808368
0.470000 0.809991
0.470200 0.811621
0.470400 0.813257
0.470600 0.814899
0.470800 0.816548
0.471000 0.818202
0.471200 0.819864
0.471400 0.821531
0.471600 0.823205
0.471800 0.824885
0.472000 0.826571
0.472200 0.828263
0.472400 0.829962
0.472600 0.831666
0.472800 0.833377
0.473000 0.835094
0.473200 0.836817
0.473400 0.838546
0.473600 0.840281
0.473800 0.842022
0.474000 0.843769
0.474200 0.845522
0.474400 0.847280
0.474600 0.849045
0.474800 0.850816
0.475000 0.852592
0.475200 0.854374
0.475400 0.856162
0.475600 0.857956
0.475800 0.859756
0.476000 0.861561
0.476200 0.863372
0.476400 0.865189
0.476600 0.867011
0.476800 0.868839
0.477000 0.870672
0.477200 0.872511
0.477400 0.874356
0.477600 0.876206
0.477800 0.878062
0.478000 0.879923
0.478200 0.881789
0.478400 0.883661
0.478600 0.885538
0.478800 0.887421
0.479000 0.889308
0.479200 0.891202
0.479400 0.893100
0.479600 0.895003
0.479800 0.896912
0.480000 0.898826
0.480200 0.900745
0.480400 0.902669
0.480600 0.904598
0.480800 0.906533
0.481000 0.908472
0.481200 0.910416
0.481400 0.912365
0.481600 0.914319
0.481800 0.916278
0.482000 0.918242
0.482200 0.920210
0.482400 0.922183
0.482600 0.924162
0.482800 0.926144
0.483000 0.928132
0.483200 0.930124
0.483400 0.932120
0.483600 0.934121
0.483800 0.936127
0.484000 0.938137
0.484200 0.940152
0.484400 0.942171
0.484600 0.944195
0.484800 0.946223
0.485000 0.948255
0.485200 0.950291
0.485400 0.952332
0.485600 0.954377
0.485800 0.956426
0.486000 0.958479
0.486200 0.960537
0.486400 0.962598
0.486600 0.964663
0.486800 0.966733
0.487000 0.968806
0.487200 0.970883
0.487400 0.972965
0.487600 0.975050
0.487800 0.977138
0.488000 0.979231
0.488200 0.981327
0.488400 0.983427
0.488600 0.985531
0.488800 0.987638
0.489000 0.989749
0.489200 0.991863
0.489400 0.993981
0.489600 0.996102
0.489800 0.998226
0.490000 1.000354
0.490200 1.002486
0.490400 1.004620
0.490600 1.006758
0.490800 1.008899
0.491000 1.011043
0.491200 1.013190
0.491400 1.015341
0.491600 1.017494
0.491800 1.019650
0.492000 1.021809
0.492200 1.023971
0.492400 1.026136
0.492600 1.028304
0.492800 1.030475
0.493000 1.032648
0.493200 1.034824
0.493400 1.037003
0.493600 1.039184
0.493800 1.041367
0.494000 1.043554
0.494200 1.045742
0.494400 1.047933
0.494600 1.050127
0.494800 1.052323
0.495000 1.054521
0.495200 1.056721
0.495400 1.058923
0.495600 1.061128
0.495800 1.063335
0.496000 1.065544
0.496200 1.067754
0.496400 1.069967
0.496600 1.072182
0.496800 1.074398
0.497000 1.076616
0.497200 1.078836
0.497400 1.081058
0.497600 1.083282
0.497800 1.085507
0.498000 1.087733
0.498200 1.089961
0.498400 1.092191
0.498600 1.094422
0.498800 1.096654
0.499000 1.098888
0.499200 1.101123
0.499400 1.103360
0.499600 1.105597
0.499800 1.107836
0.500000 1.110075
0.500200 1.112316
0.500400 1.114558
0.500600 1.116800
0.500800 1.119044
0.501000 1.121288
0.501200 1.123534
0.501400 1.125779
0.501600 1.128026
0.501800 1.130273
0.502000 1.132521
0.502200 1.134769
0.502400 1.137018
0.502600 1.139268
0.502800 1.141517
0.503000 1.143767
0.503200 1.146018
0.503400 1.148268
0.503600 1.150519
0.503800 1.152770
0.504000 1.155020
0.504200 1.157271
0.504400 1.159522
0.504600 1.161773
0.504800 1.164024
0.505000 1.166274
0.505200 1.168524
0.505400 1.170774
0.505600 1.173024
0.505800 1.175273
0.506000 1.177522
0.506200 1.179770
0.506400 1.182018
0.506600 1.184265
0.506800 1.186511
0.507000 1.188757
0.507200 1.191002
0.507400 1.193246
0.507600 1.195489
0.507800 1.197731
0.508000 1.199973
0.508200 1.202213
0.508400 1.204452
0.508600 1.206690
0.508800 1.208927
0.509000 1.211162
0.509200 1.213397
0.509400 1.215630
0.509600 1.217861
0.509800 1.220091
0.510000 1.222319
0.510200 1.224546
0.510400 1.226772
0.510600 1.228995
0.510800 1.231217
0.511000 1.233437
0.511200 1.235655
0.511400 1.237871
0.511600 1.240086
0.511800 1.242298
0.512000 1.244508
0.512200 1.246716
0.512400 1.248922
0.512600 1.251125
0.512800 1.253327
0.513000 1.255526
0.513200 1.257722
0.513400 1.259916
0.513600 1.262108
0.513800 1.264297
0.514000 1.266483
0.514200 1.268667
0.514400 1.270848
0.514600 1.273026
0.514800 1.275201
0.515000 1.277374
0.515200 1.279543
0.515400 1.281710
0.515600 1.283873
0.515800 1.286033
0.516000 1.288190
0.516200 1.290344
0.516400 1.292494
0.516600 1.294642
0.516800 1.296785
0.517000 1.298926
0.517200 1.301062
0.517400 1.303195
0.517600 1.305325
0.517800 1.307451
0.518000 1.309573
0.518200 1.311691
0.518400 1.313806
0.518600 1.315916
0.518800 1.318023
0.519000 1.320125
0.519200 1.322224
0.519400 1.324318
0.519600 1.326408
0.519800 1.328494
0.520000 1.330576
0.520200 1.332653
0.520400 1.334726
0.520600 1.336795
0.520800 1.338859
0.521000 1.340918
0.521200 1.342973
0.521400 1.345023
0.521600 1.347068
0.521800 1.349109
0.522000 1.351144
0.522200 1.353175
0.522400 1.355201
0.522600 1.357222
0.522800 1.359237
0.523000 1.361248
0.523200 1.363254
0.523400 1.365254
0.523600 1.367249
0.523800 1.369238
0.524000 1.371223
0.524200 1.373202
0.524400 1.375175
0.524600 1.377143
0.524800 1.379105
0.525000 1.381061
0.525200 1.383012
0.525400 1.384957
0.525600 1.386897
0.525800 1.388830
0.526000 1.390758
0.526200 1.392679
0.526400 1.394595
0.526600 1.396504
0.526800 1.398407
0.527000 1.400305
0.527200 1.402196
0.527400 1.404080
0.527600 1.405959
0.527800 1.407831
0.528000 1.409696
0.528200 1.411555
0.528400 1.413408
0.528600 1.415254
0.528800 1.417093
0.529000 1.418926
0.529200 1.420752
0.529400 1.422571
0.529600 1.424384
0.529800 1.426189
0.530000 1.427988
0.530200 1.429780
0.530400 1.431564
0.530600 1.433342
0.530800 1.435112
0.531000 1.436876
0.531200 1.438632
0.531400 1.440381
0.531600 1.442123
0.531800 1.443857
0.532000 1.445584
0.532200 1.447304
0.532400 1.449016
0.532600 1.450721
0.532800 1.452418
0.533000 1.454108
0.533200 1.455790
0.533400 1.457464
0.533600 1.459131
0.533800 1.460790
0.534000 1.462441
0.534200 1.464084
0.534400 1.465720
0.534600 1.467347
0.534800 1.468967
0.535000 1.470579
0.535200 1.472183
0.535400 1.473779
0.535600 1.475367
0.535800 1.476946
0.536000 1.478518
0.536200 1.480081
0.536400 1.481637
0.536600 1.483184
0.536800 1.484723
0.537000 1.486253
0.537200 1.487776
0.537400 1.489290
0.537600 1.490796
0.537800 1.492293
0.538000 1.493782
0.538200 1.495263
0.538400 1.496735
0.538600 1.498199
0.538800 1.499655
0.539000 1.501102
0.539200 1.502541
0.539400 1.503971
0.539600 1.505392
0.539800 1.506806
0.540000 1.508210
0.540200 1.509607
0.540400 1.510994
0.540600 1.512374
0.540800 1.513744
0.541000 1.515107
0.541200 1.516460
0.541400 1.517806
0.541600 1.519143
0.541800 1.520471
0.542000 1.521791
0.542200 1.523102
0.542400 1.524405
0.542600 1.525700
0.542800 1.526986
0.543000 1.528264
0.543200 1.529534
0.543400 1.530795
0.543600 1.532048
0.543800 1.533293
0.544000 1.534529
0.544200 1.535758
0.544400 1.536978
0.544600 1.538190
0.544800 1.539395
0.545000 1.540591
0.545200 1.541779
0.545400 1.542960
0.545600 1.544133
0.545800 1.545298
0.546000 1.546455
0.546200 1.547605
0.546400 1.548747
0.546600 1.549882
0.546800 1.551010
0.547000 1.552130
0.547200 1.553243
0.547400 1.554350
0.547600 1.555449
0.547800 1.556541
0.548000 1.557627
0.548200 1.558706
0.548400 1.559779
0.548600 1.560846
0.548800 1.561906
0.549000 1.562960
0.549200 1.564008
0.549400 1.565051
0.549600 1.566088
0.549800 1.567119
0.550000 1.568145
0.550200 1.569167
0.550400 1.570183
0.550600 1.571194
0.550800 1.572201
0.551000 1.573204
0.551200 1.574203
0.551400 1.575198
0.551600 1.576189
0.551800 1.577177
0.552000 1.578161
0.552200 1.579143
0.552400 1.580122
0.552600 1.581098
0.552800 1.582073
0.553000 1.583046
0.553200 1.584017
0.553400 1.584987
0.553600 1.585956
0.553800 1.586924
0.554000 1.587892
0.554200 1.588860
0.554400 1.589829
0.554600 1.590798
0.554800 1.591769
0.555000 1.592741
0.555200 1.593715
0.555400 1.594691
0.555600 1.595671
0.555800 1.596653
0.556000 1.597639
0.556200 1.598629
0.556400 1.599623
0.556600 1.600623
0.556800 1.601628
0.557000 1.602639
0.557200 1.603657
0.557400 1.604681
0.557600 1.605714
0.557800 1.606754
0.558000 1.607803
0.558200 1.608861
0.558400 1.609929
0.558600 1.611008
0.558800 1.612098
0.559000 1.613200
0.559200 1.614314
0.559400 1.615441
0.559600 1.616581
0.559800 1.617737
0.560000 1.618907
0.560200 1.620093
0.560400 1.621297
0.560600 1.622517
0.560800 1.623756
0.561000 1.625013
0.561200 1.626291
0.561400 1.627589
0.561600 1.628908
0.561800 1.630250
0.562000 1.631616
0.562200 1.633005
0.562400 1.634419
0.562600 1.635860
0.562800 1.637327
0.563000 1.638822
0.563200 1.640346
0.563400 1.641901
0.563600 1.643486
0.563800 1.645103
0.564000 1.646753
0.564200 1.648437
0.564400 1.650156
0.564600 1.651912
0.564800 1.653705
0.565000 1.655537
0.565200 1.657409
0.565400 1.659322
0.565600 1.661277
0.565800 1.663275
0.566000 1.665319
0.566200 1.667408
0.566400 1.669544
0.566600 1.671730
0.566800 1.673965
0.567000 1.676251
0.567200 1.678590
0.567400 1.680983
0.567600 1.683431
0.567800 1.685936
0.568000 1.688499
0.568200 1.691122
0.568400 1.693807
0.568600 1.696554
0.568800 1.699365
0.569000 1.702242
0.569200 1.705186
0.569400 1.708199
0.569600 1.711282
0.569800 1.714437
0.570000 1.717666
0.570200 1.720970
0.570400 1.724350
0.570600 1.727810
0.570800 1.731349
0.571000 1.734970
0.571200 1.738675
0.571400 1.742464
0.571600 1.746341
0.571800 1.750306
0.572000 1.754362
0.572200 1.758510
0.572400 1.762752
0.572600 1.767089
0.572800 1.771524
0.573000 1.776058
0.573200 1.780693
0.573400 1.785430
0.573600 1.790273
0.573800 1.795221
0.574000 1.800278
0.574200 1.805445
0.574400 1.810724
0.574600 1.816117
0.574800 1.821625
0.575000 1.827250
0.575200 1.832995
0.575400 1.838860
0.575600 1.844849
0.575800 1.850962
0.576000 1.857201
0.576200 1.863569
0.576400 1.870067
0.576600 1.876697
0.576800 1.883460
0.577000 1.890359
0.577200 1.897395
0.577400 1.904570
0.577600 1.911886
0.577800 1.919345
0.578000 1.926947
0.578200 1.934696
0.578400 1.942592
0.578600 1.950638
0.578800 1.958834
0.579000 1.967183
0.579200 1.975687
0.579400 1.984346
0.579600 1.993162
0.579800 2.002137
0.580000 2.011273
0.580200 2.020571
0.580400 2.030031
0.580600 2.039657
0.580800 2.049449
0.581000 2.059408
0.581200 2.069536
0.581400 2.079834
0.581600 2.090304
0.581800 2.100946
0.582000 2.111762
0.582200 2.122752
0.582400 2.133919
0.582600 2.145262
0.582800 2.156784
0.583000 2.168484
0.583200 2.180364
0.583400 2.192424
0.583600 2.204666
0.583800 2.217090
0.584000 2.229697
0.584200 2.242487
0.584400 2.255461
0.584600 2.268619
0.584800 2.281962
0.585000 2.295490
0.585200 2.309204
0.585400 2.323104
0.585600 2.337189
0.585800 2.351461
0.586000 2.365919
0.586200 2.380562
0.586400 2.395392
0.586600 2.410407
0.586800 2.425608
0.587000 2.440993
0.587200 2.456564
0.587400 2.472319
0.587600 2.488257
0.587800 2.504379
0.588000 2.520682
0.588200 2.537167
0.588400 2.553833
0.588600 2.570678
0.588800 2.587701
0.589000 2.604902
0.589200 2.622279
0.589400 2.639830
0.589600 2.657555
0.589800 2.675452
0.590000 2.693518
0.590200 2.711753
0.590400 2.730154
0.590600 2.748721
0.590800 2.767449
0.591000 2.786339
0.591200 2.805386
0.591400 2.824590
0.591600 2.843948
0.591800 2.863457
0.592000 2.883114
0.592200 2.902918
0.592400 2.922864
0.592600 2.942951
0.592800 2.963176
0.593000 2.983535
0.593200 3.004025
0.593400 3.024642
0.593600 3.045385
0.593800 3.066248
0.594000 3.087229
0.594200 3.108324
0.594400 3.129529
0.594600 3.150840
0.594800 3.172254
0.595000 3.193766
0.595200 3.215372
0.595400 3.237067
0.595600 3.258849
0.595800 3.280712
0.596000 3.302651
0.596200 3.324663
0.596400 3.346742
0.596600 3.368883
0.596800 3.391083
0.597000 3.413335
0.597200 3.435636
0.597400 3.457979
0.597600 3.480359
0.597800 3.502772
0.598000 3.525212
0.598200 3.547673
0.598400 3.570150
0.598600 3.592638
0.598800 3.615130
0.599000 3.637622
0.599200 3.660107
0.599400 3.682579
0.599600 3.705033
0.599800 3.727463
0.600000 3.749862
0.600200 3.772225
0.600400 3.794545
0.600600 3.816816
0.600800 3.839032
0.601000 3.861187
0.601200 3.883274
0.601400 3.905287
0.601600 3.927219
0.601800 3.949065
0.602000 3.970818
0.602200 3.992470
0.602400 4.014016
0.602600 4.035449
0.602800 4.056763
0.603000 4.077951
0.603200 4.099006
0.603400 4.119921
0.603600 4.140691
0.603800 4.161307
0.604000 4.181765
0.604200 4.202057
0.604400 4.222176
0.604600 4.242116
0.604800 4.261870
0.605000 4.281432
0.605200 4.300795
0.605400 4.319952
0.605600 4.338897
0.605800 4.357624
0.606000 4.376126
0.606200 4.394395
0.606400 4.412427
0.606600 4.430215
0.606800 4.447752
0.607000 4.465031
0.607200 4.482048
0.607400 4.498795
0.607600 4.515267
0.607800 4.531457
0.608000 4.547359
0.608200 4.562968
0.608400 4.578277
0.608600 4.593281
0.608800 4.607975
0.609000 4.622351
0.609200 4.636406
0.609400 4.650133
0.609600 4.663526
0.609800 4.676582
0.610000 4.689294
0.610200 4.701657
0.610400 4.713667
0.610600 4.725319
0.610800 4.736607
0.611000 4.747527
0.611200 4.758075
0.611400 4.768246
0.611600 4.778035
0.611800 4.787439
0.612000 4.796454
0.612200 4.805075
0.612400 4.813298
0.612600 4.821121
0.612800 4.828538
0.613000 4.835548
0.613200 4.842146
0.613400 4.848330
0.613600 4.854096
0.613800 4.859441
0.614000 4.864364
0.614200 4.868860
0.614400 4.872928
0.614600 4.876565
0.614800 4.879770
0.615000 4.882540
0.615200 4.884873
0.615400 4.886768
0.615600 4.888222
0.615800 4.889236
0.616000 4.889807
0.616200 4.889934
0.616400 4.889617
0.616600 4.888855
0.616800 4.887646
0.617000 4.885991
0.617200 4.883890
0.617400 4.881341
0.617600 4.878346
0.617800 4.874905
0.618000 4.871017
0.618200 4.866683
0.618400 4.861904
0.618600 4.856681
0.618800 4.851015
0.619000 4.844906
0.619200 4.838357
0.619400 4.831368
0.619600 4.823941
0.619800 4.816079
0.620000 4.807782
0.620200 4.799053
0.620400 4.789895
0.620600 4.780308
0.620800 4.770297
0.621000 4.759864
0.621200 4.749011
0.621400 4.737741
0.621600 4.726058
0.621800 4.713965
0.622000 4.701465
0.622200 4.688561
0.622400 4.675258
0.622600 4.661559
0.622800 4.647467
0.623000 4.632988
0.623200 4.618125
0.623400 4.602882
0.623600 4.587264
0.623800 4.571275
0.624000 4.554920
0.624200 4.538204
0.624400 4.521131
0.624600 4.503707
0.624800 4.485937
0.625000 4.467825
0.625200 4.449377
0.625400 4.430598
0.625600 4.411495
0.625800 4.392071
0.626000 4.372334
0.626200 4.352288
0.626400 4.331940
0.626600 4.311295
0.626800 4.290360
0.627000 4.269139
0.627200 4.247641
0.627400 4.225869
0.627600 4.203832
0.627800 4.181534
0.628000 4.158983
0.628200 4.136185
0.628400 4.113146
0.628600 4.089872
0.628800 4.066371
0.629000 4.042648
0.629200 4.018711
0.629400 3.994565
0.629600 3.970218
0.629800 3.945676
0.630000 3.920946
0.630200 3.896035
0.630400 3.870948
0.630600 3.845694
0.630800 3.820279
0.631000 3.794709
0.631200 3.768991
0.631400 3.743132
0.631600 3.717138
0.631800 3.691018
0.632000 3.664776
0.632200 3.638420
0.632400 3.611956
0.632600 3.585392
0.632800 3.558733
0.633000 3.531987
0.633200 3.505160
0.633400 3.478258
0.633600 3.451289
0.633800 3.424257
0.634000 3.397171
0.634200 3.370036
0.634400 3.342859
0.634600 3.315645
0.634800 3.288402
0.635000 3.261136
0.635200 3.233851
0.635400 3.206556
0.635600 3.179255
0.635800 3.151954
0.636000 3.124660
0.636200 3.097379
0.636400 3.070115
0.636600 3.042875
0.636800 3.015665
0.637000 2.988489
0.637200 2.961354
0.637400 2.934264
0.637600 2.907226
0.637800 2.880243
0.638000 2.853323
0.638200 2.826468
0.638400 2.799685
0.638600 2.772978
0.638800 2.746353
0.639000 2.719813
0.639200 2.693364
0.639400 2.667009
0.639600 2.640754
0.639800 2.614603
0.640000 2.588559
0.640200 2.562628
0.640400 2.536813
0.640600 2.511118
0.640800 2.485547
0.641000 2.460104
0.641200 2.434792
0.641400 2.409615
0.641600 2.384577
0.641800 2.359680
0.642000 2.334929
0.642200 2.310326
0.642400 2.285874
0.642600 2.261577
0.642800 2.237437
0.643000 2.213457
0.643200 2.189640
0.643400 2.165988
0.643600 2.142504
0.643800 2.119190
0.644000 2.096049
0.644200 2.073082
0.644400 2.050292
0.644600 2.027681
0.644800 2.005251
0.645000 1.983003
0.645200 1.960939
0.645400 1.939061
0.645600 1.917371
0.645800 1.895870
0.646000 1.874558
0.646200 1.853439
0.646400 1.832512
0.646600 1.811778
0.646800 1.791240
0.647000 1.770897
0.647200 1.750751
0.647400 1.730802
0.647600 1.711051
0.647800 1.691498
0.648000 1.672145
0.648200 1.652991
0.648400 1.634037
0.648600 1.615283
0.648800 1.596729
0.649000 1.578376
0.649200 1.560223
0.649400 1.542270
0.649600 1.524519
0.649800 1.506967
0.650000 1.489615
0.650200 1.472463
0.650400 1.455510
0.650600 1.438757
0.650800 1.422201
0.651000 1.405844
0.651200 1.389684
0.651400 1.373721
0.651600 1.357954
0.651800 1.342382
0.652000 1.327004
0.652200 1.311820
0.652400 1.296829
0.652600 1.282029
0.652800 1.267421
0.653000 1.253001
0.653200 1.238771
0.653400 1.224727
0.653600 1.210870
0.653800 1.197198
0.654000 1.183710
0.654200 1.170404
0.654400 1.157279
0.654600 1.144335
0.654800 1.131568
0.655000 1.118978
0.655200 1.106564
0.655400 1.094324
0.655600 1.082257
0.655800 1.070361
0.656000 1.058634
0.656200 1.047074
0.656400 1.035681
0.656600 1.024453
0.656800 1.013388
0.657000 1.002484
0.657200 0.991740
0.657400 0.981153
0.657600 0.970723
0.657800 0.960448
0.658000 0.950325
0.658200 0.940353
0.658400 0.930531
0.658600 0.920856
0.658800 0.911327
0.659000 0.901942
0.659200 0.892699
0.659400 0.883597
0.659600 0.874633
0.659800 0.865806
0.660000 0.857115
0.660200 0.848556
0.660400 0.840129
0.660600 0.831832
0.660800 0.823663
0.661000 0.815620
0.661200 0.807701
0.661400 0.799904
0.661600 0.792229
0.661800 0.784672
0.662000 0.777233
0.662200 0.769909
0.662400 0.762699
0.662600 0.755601
0.662800 0.748613
0.663000 0.741734
0.663200 0.734962
0.663400 0.728294
0.663600 0.721730
0.663800 0.715268
0.664000 0.708906
0.664200 0.702643
0.664400 0.696476
0.664600 0.690404
0.664800 0.684426
0.665000 0.678540
0.665200 0.672744
0.665400 0.667037
0.665600 0.661417
0.665800 0.655882
0.666000 0.650432
0.666200 0.645065
0.666400 0.639779
0.666600 0.634572
0.666800 0.629443
0.667000 0.624392
0.667200 0.619415
0.667400 0.614513
0.667600 0.609683
0.667800 0.604924
0.668000 0.600235
0.668200 0.595615
0.668400 0.591061
0.668600 0.586574
0.668800 0.582151
0.669000 0.577791
0.669200 0.573494
0.669400 0.569257
0.669600 0.565080
0.669800 0.560961
0.670000 0.556899
0.670200 0.552894
0.670400 0.548943
0.670600 0.545047
0.670800 0.541203
0.671000 0.537410
0.671200 0.533669
0.671400 0.529976
0.671600 0.526333
0.671800 0.522736
0.672000 0.519187
0.672200 0.515682
0.672400 0.512223
0.672600 0.508806
0.672800 0.505433
0.673000 0.502101
0.673200 0.498811
0.673400 0.495560
0.673600 0.492348
0.673800 0.489175
0.674000 0.486040
0.674200 0.482941
0.674400 0.479878
0.674600 0.476850
0.674800 0.473856
0.675000 0.470896
0.675200 0.467969
0.675400 0.465074
0.675600 0.462211
0.675800 0.459378
0.676000 0.456576
0.676200 0.453803
0.676400 0.451059
0.676600 0.448343
0.676800 0.445655
0.677000 0.442994
0.677200 0.440359
0.677400 0.437750
0.677600 0.435167
0.677800 0.432608
0.678000 0.430074
0.678200 0.427563
0.678400 0.425075
0.678600 0.422611
0.678800 0.420168
0.679000 0.417747
0.679200 0.415348
0.679400 0.412969
0.679600 0.410611
0.679800 0.408272
0.680000 0.405954
0.680200 0.403654
0.680400 0.401374
0.680600 0.399111
0.680800 0.396867
0.681000 0.394640
0.681200 0.392431
0.681400 0.390239
0.681600 0.388063
0.681800 0.385903
0.682000 0.383760
0.682200 0.381632
0.682400 0.379519
0.682600 0.377422
0.682800 0.375339
0.683000 0.373271
0.683200 0.371217
0.683400 0.369177
0.683600 0.367151
0.683800 0.365138
0.684000 0.363138
0.684200 0.361152
0.684400 0.359178
0.684600 0.357216
0.684800 0.355267
0.685000 0.353330
0.685200 0.351405
0.685400 0.349492
0.685600 0.347590
0.685800 0.345699
0.686000 0.343820
0.686200 0.341951
0.686400 0.340094
0.686600 0.338247
0.686800 0.336410
0.687000 0.334584
0.687200 0.332768
0.687400 0.330961
0.687600 0.329165
0.687800 0.327379
0.688000 0.325602
0.688200 0.323834
0.688400 0.322076
0.688600 0.320327
0.688800 0.318587
0.689000 0.316857
0.689200 0.315135
0.689400 0.313422
0.689600 0.311717
0.689800 0.310021
0.690000 0.308334
0.690200 0.306654
0.690400 0.304984
0.690600 0.303321
0.690800 0.301666
0.691000 0.300020
0.691200 0.298381
0.691400 0.296751
0.691600 0.295128
0.691800 0.293512
0.692000 0.291905
0.692200 0.290305
0.692400 0.288712
0.692600 0.287127
0.692800 0.285549
0.693000 0.283979
0.693200 0.282415
0.693400 0.280859
0.693600 0.279310
0.693800 0.277769
0.694000 0.276234
0.694200 0.274706
0.694400 0.273185
0.694600 0.271671
0.694800 0.270164
0.695000 0.268663
0.695200 0.267170
0.695400 0.265683
0.695600 0.264202
0.695800 0.262729
0.696000 0.261262
0.696200 0.259801
0.696400 0.258347
0.696600 0.256899
0.696800 0.255458
0.697000 0.254023
0.697200 0.252595
0.697400 0.251173
0.697600 0.249757
0.697800 0.248347
0.698000 0.246944
0.698200 0.245547
0.698400 0.244156
0.698600 0.242771
0.698800 0.241392
0.699000 0.240020
0.699200 0.238653
0.699400 0.237293
0.699600 0.235939
0.699800 0.234590
0.700000 0.233248
0.700200 0.231911
0.700400 0.230581
0.700600 0.229256
0.700800 0.227937
0.701000 0.226624
0.701200 0.225317
0.701400 0.224016
0.701600 0.222721
0.701800 0.221431
0.702000 0.220147
0.702200 0.218869
0.702400 0.217596
0.702600 0.216330
0.702800 0.215069
0.703000 0.213813
0.703200 0.212564
0.703400 0.211320
0.703600 0.210081
0.703800 0.208848
0.704000 0.207621
0.704200 0.206399
0.704400 0.205183
0.704600 0.203972
0.704800 0.202767
0.705000 0.201568
0.705200 0.200373
0.705400 0.199185
0.705600 0.198001
0.705800 0.196824
0.706000 0.195651
0.706200 0.194484
0.706400 0.193323
0.706600 0.192166
0.706800 0.191016
0.707000 0.189870
0.707200 0.188730
0.707400 0.187595
0.707600 0.186465
0.707800 0.185341
0.708000 0.184222
0.708200 0.183108
0.708400 0.182000
0.708600 0.180896
0.708800 0.179798
0.709000 0.178705
0.709200 0.177618
0.709400 0.176535
0.709600 0.175458
0.709800 0.174386
0.710000 0.173318
0.710200 0.172256
0.710400 0.171199
0.710600 0.170148
0.710800 0.169101
0.711000 0.168059
0.711200 0.167022
0.711400 0.165991
0.711600 0.164964
0.711800 0.163942
0.712000 0.162926
0.712200 0.161914
0.712400 0.160907
0.712600 0.159905
0.712800 0.158908
0.713000 0.157916
0.713200 0.156929
0.713400 0.155947
0.713600 0.154970
0.713800 0.153997
0.714000 0.153030
0.714200 0.152067
0.714400 0.151109
0.714600 0.150155
0.714800 0.149207
0.715000 0.148263
0.715200 0.147324
0.715400 0.146390
0.715600 0.145461
0.715800 0.144536
0.716000 0.143616
0.716200 0.142700
0.716400 0.141790
0.716600 0.140884
0.716800 0.139982
0.717000 0.139085
0.717200 0.138193
0.717400 0.137306
0.717600 0.136423
0.717800 0.135544
0.718000 0.134670
0.718200 0.133801
0.718400 0.132936
0.718600 0.132076
0.718800 0.131220
0.719000 0.130368
0.719200 0.129522
0.719400 0.128679
0.719600 0.127841
0.719800 0.127007
0.720000 0.126178
0.720200 0.125353
0.720400 0.124533
0.720600 0.123717
0.720800 0.122905
0.721000 0.122098
0.721200 0.121295
0.721400 0.120496
0.721600 0.119701
0.721800 0.118911
0.722000 0.118125
0.722200 0.117344
0.722400 0.116566
0.722600 0.115793
0.722800 0.115024
0.723000 0.114259
0.723200 0.113498
0.723400 0.112742
0.723600 0.111989
0.723800 0.111241
0.724000 0.110497
0.724200 0.109757
0.724400 0.109021
0.724600 0.108289
0.724800 0.107561
0.725000 0.106837
0.725200 0.106117
0.725400 0.105401
0.725600 0.104689
0.725800 0.103982
0.726000 0.103278
0.726200 0.102578
0.726400 0.101882
0.726600 0.101190
0.726800 0.100502
0.727000 0.099817
0.727200 0.099137
0.727400 0.098460
0.727600 0.097788
0.727800 0.097119
0.728000 0.096454
0.728200 0.095792
0.728400 0.095135
0.728600 0.094481
0.728800 0.093831
0.729000 0.093185
0.729200 0.092542
0.729400 0.091904
0.729600 0.091269
0.729800 0.090637
0.730000 0.090009
0.730200 0.089385
0.730400 0.088765
0.730600 0.088148
0.730800 0.087535
0.731000 0.086925
0.731200 0.086319
0.731400 0.085717
0.731600 0.085118
0.731800 0.084523
0.732000 0.083931
0.732200 0.083342
0.732400 0.082757
0.732600 0.082176
0.732800 0.081598
0.733000 0.081024
0.733200 0.080453
0.733400 0.079885
0.733600 0.079321
0.733800 0.078760
0.734000 0.078203
0.734200 0.077649
0.734400 0.077098
0.734600 0.076550
0.734800 0.076006
0.735000 0.075466
0.735200 0.074928
0.735400 0.074394
0.735600 0.073863
0.735800 0.073335
0.736000 0.072811
0.736200 0.072290
0.736400 0.071772
0.736600 0.071257
0.736800 0.070745
0.737000 0.070237
0.737200 0.069731
0.737400 0.069229
0.737600 0.068730
0.737800 0.068234
0.738000 0.067741
0.738200 0.067251
0.738400 0.066765
0.738600 0.066281
0.738800 0.065800
0.739000 0.065323
0.739200 0.064848
0.739400 0.064376
0.739600 0.063908
0.739800 0.063442
0.740000 0.062979
0.740200 0.062520
0.740400 0.062063
0.740600 0.061609
0.740800 0.061158
0.741000 0.060710
0.741200 0.060265
0.741400 0.059822
0.741600 0.059383
0.741800 0.058946
0.742000 0.058512
0.742200 0.058081
0.742400 0.057652
0.742600 0.057227
0.742800 0.056804
0.743000 0.056384
0.743200 0.055967
0.743400 0.055552
0.743600 0.055141
0.743800 0.054731
0.744000 0.054325
0.744200 0.053921
0.744400 0.053520
0.744600 0.053122
0.744800 0.052726
0.745000 0.052333
0.745200 0.051942
0.745400 0.051554
0.745600 0.051169
0.745800 0.050786
0.746000 0.050405
0.746200 0.050028
0.746400 0.049652
0.746600 0.049280
0.746800 0.048910
0.747000 0.048542
0.747200 0.048177
0.747400 0.047814
0.747600 0.047454
0.747800 0.047096
0.748000 0.046740
0.748200 0.046387
0.748400 0.046037
0.748600 0.045689
0.748800 0.045343
0.749000 0.044999
0.749200 0.044658
0.749400 0.044320
0.749600 0.043983
0.749800 0.043649
0.750000 0.043317
0.750200 0.042988
0.750400 0.042661
0.750600 0.042336
0.750800 0.042013
0.751000 0.041693
0.751200 0.041375
0.751400 0.041059
0.751600 0.040745
0.751800 0.040433
0.752000 0.040124
0.752200 0.039817
0.752400 0.039512
0.752600 0.039209
0.752800 0.038908
0.753000 0.038610
0.753200 0.038313
0.753400 0.038019
0.753600 0.037727
0.753800 0.037437
0.754000 0.037149
0.754200 0.036863
0.754400 0.036579
0.754600 0.036297
0.754800 0.036017
0.755000 0.035739
0.755200 0.035463
0.755400 0.035189
0.755600 0.034918
0.755800 0.034648
0.756000 0.034380
0.756200 0.034114
0.756400 0.033850
0.756600 0.033588
0.756800 0.033328
0.757000 0.033069
0.757200 0.032813
0.757400 0.032558
0.757600 0.032306
0.757800 0.032055
0.758000 0.031806
0.758200 0.031559
0.758400 0.031314
0.758600 0.031071
0.758800 0.030829
0.759000 0.030590
0.759200 0.030352
0.759400 0.030116
0.759600 0.029881
0.759800 0.029649
0.760000 0.029418
0.760200 0.029189
0.760400 0.028961
0.760600 0.028736
0.760800 0.028512
0.761000 0.028290
0.761200 0.028069
0.761400 0.027850
0.761600 0.027633
0.761800 0.027418
0.762000 0.027204
0.762200 0.026992
0.762400 0.026781
0.762600 0.026572
0.762800 0.026365
0.763000 0.026159
0.763200 0.025955
0.763400 0.025753
0.763600 0.025552
0.763800 0.025353
0.764000 0.025155
0.764200 0.024959
0.764400 0.024764
0.764600 0.024571
0.764800 0.024379
0.765000 0.024189
0.765200 0.024000
0.765400 0.023813
0.765600 0.023628
0.765800 0.023444
0.766000 0.023261
0.766200 0.023080
0.766400 0.022900
0.766600 0.022722
0.766800 0.022545
0.767000 0.022370
0.767200 0.022196
0.767400 0.022023
0.767600 0.021852
0.767800 0.021682
0.768000 0.021514
0.768200 0.021347
0.768400 0.021181
0.768600 0.021017
0.768800 0.020854
0.769000 0.020692
0.769200 0.020532
0.769400 0.020373
0.769600 0.020216
0.769800 0.020059
0.770000 0.019904
0.770200 0.019751
0.770400 0.019598
0.770600 0.019447
0.770800 0.019297
0.771000 0.019149
0.771200 0.019001
0.771400 0.018855
0.771600 0.018711
0.771800 0.018567
0.772000 0.018425
0.772200 0.018284
0.772400 0.018144
0.772600 0.018005
0.772800 0.017867
0.773000 0.017731
0.773200 0.017596
0.773400 0.017462
0.773600 0.017329
0.773800 0.017197
0.774000 0.017067
0.774200 0.016937
0.774400 0.016809
0.774600 0.016682
0.774800 0.016556
0.775000 0.016431
0.775200 0.016308
0.775400 0.016185
0.775600 0.016063
0.775800 0.015943
0.776000 0.015824
0.776200 0.015705
0.776400 0.015588
0.776600 0.015472
0.776800 0.015357
0.777000 0.015243
0.777200 0.015130
0.777400 0.015018
0.777600 0.014907
0.777800 0.014797
0.778000 0.014688
0.778200 0.014580
0.778400 0.014473
0.778600 0.014367
0.778800 0.014262
0.779000 0.014158
0.779200 0.014055
0.779400 0.013953
0.779600 0.013852
0.779800 0.013752
0.780000 0.013653
0.780200 0.013555
0.780400 0.013457
0.780600 0.013361
0.780800 0.013266
0.781000 0.013171
0.781200 0.013078
0.781400 0.012985
0.781600 0.012893
0.781800 0.012803
0.782000 0.012713
0.782200 0.012624
0.782400 0.012535
0.782600 0.012448
0.782800 0.012362
0.783000 0.012276
0.783200 0.012191
0.783400 0.012108
0.783600 0.012025
0.783800 0.011942
0.784000 0.011861
0.784200 0.011781
0.784400 0.011701
0.784600 0.011622
0.784800 0.011544
0.785000 0.011467
0.785200 0.011391
0.785400 0.011315
0.785600 0.011240
0.785800 0.011166
0.786000 0.011093
0.786200 0.011020
0.786400 0.010949
0.786600 0.010878
0.786800 0.010808
0.787000 0.010738
0.787200 0.010670
0.787400 0.010602
0.787600 0.010535
0.787800 0.010468
0.788000 0.010403
0.788200 0.010338
0.788400 0.010274
0.788600 0.010210
0.788800 0.010147
0.789000 0.010085
0.789200 0.010024
0.789400 0.009963
0.789600 0.009903
0.789800 0.009844
0.790000 0.009786
0.790200 0.009728
0.790400 0.009671
0.790600 0.009614
0.790800 0.009558
0.791000 0.009503
0.791200 0.009449
0.791400 0.009395
0.791600 0.009342
0.791800 0.009289
0.792000 0.009237
0.792200 0.009186
0.792400 0.009135
0.792600 0.009085
0.792800 0.009036
0.793000 0.008987
0.793200 0.008939
0.793400 0.008892
0.793600 0.008845
0.793800 0.008799
0.794000 0.008753
0.794200 0.008708
0.794400 0.008664
0.794600 0.008620
0.794800 0.008577
0.795000 0.008534
0.795200 0.008492
0.795400 0.008450
0.795600 0.008409
0.795800 0.008369
0.796000 0.008329
0.796200 0.008290
0.796400 0.008252
0.796600 0.008213
0.796800 0.008176
0.797000 0.008139
0.797200 0.008103
0.797400 0.008067
0.797600 0.008031
0.797800 0.007997
0.798000 0.007962
0.798200 0.007929
0.798400 0.007895
0.798600 0.007863
0.798800 0.007831
0.799000 0.007799
0.799200 0.007768
0.799400 0.007737
0.799600 0.007707
0.799800 0.007678
0.800000 0.007649
0.800200 0.007620
0.800400 0.007592
0.800600 0.007564
0.800800 0.007537
0.801000 0.007511
0.801200 0.007485
0.801400 0.007459
0.801600 0.007434
0.801800 0.007409
0.802000 0.007385
0.802200 0.007361
0.802400 0.007338
0.802600 0.007315
0.802800 0.007293
0.803000 0.007271
0.803200 0.007250
0.803400 0.007229
0.803600 0.007208
0.803800 0.007188
0.804000 0.007169
0.804200 0.007150
0.804400 0.007131
0.804600 0.007113
0.804800 0.007095
0.805000 0.007077
0.805200 0.007060
0.805400 0.007044
0.805600 0.007028
0.805800 0.007012
0.806000 0.006997
0.806200 0.006982
0.806400 0.006968
0.806600 0.006954
0.806800 0.006940
0.807000 0.006927
0.807200 0.006914
0.807400 0.006902
0.807600 0.006890
0.807800 0.006878
0.808000 0.006867
0.808200 0.006857
0.808400 0.006846
0.808600 0.006836
0.808800 0.006827
0.809000 0.006818
0.809200 0.006809
0.809400 0.006800
0.809600 0.006792
0.809800 0.006785
0.810000 0.006778
0.810200 0.006771
0.810400 0.006764
0.810600 0.006758
0.810800 0.006752
0.811000 0.006747
0.811200 0.006742
0.811400 0.006738
0.811600 0.006733
0.811800 0.006729
0.812000 0.006726
0.812200 0.006723
0.812400 0.006720
0.812600 0.006717
0.812800 0.006715
0.813000 0.006714
0.813200 0.006712
0.813400 0.006711
0.813600 0.006710
0.813800 0.006710
0.814000 0.006710
0.814200 0.006710
0.814400 0.006711
0.814600 0.006712
0.814800 0.006714
0.815000 0.006715
0.815200 0.006717
0.815400 0.006720
0.815600 0.006722
0.815800 0.006725
0.816000 0.006729
0.816200 0.006733
0.816400 0.006737
0.816600 0.006741
0.816800 0.006746
0.817000 0.006751
0.817200 0.006756
0.817400 0.006762
0.817600 0.006768
0.817800 0.006774
0.818000 0.006780
0.818200 0.006787
0.818400 0.006795
0.818600 0.006802
0.818800 0.006810
0.819000 0.006818
0.819200 0.006827
0.819400 0.006836
0.819600 0.006845
0.819800 0.006854
0.820000 0.006864
0.820200 0.006874
0.820400 0.006884
0.820600 0.006895
0.820800 0.006906
0.821000 0.006917
0.821200 0.006928
0.821400 0.006940
0.821600 0.006952
0.821800 0.006965
0.822000 0.006978
0.822200 0.006991
0.822400 0.007004
0.822600 0.007018
0.822800 0.007031
0.823000 0.007046
0.823200 0.007060
0.823400 0.007075
0.823600 0.007090
0.823800 0.007105
0.824000 0.007121
0.824200 0.007137
0.824400 0.007153
0.824600 0.007170
0.824800 0.007186
0.825000 0.007203
0.825200 0.007221
0.825400 0.007238
0.825600 0.007256
0.825800 0.007274
0.826000 0.007293
0.826200 0.007312
0.826400 0.007331
0.826600 0.007350
0.826800 0.007370
0.827000 0.007389
0.827200 0.007409
0.827400 0.007430
0.827600 0.007451
0.827800 0.007472
0.828000 0.007493
0.828200 0.007514
0.828400 0.007536
0.828600 0.007558
0.828800 0.007580
0.829000 0.007603
0.829200 0.007626
0.829400 0.007649
0.829600 0.007672
0.829800 0.007696
0.830000 0.007720
0.830200 0.007744
0.830400 0.007769
0.830600 0.007793
0.830800 0.007818
0.831000 0.007844
0.831200 0.007869
0.831400 0.007895
0.831600 0.007921
0.831800 0.007947
0.832000 0.007974
0.832200 0.008001
0.832400 0.008028
0.832600 0.008055
0.832800 0.008083
0.833000 0.008111
0.833200 0.008139
0.833400 0.008168
0.833600 0.008196
0.833800 0.008225
0.834000 0.008255
0.834200 0.008284
0.834400 0.008314
0.834600 0.008344
0.834800 0.008374
0.835000 0.008405
0.835200 0.008435
0.835400 0.008467
0.835600 0.008498
0.835800 0.008529
0.836000 0.008561
0.836200 0.008593
0.836400 0.008626
0.836600 0.008658
0.836800 0.008691
0.837000 0.008724
0.837200 0.008758
0.837400 0.008792
0.837600 0.008825
0.837800 0.008860
0.838000 0.008894
0.838200 0.008929
0.838400 0.008964
0.838600 0.008999
0.838800 0.009035
0.839000 0.009070
0.839200 0.009106
0.839400 0.009143
0.839600 0.009179
0.839800 0.009216
0.840000 0.009253
0.840200 0.009290
0.840400 0.009328
0.840600 0.009366
0.840800 0.009404
0.841000 0.009442
0.841200 0.009481
0.841400 0.009520
0.841600 0.009559
0.841800 0.009598
0.842000 0.009638
0.842200 0.009678
0.842400 0.009718
0.842600 0.009758
0.842800 0.009799
0.843000 0.009840
0.843200 0.009881
0.843400 0.009923
0.843600 0.009964
0.843800 0.010006
0.844000 0.010049
0.844200 0.010091
0.844400 0.010134
0.844600 0.010177
0.844800 0.010220
0.845000 0.010264
0.845200 0.010308
0.845400 0.010352
0.845600 0.010396
0.845800 0.010441
0.846000 0.010486
0.846200 0.010531
0.846400 0.010576
0.846600 0.010622
0.846800 0.010668
0.847000 0.010714
0.847200 0.010761
0.847400 0.010808
0.847600 0.010855
0.847800 0.010902
0.848000 0.010950
0.848200 0.010997
0.848400 0.011046
0.848600 0.011094
0.848800 0.011143
0.849000 0.011192
0.849200 0.011241
0.849400 0.011290
0.849600 0.011340
0.849800 0.011390
0.850000 0.011440
0.850200 0.011491
0.850400 0.011542
0.850600 0.011593
0.850800 0.011644
0.851000 0.011696
0.851200 0.011748
0.851400 0.011800
0.851600 0.011852
0.851800 0.011905
0.852000 0.011958
0.852200 0.012012
0.852400 0.012065
0.852600 0.012119
0.852800 0.012173
0.853000 0.012228
0.853200 0.012282
0.853400 0.012337
0.853600 0.012393
0.853800 0.012448
0.854000 0.012504
0.854200 0.012560
0.854400 0.012617
0.854600 0.012673
0.854800 0.012730
0.855000 0.012787
0.855200 0.012845
0.855400 0.012903
0.855600 0.012961
0.855800 0.013019
0.856000 0.013078
0.856200 0.013137
0.856400 0.013196
0.856600 0.013256
0.856800 0.013316
0.857000 0.013376
0.857200 0.013436
0.857400 0.013497
0.857600 0.013558
0.857800 0.013619
0.858000 0.013681
0.858200 0.013743
0.858400 0.013805
0.858600 0.013868
0.858800 0.013931
0.859000 0.013994
0.859200 0.014057
0.859400 0.014121
0.859600 0.014185
0.859800 0.014249
0.860000 0.014314
0.860200 0.014379
0.860400 0.014444
0.860600 0.014509
0.860800 0.014575
0.861000 0.014641
0.861200 0.014708
0.861400 0.014774
0.861600 0.014841
0.861800 0.014909
0.862000 0.014976
0.862200 0.015044
0.862400 0.015113
0.862600 0.015181
0.862800 0.015250
0.863000 0.015319
0.863200 0.015389
0.863400 0.015459
0.863600 0.015529
0.863800 0.015599
0.864000 0.015670
0.864200 0.015741
0.864400 0.015813
0.864600 0.015885
0.864800 0.015957
0.865000 0.016029
0.865200 0.016102
0.865400 0.016175
0.865600 0.016248
0.865800 0.016322
0.866000 0.016396
0.866200 0.016470
0.866400 0.016545
0.866600 0.016620
0.866800 0.016695
0.867000 0.016771
0.867200 0.016847
0.867400 0.016923
0.867600 0.017000
0.867800 0.017077
0.868000 0.017154
0.868200 0.017232
0.868400 0.017310
0.868600 0.017388
0.868800 0.017467
0.869000 0.017546
0.869200 0.017625
0.869400 0.017705
0.869600 0.017785
0.869800 0.017865
0.870000 0.017946
0.870200 0.018027
0.870400 0.018109
0.870600 0.018190
0.870800 0.018273
0.871000 0.018355
0.871200 0.018438
0.871400 0.018521
0.871600 0.018605
0.871800 0.018688
0.872000 0.018773
0.872200 0.018857
0.872400 0.018942
0.872600 0.019027
0.872800 0.019113
0.873000 0.019199
0.873200 0.019285
0.873400 0.019372
0.873600 0.019459
0.873800 0.019547
0.874000 0.019635
0.874200 0.019723
0.874400 0.019811
0.874600 0.019900
0.874800 0.019990
0.875000 0.020079
0.875200 0.020169
0.875400 0.020260
0.875600 0.020350
0.875800 0.020442
0.876000 0.020533
0.876200 0.020625
0.876400 0.020717
0.876600 0.020810
0.876800 0.020903
0.877000 0.020996
0.877200 0.021090
0.877400 0.021184
0.877600 0.021279
0.877800 0.021374
0.878000 0.021469
0.878200 0.021565
0.878400 0.021661
0.878600 0.021758
0.878800 0.021855
0.879000 0.021952
0.879200 0.022049
0.879400 0.022148
0.879600 0.022246
0.879800 0.022345
0.880000 0.022444
0.880200 0.022544
0.880400 0.022644
0.880600 0.022744
0.880800 0.022845
0.881000 0.022946
0.881200 0.023048
0.881400 0.023150
0.881600 0.023253
0.881800 0.023356
0.882000 0.023459
0.882200 0.023563
0.882400 0.023667
0.882600 0.023771
0.882800 0.023876
0.883000 0.023982
0.883200 0.024087
0.883400 0.024194
0.883600 0.024300
0.883800 0.024407
0.884000 0.024515
0.884200 0.024623
0.884400 0.024731
0.884600 0.024840
0.884800 0.024949
0.885000 0.025058
0.885200 0.025168
0.885400 0.025279
0.885600 0.025390
0.885800 0.025501
0.886000 0.025613
0.886200 0.025725
0.886400 0.025838
0.886600 0.025951
0.886800 0.026064
0.887000 0.026178
0.887200 0.026292
0.887400 0.026407
0.887600 0.026523
0.887800 0.026638
0.888000 0.026754
0.888200 0.026871
0.888400 0.026988
0.888600 0.027106
0.888800 0.027224
0.889000 0.027342
0.889200 0.027461
0.889400 0.027580
0.889600 0.027700
0.889800 0.027820
0.890000 0.027941
0.890200 0.028062
0.890400 0.028184
0.890600 0.028306
0.890800 0.028428
0.891000 0.028551
0.891200 0.028675
0.891400 0.028799
0.891600 0.028923
0.891800 0.029048
0.892000 0.029173
0.892200 0.029299
0.892400 0.029426
0.892600 0.029552
0.892800 0.029680
0.893000 0.029808
0.893200 0.029936
0.893400 0.030065
0.893600 0.030194
0.893800 0.030323
0.894000 0.030454
0.894200 0.030584
0.894400 0.030715
0.894600 0.030847
0.894800 0.030979
0.895000 0.031112
0.895200 0.031245
0.895400 0.031379
0.895600 0.031513
0.895800 0.031647
0.896000 0.031783
0.896200 0.031918
0.896400 0.032054
0.896600 0.032191
0.896800 0.032328
0.897000 0.032466
0.897200 0.032604
0.897400 0.032743
0.897600 0.032882
0.897800 0.033022
0.898000 0.033162
0.898200 0.033303
0.898400 0.033444
0.898600 0.033586
0.898800 0.033728
0.899000 0.033871
0.899200 0.034014
0.899400 0.034158
0.899600 0.034303
0.899800 0.034448
0.900000 0.034593
0.900200 0.034739
0.900400 0.034886
0.900600 0.035033
0.900800 0.035180
0.901000 0.035328
0.901200 0.035477
0.901400 0.035626
0.901600 0.035776
0.901800 0.035926
0.902000 0.036077
0.902200 0.036229
0.902400 0.036381
0.902600 0.036533
0.902800 0.036686
0.903000 0.036840
0.903200 0.036994
0.903400 0.037149
0.903600 0.037304
0.903800 0.037460
0.904000 0.037616
0.904200 0.037773
0.904400 0.037931
0.904600 0.038089
0.904800 0.038248
0.905000 0.038407
0.905200 0.038567
0.905400 0.038727
0.905600 0.038888
0.905800 0.039049
0.906000 0.039212
0.906200 0.039374
0.906400 0.039538
0.906600 0.039701
0.906800 0.039866
0.907000 0.040031
0.907200 0.040196
0.907400 0.040363
0.907600 0.040529
0.907800 0.040697
0.908000 0.040865
0.908200 0.041033
0.908400 0.041202
0.908600 0.041372
0.908800 0.041542
0.909000 0.041713
0.909200 0.041885
0.909400 0.042057
0.909600 0.042230
0.909800 0.042403
0.910000 0.042577
0.910200 0.042752
0.910400 0.042927
0.910600 0.043103
0.910800 0.043279
0.911000 0.043456
0.911200 0.043634
0.911400 0.043812
0.911600 0.043991
0.911800 0.044170
0.912000 0.044351
0.912200 0.044531
0.912400 0.044713
0.912600 0.044895
0.912800 0.045077
0.913000 0.045261
0.913200 0.045445
0.913400 0.045629
0.913600 0.045814
0.913800 0.046000
0.914000 0.046187
0.914200 0.046374
0.914400 0.046562
0.914600 0.046750
0.914800 0.046939
0.915000 0.047129
0.915200 0.047319
0.915400 0.047510
0.915600 0.047702
0.915800 0.047894
0.916000 0.048087
0.916200 0.048281
0.916400 0.048475
0.916600 0.048670
0.916800 0.048866
0.917000 0.049062
0.917200 0.049259
0.917400 0.049457
0.917600 0.049655
0.917800 0.049854
0.918000 0.050053
0.918200 0.050254
0.918400 0.050455
0.918600 0.050656
0.918800 0.050859
0.919000 0.051062
0.919200 0.051266
0.919400 0.051470
0.919600 0.051675
0.919800 0.051881
0.920000 0.052087
0.920200 0.052295
0.920400 0.052503
0.920600 0.052711
0.920800 0.052920
0.921000 0.053130
0.921200 0.053341
0.921400 0.053552
0.921600 0.053765
0.921800 0.053977
0.922000 0.054191
0.922200 0.054405
0.922400 0.054620
0.922600 0.054836
0.922800 0.055052
0.923000 0.055269
0.923200 0.055487
0.923400 0.055705
0.923600 0.055925
0.923800 0.056145
0.924000 0.056365
0.924200 0.056587
0.924400 0.056809
0.924600 0.057032
0.924800 0.057255
0.925000 0.057480
0.925200 0.057705
0.925400 0.057931
0.925600 0.058157
0.925800 0.058384
0.926000 0.058613
0.926200 0.058841
0.926400 0.059071
0.926600 0.059301
0.926800 0.059532
0.927000 0.059764
0.927200 0.059997
0.927400 0.060230
0.927600 0.060464
0.927800 0.060699
0.928000 0.060934
0.928200 0.061171
0.928400 0.061408
0.928600 0.061646
0.928800 0.061884
0.929000 0.062124
0.929200 0.062364
0.929400 0.062605
0.929600 0.062847
0.929800 0.063089
0.930000 0.063333
0.930200 0.063577
0.930400 0.063822
0.930600 0.064067
0.930800 0.064314
0.931000 0.064561
0.931200 0.064809
0.931400 0.065058
0.931600 0.065307
0.931800 0.065558
0.932000 0.065809
0.932200 0.066061
0.932400 0.066314
0.932600 0.066568
0.932800 0.066822
0.933000 0.067077
0.933200 0.067333
0.933400 0.067590
0.933600 0.067848
0.933800 0.068106
0.934000 0.068366
0.934200 0.068626
0.934400 0.068887
0.934600 0.069148
0.934800 0.069411
0.935000 0.069674
0.935200 0.069939
0.935400 0.070204
0.935600 0.070469
0.935800 0.070736
0.936000 0.071004
0.936200 0.071272
0.936400 0.071541
0.936600 0.071811
0.936800 0.072082
0.937000 0.072354
0.937200 0.072627
0.937400 0.072900
0.937600 0.073174
0.937800 0.073450
0.938000 0.073726
0.938200 0.074002
0.938400 0.074280
0.938600 0.074559
0.938800 0.074838
0.939000 0.075118
0.939200 0.075400
0.939400 0.075682
0.939600 0.075964
0.939800 0.076248
0.940000 0.076533
0.940200 0.076818
0.940400 0.077105
0.940600 0.077392
0.940800 0.077680
0.941000 0.077969
0.941200 0.078259
0.941400 0.078550
0.941600 0.078841
0.941800 0.079134
0.942000 0.079427
0.942200 0.079722
0.942400 0.080017
0.942600 0.080313
0.942800 0.080610
0.943000 0.080908
0.943200 0.081207
0.943400 0.081507
0.943600 0.081807
0.943800 0.082109
0.944000 0.082411
0.944200 0.082714
0.944400 0.083019
0.944600 0.083324
0.944800 0.083630
0.945000 0.083937
0.945200 0.084245
0.945400 0.084554
0.945600 0.084863
0.945800 0.085174
0.946000 0.085486
0.946200 0.085798
0.946400 0.086112
0.946600 0.086426
0.946800 0.086742
0.947000 0.087058
0.947200 0.087375
0.947400 0.087693
0.947600 0.088012
0.947800 0.088332
0.948000 0.088653
0.948200 0.088975
0.948400 0.089298
0.948600 0.089622
0.948800 0.089947
0.949000 0.090272
0.949200 0.090599
0.949400 0.090927
0.949600 0.091255
0.949800 0.091585
0.950000 0.091915
0.950200 0.092247
0.950400 0.092579
0.950600 0.092913
0.950800 0.093247
0.951000 0.093583
0.951200 0.093919
0.951400 0.094256
0.951600 0.094594
0.951800 0.094934
0.952000 0.095274
0.952200 0.095615
0.952400 0.095957
0.952600 0.096301
0.952800 0.096645
0.953000 0.096990
0.953200 0.097336
0.953400 0.097683
0.953600 0.098032
0.953800 0.098381
0.954000 0.098731
0.954200 0.099082
0.954400 0.099434
0.954600 0.099788
0.954800 0.100142
0.955000 0.100497
0.955200 0.100853
0.955400 0.101210
0.955600 0.101569
0.955800 0.101928
0.956000 0.102288
0.956200 0.102649
0.956400 0.103012
0.956600 0.103375
0.956800 0.103739
0.957000 0.104105
0.957200 0.104471
0.957400 0.104839
0.957600 0.105207
0.957800 0.105577
0.958000 0.105947
0.958200 0.106319
0.958400 0.106691
0.958600 0.107065
0.958800 0.107440
0.959000 0.107816
0.959200 0.108192
0.959400 0.108570
0.959600 0.108949
0.959800 0.109329
0.960000 0.109710
0.960200 0.110092
0.960400 0.110475
0.960600 0.110859
0.960800 0.111245
0.961000 0.111631
0.961200 0.112018
0.961400 0.112407
0.961600 0.112796
0.961800 0.113187
0.962000 0.113579
0.962200 0.113971
0.962400 0.114365
0.962600 0.114760
0.962800 0.115156
0.963000 0.115553
0.963200 0.115951
0.963400 0.116350
0.963600 0.116751
0.963800 0.117152
0.964000 0.117554
0.964200 0.117958
0.964400 0.118363
0.964600 0.118768
0.964800 0.119175
0.965000 0.119583
0.965200 0.119992
0.965400 0.120402
0.965600 0.120814
0.965800 0.121226
0.966000 0.121639
0.966200 0.122054
0.966400 0.122470
0.966600 0.122886
0.966800 0.123304
0.967000 0.123723
0.967200 0.124143
0.967400 0.124565
0.967600 0.124987
0.967800 0.125410
0.968000 0.125835
0.968200 0.126261
0.968400 0.126688
0.968600 0.127116
0.968800 0.127545
0.969000 0.127975
0.969200 0.128406
0.969400 0.128839
0.969600 0.129273
0.969800 0.129707
0.970000 0.130143
0.970200 0.130581
0.970400 0.131019
0.970600 0.131458
0.970800 0.131899
0.971000 0.132340
0.971200 0.132783
0.971400 0.133227
0.971600 0.133672
0.971800 0.134119
0.972000 0.134566
0.972200 0.135015
0.972400 0.135464
0.972600 0.135915
0.972800 0.136367
0.973000 0.136821
0.973200 0.137275
0.973400 0.137731
0.973600 0.138187
0.973800 0.138645
0.974000 0.139105
0.974200 0.139565
0.974400 0.140026
0.974600 0.140489
0.974800 0.140953
0.975000 0.141418
0.975200 0.141884
0.975400 0.142351
0.975600 0.142820
0.975800 0.143290
0.976000 0.143761
0.976200 0.144233
0.976400 0.144706
0.976600 0.145181
0.976800 0.145656
0.977000 0.146133
0.977200 0.146611
0.977400 0.147091
0.977600 0.147571
0.977800 0.148053
0.978000 0.148536
0.978200 0.149020
0.978400 0.149505
0.978600 0.149992
0.978800 0.150480
0.979000 0.150968
0.979200 0.151459
0.979400 0.151950
0.979600 0.152443
0.979800 0.152937
0.980000 0.153432
0.980200 0.153928
0.980400 0.154425
0.980600 0.154924
0.980800 0.155424
0.981000 0.155925
0.981200 0.156428
0.981400 0.156931
0.981600 0.157436
0.981800 0.157942
0.982000 0.158450
0.982200 0.158958
0.982400 0.159468
0.982600 0.159979
0.982800 0.160491
0.983000 0.161005
0.983200 0.161520
0.983400 0.162036
0.983600 0.162553
0.983800 0.163072
0.984000 0.163591
0.984200 0.164112
0.984400 0.164635
0.984600 0.165158
0.984800 0.165683
0.985000 0.166209
0.985200 0.166736
0.985400 0.167265
0.985600 0.167795
0.985800 0.168326
0.986000 0.168858
0.986200 0.169392
0.986400 0.169927
0.986600 0.170463
0.986800 0.171000
0.987000 0.171539
0.987200 0.172079
0.987400 0.172620
0.987600 0.173163
0.987800 0.173707
0.988000 0.174252
0.988200 0.174798
0.988400 0.175346
0.988600 0.175895
0.988800 0.176445
0.989000 0.176996
0.989200 0.177549
0.989400 0.178103
0.989600 0.178658
0.989800 0.179215
0.990000 0.179773
0.990200 0.180332
0.990400 0.180893
0.990600 0.181454
0.990800 0.182017
0.991000 0.182582
0.991200 0.183147
0.991400 0.183714
0.991600 0.184283
0.991800 0.184852
0.992000 0.185423
0.992200 0.185995
0.992400 0.186569
0.992600 0.187144
0.992800 0.187720
0.993000 0.188297
0.993200 0.188876
0.993400 0.189456
0.993600 0.190037
0.993800 0.190620
0.994000 0.191204
0.994200 0.191789
0.994400 0.192376
0.994600 0.192964
0.994800 0.193553
0.995000 0.194143
0.995200 0.194735
0.995400 0.195328
0.995600 0.195923
0.995800 0.196519
0.996000 0.197116
0.996200 0.197714
0.996400 0.198314
0.996600 0.198915
0.996800 0.199518
0.997000 0.200122
0.997200 0.200727
0.997400 0.201333
0.997600 0.201941
0.997800 0.202550
0.998000 0.203161
0.998200 0.203772
0.998400 0.204386
0.998600 0.205000
0.998800 0.205616
0.999000 0.206233
0.999200 0.206852
0.999400 0.207471
0.999600 0.208093
0.999800 0.208715
