0.000000 1.203273
0.000200 1.204554
0.000400 1.205873
0.000600 1.207227
0.000800 1.208617
0.001000 1.210044
0.001200 1.211506
0.001400 1.213005
0.001600 1.214539
0.001800 1.216109
0.002000 1.217716
0.002200 1.219358
0.002400 1.221036
0.002600 1.222749
0.002800 1.224498
0.003000 1.226283
0.003200 1.228103
0.003400 1.229959
0.003600 1.231850
0.003800 1.233776
0.004000 1.235737
0.004200 1.237734
0.004400 1.239765
0.004600 1.241832
0.004800 1.243933
0.005000 1.246069
0.005200 1.248240
0.005400 1.250446
0.005600 1.252685
0.005800 1.254959
0.006000 1.257268
0.006200 1.259610
0.006400 1.261987
0.006600 1.264397
0.006800 1.266841
0.007000 1.269319
0.007200 1.271830
0.007400 1.274374
0.007600 1.276952
0.007800 1.279563
0.008000 1.282207
0.008200 1.284883
0.008400 1.287593
0.008600 1.290334
0.008800 1.293108
0.009000 1.295915
0.009200 1.298753
0.009400 1.301623
0.009600 1.304525
0.009800 1.307458
0.010000 1.310423
0.010200 1.313419
0.010400 1.316446
0.010600 1.319503
0.010800 1.322591
0.011000 1.325710
0.011200 1.328859
0.011400 1.332038
0.011600 1.335246
0.011800 1.338485
0.012000 1.341752
0.012200 1.345049
0.012400 1.348375
0.012600 1.351730
0.012800 1.355113
0.013000 1.358524
0.013200 1.361964
0.013400 1.365431
0.013600 1.368926
0.013800 1.372449
0.014000 1.375998
0.014200 1.379574
0.014400 1.383177
0.014600 1.386807
0.014800 1.390462
0.015000 1.394144
0.015200 1.397851
0.015400 1.401583
0.015600 1.405341
0.015800 1.409123
0.016000 1.412930
0.016200 1.416761
0.016400 1.420616
0.016600 1.424495
0.016800 1.428397
0.017000 1.432323
0.017200 1.436271
0.017400 1.440242
0.017600 1.444235
0.017800 1.448250
0.018000 1.452286
0.018200 1.456344
0.018400 1.460423
0.018600 1.464522
0.018800 1.468642
0.019000 1.472782
0.019200 1.476942
0.019400 1.481121
0.019600 1.485319
0.019800 1.489536
0.020000 1.493771
0.020200 1.498025
0.020400 1.502296
0.020600 1.506584
0.020800 1.510890
0.021000 1.515212
0.021200 1.519551
0.021400 1.523905
0.021600 1.528275
0.021800 1.532661
0.022000 1.537061
0.022200 1.541476
0.022400 1.545905
0.022600 1.550348
0.022800 1.554804
0.023000 1.559273
0.023200 1.563755
0.023400 1.568249
0.023600 1.572755
0.023800 1.577273
0.024000 1.581801
0.024200 1.586341
0.024400 1.590891
0.024600 1.595450
0.024800 1.600020
0.025000 1.604598
0.025200 1.609185
0.025400 1.613780
0.025600 1.618384
0.025800 1.622995
0.026000 1.627613
0.026200 1.632237
0.026400 1.636868
0.026600 1.641505
0.026800 1.646148
0.027000 1.650795
0.027200 1.655447
0.027400 1.660103
0.027600 1.664763
0.027800 1.669426
0.028000 1.674092
0.028200 1.678760
0.028400 1.683431
0.028600 1.688103
0.028800 1.692776
0.029000 1.697450
0.029200 1.702125
0.029400 1.706799
0.029600 1.711472
0.029800 1.716145
0.030000 1.720816
0.030200 1.725485
0.030400 1.730151
0.030600 1.734815
0.030800 1.739476
0.031000 1.744133
0.031200 1.748785
0.031400 1.753433
0.031600 1.758076
0.031800 1.762714
0.032000 1.767345
0.032200 1.771970
0.032400 1.776588
0.032600 1.781199
0.032800 1.785802
0.033000 1.790397
0.033200 1.794982
0.033400 1.799559
0.033600 1.804126
0.033800 1.808683
0.034000 1.813230
0.034200 1.817765
0.034400 1.822289
0.034600 1.826801
0.034800 1.831300
0.035000 1.835787
0.035200 1.840260
0.035400 1.844720
0.035600 1.849165
0.035800 1.853596
0.036000 1.858011
0.036200 1.862411
0.036400 1.866795
0.036600 1.871162
0.036800 1.875512
0.037000 1.879845
0.037200 1.884160
0.037400 1.888456
0.037600 1.892734
0.037800 1.896992
0.038000 1.901231
0.038200 1.905449
0.038400 1.909647
0.038600 1.913823
0.038800 1.917978
0.039000 1.922111
0.039200 1.926222
0.039400 1.930309
0.039600 1.934374
0.039800 1.938414
0.040000 1.942431
0.040200 1.946422
0.040400 1.950389
0.040600 1.954330
0.040800 1.958244
0.041000 1.962133
0.041200 1.965994
0.041400 1.969829
0.041600 1.973635
0.041800 1.977414
0.042000 1.981163
0.042200 1.984884
0.042400 1.988575
0.042600 1.992237
0.042800 1.995868
0.043000 1.999468
0.043200 2.003037
0.043400 2.006575
0.043600 2.010081
0.043800 2.013554
0.044000 2.016995
0.044200 2.020402
0.044400 2.023776
0.044600 2.027116
0.044800 2.030421
0.045000 2.033692
0.045200 2.036927
0.045400 2.040127
0.045600 2.043291
0.045800 2.046419
0.046000 2.049510
0.046200 2.052564
0.046400 2.055580
0.046600 2.058559
0.046800 2.061499
0.047000 2.064401
0.047200 2.067264
0.047400 2.070087
0.047600 2.072871
0.047800 2.075615
0.048000 2.078318
0.048200 2.080981
0.048400 2.083603
0.048600 2.086183
0.048800 2.088722
0.049000 2.091219
0.049200 2.093673
0.049400 2.096084
0.049600 2.098453
0.049800 2.100778
0.050000 2.103060
0.050200 2.105297
0.050400 2.107490
0.050600 2.109639
0.050800 2.111743
0.051000 2.113801
0.051200 2.115815
0.051400 2.117782
0.051600 2.119703
0.051800 2.121578
0.052000 2.123407
0.052200 2.125188
0.052400 2.126923
0.052600 2.128610
0.052800 2.130250
0.053000 2.131841
0.053200 2.133385
0.053400 2.134880
0.053600 2.136326
0.053800 2.137724
0.054000 2.139072
0.054200 2.140372
0.054400 2.141621
0.054600 2.142821
0.054800 2.143971
0.055000 2.145071
0.055200 2.146121
0.055400 2.147119
0.055600 2.148068
0.055800 2.148965
0.056000 2.149811
0.056200 2.150605
0.056400 2.151349
0.056600 2.152040
0.056800 2.152680
0.057000 2.153268
0.057200 2.153803
0.057400 2.154287
0.057600 2.154718
0.057800 2.155096
0.058000 2.155422
0.058200 2.155695
0.058400 2.155914
0.058600 2.156081
0.058800 2.156195
0.059000 2.156255
0.059200 2.156262
0.059400 2.156215
0.059600 2.156115
0.059800 2.155961
0.060000 2.155754
0.060200 2.155492
0.060400 2.155177
0.060600 2.154807
0.060800 2.154384
0.061000 2.153906
0.061200 2.153375
0.061400 2.152789
0.061600 2.152148
0.061800 2.151454
0.062000 2.150705
0.062200 2.149902
0.062400 2.149044
0.062600 2.148132
0.062800 2.147166
0.063000 2.146145
0.063200 2.145070
0.063400 2.143940
0.063600 2.142756
0.063800 2.141518
0.064000 2.140225
0.064200 2.138878
0.064400 2.137477
0.064600 2.136021
0.064800 2.134511
0.065000 2.132947
0.065200 2.131329
0.065400 2.129657
0.065600 2.127931
0.065800 2.126150
0.066000 2.124316
0.066200 2.122428
0.066400 2.120487
0.066600 2.118491
0.066800 2.116443
0.067000 2.114340
0.067200 2.112185
0.067400 2.109976
0.067600 2.107714
0.067800 2.105399
0.068000 2.103031
0.068200 2.100610
0.068400 2.098137
0.068600 2.095611
0.068800 2.093033
0.069000 2.090402
0.069200 2.087720
0.069400 2.084986
0.069600 2.082200
0.069800 2.079362
0.070000 2.076473
0.070200 2.073532
0.070400 2.070541
0.070600 2.067499
0.070800 2.064406
0.071000 2.061262
0.071200 2.058068
0.071400 2.054824
0.071600 2.051531
0.071800 2.048187
0.072000 2.044794
0.072200 2.041352
0.072400 2.037861
0.072600 2.034321
0.072800 2.030732
0.073000 2.027095
0.073200 2.023410
0.073400 2.019677
0.073600 2.015897
0.073800 2.012069
0.074000 2.008194
0.074200 2.004272
0.074400 2.000304
0.074600 1.996289
0.074800 1.992229
0.075000 1.988122
0.075200 1.983971
0.075400 1.979773
0.075600 1.975532
0.075800 1.971245
0.076000 1.966914
0.076200 1.962539
0.076400 1.958121
0.076600 1.953659
0.076800 1.949154
0.077000 1.944606
0.077200 1.940016
0.077400 1.935383
0.077600 1.930709
0.077800 1.925993
0.078000 1.921236
0.078200 1.916438
0.078400 1.911600
0.078600 1.906722
0.078800 1.901803
0.079000 1.896846
0.079200 1.891849
0.079400 1.886813
0.079600 1.881739
0.079800 1.876627
0.080000 1.871477
0.080200 1.866290
0.080400 1.861066
0.080600 1.855805
0.080800 1.850508
0.081000 1.845175
0.081200 1.839807
0.081400 1.834403
0.081600 1.828965
0.081800 1.823492
0.082000 1.817985
0.082200 1.812445
0.082400 1.806871
0.082600 1.801265
0.082800 1.795626
0.083000 1.789955
0.083200 1.784253
0.083400 1.778519
0.083600 1.772754
0.083800 1.766959
0.084000 1.761134
0.084200 1.755279
0.084400 1.749395
0.084600 1.743482
0.084800 1.737541
0.085000 1.731571
0.085200 1.725574
0.085400 1.719550
0.085600 1.713499
0.085800 1.707422
0.086000 1.701318
0.086200 1.695189
0.086400 1.689035
0.086600 1.682856
0.086800 1.676653
0.087000 1.670426
0.087200 1.664176
0.087400 1.657903
0.087600 1.651607
0.087800 1.645288
0.088000 1.638948
0.088200 1.632587
0.088400 1.626205
0.088600 1.619802
0.088800 1.613379
0.089000 1.606937
0.089200 1.600475
0.089400 1.593995
0.089600 1.587496
0.089800 1.580979
0.090000 1.574445
0.090200 1.567894
0.090400 1.561326
0.090600 1.554742
0.090800 1.548142
0.091000 1.541526
0.091200 1.534896
0.091400 1.528251
0.091600 1.521592
0.091800 1.514920
0.092000 1.508234
0.092200 1.501535
0.092400 1.494824
0.092600 1.488101
0.092800 1.481366
0.093000 1.474620
0.093200 1.467864
0.093400 1.461097
0.093600 1.454320
0.093800 1.447534
0.094000 1.440739
0.094200 1.433935
0.094400 1.427123
0.094600 1.420304
0.094800 1.413476
0.095000 1.406642
0.095200 1.399802
0.095400 1.392955
0.095600 1.386102
0.095800 1.379244
0.096000 1.372381
0.096200 1.365514
0.096400 1.358643
0.096600 1.351767
0.096800 1.344889
0.097000 1.338007
0.097200 1.331123
0.097400 1.324237
0.097600 1.317350
0.097800 1.310460
0.098000 1.303570
0.098200 1.296680
0.098400 1.289789
0.098600 1.282898
0.098800 1.276008
0.099000 1.269119
0.099200 1.262231
0.099400 1.255345
0.099600 1.248462
0.099800 1.241580
0.100000 1.234702
0.100200 1.227826
0.100400 1.220955
0.100600 1.214087
0.100800 1.207223
0.101000 1.200365
0.101200 1.193511
0.101400 1.186663
0.101600 1.179820
0.101800 1.172983
0.102000 1.166153
0.102200 1.159330
0.102400 1.152514
0.102600 1.145705
0.102800 1.138904
0.103000 1.132111
0.103200 1.125327
0.103400 1.118551
0.103600 1.111785
0.103800 1.105028
0.104000 1.098281
0.104200 1.091544
0.104400 1.084817
0.104600 1.078101
0.104800 1.071396
0.105000 1.064703
0.105200 1.058021
0.105400 1.051351
0.105600 1.044693
0.105800 1.038048
0.106000 1.031416
0.106200 1.024797
0.106400 1.018191
0.106600 1.011599
0.106800 1.005022
0.107000 0.998458
0.107200 0.991909
0.107400 0.985375
0.107600 0.978856
0.107800 0.972352
0.108000 0.965864
0.108200 0.959392
0.108400 0.952935
0.108600 0.946496
0.108800 0.940073
0.109000 0.933667
0.109200 0.927278
0.109400 0.920907
0.109600 0.914553
0.109800 0.908217
0.110000 0.901899
0.110200 0.895600
0.110400 0.889319
0.110600 0.883057
0.110800 0.876814
0.111000 0.870591
0.111200 0.864387
0.111400 0.858202
0.111600 0.852038
0.111800 0.845893
0.112000 0.839769
0.112200 0.833665
0.112400 0.827582
0.112600 0.821520
0.112800 0.815479
0.113000 0.809460
0.113200 0.803461
0.113400 0.797485
0.113600 0.791530
0.113800 0.785597
0.114000 0.779687
0.114200 0.773799
0.114400 0.767933
0.114600 0.762090
0.114800 0.756270
0.115000 0.750472
0.115200 0.744698
0.115400 0.738947
0.115600 0.733220
0.115800 0.727516
0.116000 0.721836
0.116200 0.716180
0.116400 0.710548
0.116600 0.704940
0.116800 0.699356
0.117000 0.693796
0.117200 0.688261
0.117400 0.682751
0.117600 0.677266
0.117800 0.671805
0.118000 0.666369
0.118200 0.660958
0.118400 0.655573
0.118600 0.650213
0.118800 0.644878
0.119000 0.639568
0.119200 0.634285
0.119400 0.629026
0.119600 0.623794
0.119800 0.618587
0.120000 0.613407
0.120200 0.608252
0.120400 0.603123
0.120600 0.598021
0.120800 0.592944
0.121000 0.587894
0.121200 0.582871
0.121400 0.577873
0.121600 0.572902
0.121800 0.567958
0.122000 0.563040
0.122200 0.558149
0.122400 0.553284
0.122600 0.548447
0.122800 0.543636
0.123000 0.538851
0.123200 0.534094
0.123400 0.529363
0.123600 0.524659
0.123800 0.519983
0.124000 0.515333
0.124200 0.510710
0.124400 0.506114
0.124600 0.501545
0.124800 0.497003
0.125000 0.492488
0.125200 0.488001
0.125400 0.483540
0.125600 0.479106
0.125800 0.474700
0.126000 0.470320
0.126200 0.465968
0.126400 0.461643
0.126600 0.457344
0.126800 0.453073
0.127000 0.448829
0.127200 0.444612
0.127400 0.440422
0.127600 0.436259
0.127800 0.432123
0.128000 0.428014
0.128200 0.423932
0.128400 0.419876
0.128600 0.415848
0.128800 0.411847
0.129000 0.407872
0.129200 0.403924
0.129400 0.400003
0.129600 0.396109
0.129800 0.392242
0.130000 0.388401
0.130200 0.384587
0.130400 0.380799
0.130600 0.377038
0.130800 0.373303
0.131000 0.369595
0.131200 0.365913
0.131400 0.362258
0.131600 0.358628
0.131800 0.355025
0.132000 0.351448
0.132200 0.347898
0.132400 0.344373
0.132600 0.340874
0.132800 0.337401
0.133000 0.333955
0.133200 0.330533
0.133400 0.327138
0.133600 0.323768
0.133800 0.320424
0.134000 0.317105
0.134200 0.313812
0.134400 0.310544
0.134600 0.307301
0.134800 0.304083
0.135000 0.300891
0.135200 0.297724
0.135400 0.294581
0.135600 0.291464
0.135800 0.288371
0.136000 0.285303
0.136200 0.282259
0.136400 0.279240
0.136600 0.276245
0.136800 0.273275
0.137000 0.270329
0.137200 0.267407
0.137400 0.264509
0.137600 0.261635
0.137800 0.258785
0.138000 0.255959
0.138200 0.253157
0.138400 0.250377
0.138600 0.247622
0.138800 0.244890
0.139000 0.242181
0.139200 0.239495
0.139400 0.236832
0.139600 0.234192
0.139800 0.231575
0.140000 0.228981
0.140200 0.226409
0.140400 0.223860
0.140600 0.221333
0.140800 0.218829
0.141000 0.216347
0.141200 0.213887
0.141400 0.211448
0.141600 0.209032
0.141800 0.206638
0.142000 0.204265
0.142200 0.201913
0.142400 0.199583
0.142600 0.197274
0.142800 0.194987
0.143000 0.192720
0.143200 0.190475
0.143400 0.188250
0.143600 0.186046
0.143800 0.183863
0.144000 0.181700
0.144200 0.179557
0.144400 0.177435
0.144600 0.175333
0.144800 0.173250
0.145000 0.171188
0.145200 0.169145
0.145400 0.167122
0.145600 0.165119
0.145800 0.163135
0.146000 0.161170
0.146200 0.159225
0.146400 0.157298
0.146600 0.155391
0.146800 0.153502
0.147000 0.151632
0.147200 0.149780
0.147400 0.147947
0.147600 0.146132
0.147800 0.144335
0.148000 0.142557
0.148200 0.140796
0.148400 0.139053
0.148600 0.137328
0.148800 0.135620
0.149000 0.133930
0.149200 0.132258
0.149400 0.130602
0.149600 0.128964
0.149800 0.127342
0.150000 0.125737
0.150200 0.124150
0.150400 0.122578
0.150600 0.121023
0.150800 0.119485
0.151000 0.117963
0.151200 0.116457
0.151400 0.114966
0.151600 0.113492
0.151800 0.112034
0.152000 0.110591
0.152200 0.109164
0.152400 0.107752
0.152600 0.106355
0.152800 0.104974
0.153000 0.103607
0.153200 0.102256
0.153400 0.100919
0.153600 0.099597
0.153800 0.098289
0.154000 0.096996
0.154200 0.095718
0.154400 0.094453
0.154600 0.093203
0.154800 0.091966
0.155000 0.090744
0.155200 0.089535
0.155400 0.088340
0.155600 0.087158
0.155800 0.085990
0.156000 0.084835
0.156200 0.083694
0.156400 0.082565
0.156600 0.081449
0.156800 0.080346
0.157000 0.079256
0.157200 0.078179
0.157400 0.077114
0.157600 0.076061
0.157800 0.075021
0.158000 0.073992
0.158200 0.072976
0.158400 0.071972
0.158600 0.070980
0.158800 0.069999
0.159000 0.069030
0.159200 0.068073
0.159400 0.067127
0.159600 0.066192
0.159800 0.065269
0.160000 0.064357
0.160200 0.063455
0.160400 0.062565
0.160600 0.061685
0.160800 0.060816
0.161000 0.059958
0.161200 0.059110
0.161400 0.058272
0.161600 0.057445
0.161800 0.056628
0.162000 0.055821
0.162200 0.055024
0.162400 0.054237
0.162600 0.053460
0.162800 0.052692
0.163000 0.051934
0.163200 0.051186
0.163400 0.050447
0.163600 0.049717
0.163800 0.048996
0.164000 0.048285
0.164200 0.047582
0.164400 0.046889
0.164600 0.046204
0.164800 0.045528
0.165000 0.044861
0.165200 0.044202
0.165400 0.043552
0.165600 0.042911
0.165800 0.042277
0.166000 0.041652
0.166200 0.041035
0.166400 0.040426
0.166600 0.039825
0.166800 0.039231
0.167000 0.038646
0.167200 0.038068
0.167400 0.037498
0.167600 0.036936
0.167800 0.036380
0.168000 0.035833
0.168200 0.035292
0.168400 0.034759
0.168600 0.034233
0.168800 0.033714
0.169000 0.033202
0.169200 0.032697
0.169400 0.032198
0.169600 0.031707
0.169800 0.031222
0.170000 0.030744
0.170200 0.030272
0.170400 0.029806
0.170600 0.029347
0.170800 0.028895
0.171000 0.028448
0.171200 0.028008
0.171400 0.027574
0.171600 0.027146
0.171800 0.026723
0.172000 0.026307
0.172200 0.025896
0.172400 0.025491
0.172600 0.025092
0.172800 0.024699
0.173000 0.024311
0.173200 0.023928
0.173400 0.023551
0.173600 0.023179
0.173800 0.022812
0.174000 0.022451
0.174200 0.022095
0.174400 0.021744
0.174600 0.021397
0.174800 0.021056
0.175000 0.020720
0.175200 0.020389
0.175400 0.020062
0.175600 0.019740
0.175800 0.019423
0.176000 0.019110
0.176200 0.018802
0.176400 0.018498
0.176600 0.018199
0.176800 0.017904
0.177000 0.017614
0.177200 0.017328
0.177400 0.017046
0.177600 0.016768
0.177800 0.016494
0.178000 0.016224
0.178200 0.015959
0.178400 0.015697
0.178600 0.015439
0.178800 0.015185
0.179000 0.014935
0.179200 0.014688
0.179400 0.014446
0.179600 0.014207
0.179800 0.013971
0.180000 0.013739
0.180200 0.013511
0.180400 0.013286
0.180600 0.013064
0.180800 0.012846
0.181000 0.012631
0.181200 0.012420
0.181400 0.012211
0.181600 0.012006
0.181800 0.011804
0.182000 0.011605
0.182200 0.011410
0.182400 0.011217
0.182600 0.011027
0.182800 0.010840
0.183000 0.010656
0.183200 0.010475
0.183400 0.010297
0.183600 0.010122
0.183800 0.009949
0.184000 0.009779
0.184200 0.009612
0.184400 0.009447
0.184600 0.009285
0.184800 0.009125
0.185000 0.008968
0.185200 0.008814
0.185400 0.008662
0.185600 0.008512
0.185800 0.008365
0.186000 0.008220
0.186200 0.008077
0.186400 0.007937
0.186600 0.007799
0.186800 0.007663
0.187000 0.007530
0.187200 0.007398
0.187400 0.007269
0.187600 0.007142
0.187800 0.007016
0.188000 0.006893
0.188200 0.006772
0.188400 0.006653
0.188600 0.006536
0.188800 0.006421
0.189000 0.006307
0.189200 0.006196
0.189400 0.006086
0.189600 0.005978
0.189800 0.005872
0.190000 0.005767
0.190200 0.005665
0.190400 0.005564
0.190600 0.005465
0.190800 0.005367
0.191000 0.005271
0.191200 0.005177
0.191400 0.005084
0.191600 0.004993
0.191800 0.004903
0.192000 0.004815
0.192200 0.004728
0.192400 0.004643
0.192600 0.004559
0.192800 0.004477
0.193000 0.004396
0.193200 0.004316
0.193400 0.004238
0.193600 0.004161
0.193800 0.004085
0.194000 0.004011
0.194200 0.003938
0.194400 0.003866
0.194600 0.003795
0.194800 0.003726
0.195000 0.003658
0.195200 0.003591
0.195400 0.003525
0.195600 0.003460
0.195800 0.003397
0.196000 0.003334
0.196200 0.003273
0.196400 0.003212
0.196600 0.003153
0.196800 0.003095
0.197000 0.003038
0.197200 0.002981
0.197400 0.002926
0.197600 0.002872
0.197800 0.002819
0.198000 0.002766
0.198200 0.002715
0.198400 0.002664
0.198600 0.002615
0.198800 0.002566
0.199000 0.002518
0.199200 0.002471
0.199400 0.002425
0.199600 0.002379
0.199800 0.002335
0.200000 0.002291
0.200200 0.002248
0.200400 0.002205
0.200600 0.002164
0.200800 0.002123
0.201000 0.002083
0.201200 0.002044
0.201400 0.002005
0.201600 0.001967
0.201800 0.001930
0.202000 0.001894
0.202200 0.001858
0.202400 0.001823
0.202600 0.001788
0.202800 0.001754
0.203000 0.001721
0.203200 0.001688
0.203400 0.001656
0.203600 0.001624
0.203800 0.001593
0.204000 0.001563
0.204200 0.001533
0.204400 0.001504
0.204600 0.001475
0.204800 0.001447
0.205000 0.001419
0.205200 0.001392
0.205400 0.001365
0.205600 0.001339
0.205800 0.001313
0.206000 0.001288
0.206200 0.001263
0.206400 0.001239
0.206600 0.001215
0.206800 0.001192
0.207000 0.001169
0.207200 0.001146
0.207400 0.001124
0.207600 0.001102
0.207800 0.001081
0.208000 0.001060
0.208200 0.001040
0.208400 0.001020
0.208600 0.001000
0.208800 0.000981
0.209000 0.000962
0.209200 0.000943
0.209400 0.000925
0.209600 0.000907
0.209800 0.000889
0.210000 0.000872
0.210200 0.000855
0.210400 0.000838
0.210600 0.000822
0.210800 0.000806
0.211000 0.000790
0.211200 0.000775
0.211400 0.000760
0.211600 0.000745
0.211800 0.000730
0.212000 0.000716
0.212200 0.000702
0.212400 0.000688
0.212600 0.000675
0.212800 0.000662
0.213000 0.000649
0.213200 0.000636
0.213400 0.000624
0.213600 0.000611
0.213800 0.000600
0.214000 0.000588
0.214200 0.000576
0.214400 0.000565
0.214600 0.000554
0.214800 0.000543
0.215000 0.000532
0.215200 0.000522
0.215400 0.000512
0.215600 0.000502
0.215800 0.000492
0.216000 0.000482
0.216200 0.000473
0.216400 0.000464
0.216600 0.000454
0.216800 0.000446
0.217000 0.000437
0.217200 0.000428
0.217400 0.000420
0.217600 0.000412
0.217800 0.000404
0.218000 0.000396
0.218200 0.000388
0.218400 0.000380
0.218600 0.000373
0.218800 0.000365
0.219000 0.000358
0.219200 0.000351
0.219400 0.000344
0.219600 0.000338
0.219800 0.000331
0.220000 0.000324
0.220200 0.000318
0.220400 0.000312
0.220600 0.000306
0.220800 0.000300
0.221000 0.000294
0.221200 0.000288
0.221400 0.000283
0.221600 0.000277
0.221800 0.000272
0.222000 0.000266
0.222200 0.000261
0.222400 0.000256
0.222600 0.000251
0.222800 0.000246
0.223000 0.000241
0.223200 0.000237
0.223400 0.000232
0.223600 0.000227
0.223800 0.000223
0.224000 0.000219
0.224200 0.000214
0.224400 0.000210
0.224600 0.000206
0.224800 0.000202
0.225000 0.000198
0.225200 0.000194
0.225400 0.000191
0.225600 0.000187
0.225800 0.000183
0.226000 0.000180
0.226200 0.000176
0.226400 0.000173
0.226600 0.000169
0.226800 0.000166
0.227000 0.000163
0.227200 0.000160
0.227400 0.000157
0.227600 0.000154
0.227800 0.000151
0.228000 0.000148
0.228200 0.000145
0.228400 0.000142
0.228600 0.000139
0.228800 0.000137
0.229000 0.000134
0.229200 0.000132
0.229400 0.000129
0.229600 0.000127
0.229800 0.000124
0.230000 0.000122
0.230200 0.000119
0.230400 0.000117
0.230600 0.000115
0.230800 0.000113
0.231000 0.000111
0.231200 0.000109
0.231400 0.000106
0.231600 0.000104
0.231800 0.000102
0.232000 0.000101
0.232200 0.000099
0.232400 0.000097
0.232600 0.000095
0.232800 0.000093
0.233000 0.000091
0.233200 0.000090
0.233400 0.000088
0.233600 0.000086
0.233800 0.000085
0.234000 0.000083
0.234200 0.000082
0.234400 0.000080
0.234600 0.000079
0.234800 0.000077
0.235000 0.000076
0.235200 0.000074
0.235400 0.000073
0.235600 0.000072
0.235800 0.000070
0.236000 0.000069
0.236200 0.000068
0.236400 0.000066
0.236600 0.000065
0.236800 0.000064
0.237000 0.000063
0.237200 0.000062
0.237400 0.000061
0.237600 0.000059
0.237800 0.000058
0.238000 0.000057
0.238200 0.000056
0.238400 0.000055
0.238600 0.000054
0.238800 0.000053
0.239000 0.000052
0.239200 0.000051
0.239400 0.000050
0.239600 0.000050
0.239800 0.000049
0.240000 0.000048
0.240200 0.000047
0.240400 0.000046
0.240600 0.000045
0.240800 0.000044
0.241000 0.000044
0.241200 0.000043
0.241400 0.000042
0.241600 0.000041
0.241800 0.000041
0.242000 0.000040
0.242200 0.000039
0.242400 0.000039
0.242600 0.000038
0.242800 0.000037
0.243000 0.000037
0.243200 0.000036
0.243400 0.000035
0.243600 0.000035
0.243800 0.000034
0.244000 0.000033
0.244200 0.000033
0.244400 0.000032
0.244600 0.000032
0.244800 0.000031
0.245000 0.000031
0.245200 0.000030
0.245400 0.000030
0.245600 0.000029
0.245800 0.000029
0.246000 0.000028
0.246200 0.000028
0.246400 0.000027
0.246600 0.000027
0.246800 0.000026
0.247000 0.000026
0.247200 0.000025
0.247400 0.000025
0.247600 0.000025
0.247800 0.000024
0.248000 0.000024
0.248200 0.000023
0.248400 0.000023
0.248600 0.000023
0.248800 0.000022
0.249000 0.000022
0.249200 0.000021
0.249400 0.000021
0.249600 0.000021
0.249800 0.000020
0.250000 0.000020
0.250200 0.000020
0.250400 0.000019
0.250600 0.000019
0.250800 0.000019
0.251000 0.000018
0.251200 0.000018
0.251400 0.000018
0.251600 0.000018
0.251800 0.000017
0.252000 0.000017
0.252200 0.000017
0.252400 0.000016
0.252600 0.000016
0.252800 0.000016
0.253000 0.000016
0.253200 0.000015
0.253400 0.000015
0.253600 0.000015
0.253800 0.000015
0.254000 0.000014
0.254200 0.000014
0.254400 0.000014
0.254600 0.000014
0.254800 0.000014
0.255000 0.000013
0.255200 0.000013
0.255400 0.000013
0.255600 0.000013
0.255800 0.000013
0.256000 0.000012
0.256200 0.000012
0.256400 0.000012
0.256600 0.000012
0.256800 0.000012
0.257000 0.000011
0.257200 0.000011
0.257400 0.000011
0.257600 0.000011
0.257800 0.000011
0.258000 0.000011
0.258200 0.000010
0.258400 0.000010
0.258600 0.000010
0.258800 0.000010
0.259000 0.000010
0.259200 0.000010
0.259400 0.000009
0.259600 0.000009
0.259800 0.000009
0.260000 0.000009
0.260200 0.000009
0.260400 0.000009
0.260600 0.000009
0.260800 0.000009
0.261000 0.000008
0.261200 0.000008
0.261400 0.000008
0.261600 0.000008
0.261800 0.000008
0.262000 0.000008
0.262200 0.000008
0.262400 0.000008
0.262600 0.000007
0.262800 0.000007
0.263000 0.000007
0.263200 0.000007
0.263400 0.000007
0.263600 0.000007
0.263800 0.000007
0.264000 0.000007
0.264200 0.000007
0.264400 0.000006
0.264600 0.000006
0.264800 0.000006
0.265000 0.000006
0.265200 0.000006
0.265400 0.000006
0.265600 0.000006
0.265800 0.000006
0.266000 0.000006
0.266200 0.000006
0.266400 0.000006
0.266600 0.000006
0.266800 0.000005
0.267000 0.000005
0.267200 0.000005
0.267400 0.000005
0.267600 0.000005
0.267800 0.000005
0.268000 0.000005
0.268200 0.000005
0.268400 0.000005
0.268600 0.000005
0.268800 0.000005
0.269000 0.000005
0.269200 0.000005
0.269400 0.000004
0.269600 0.000004
0.269800 0.000004
0.270000 0.000004
0.270200 0.000004
0.270400 0.000004
0.270600 0.000004
0.270800 0.000004
0.271000 0.000004
0.271200 0.000004
0.271400 0.000004
0.271600 0.000004
0.271800 0.000004
0.272000 0.000004
0.272200 0.000004
0.272400 0.000004
0.272600 0.000004
0.272800 0.000004
0.273000 0.000003
0.273200 0.000003
0.273400 0.000003
0.273600 0.000003
0.273800 0.000003
0.274000 0.000003
0.274200 0.000003
0.274400 0.000003
0.274600 0.000003
0.274800 0.000003
0.275000 0.000003
0.275200 0.000003
0.275400 0.000003
0.275600 0.000003
0.275800 0.000003
0.276000 0.000003
0.276200 0.000003
0.276400 0.000003
0.276600 0.000003
0.276800 0.000003
0.277000 0.000003
0.277200 0.000003
0.277400 0.000003
0.277600 0.000002
0.277800 0.000002
0.278000 0.000002
0.278200 0.000002
0.278400 0.000002
0.278600 0.000002
0.278800 0.000002
0.279000 0.000002
0.279200 0.000002
0.279400 0.000002
0.279600 0.000002
0.279800 0.000002
0.280000 0.000002
0.280200 0.000002
0.280400 0.000002
0.280600 0.000002
0.280800 0.000002
0.281000 0.000002
0.281200 0.000002
0.281400 0.000002
0.281600 0.000002
0.281800 0.000002
0.282000 0.000002
0.282200 0.000002
0.282400 0.000002
0.282600 0.000002
0.282800 0.000002
0.283000 0.000002
0.283200 0.000002
0.283400 0.000002
0.283600 0.000002
0.283800 0.000002
0.284000 0.000002
0.284200 0.000002
0.284400 0.000002
0.284600 0.000002
0.284800 0.000001
0.285000 0.000001
0.285200 0.000001
0.285400 0.000001
0.285600 0.000001
0.285800 0.000001
0.286000 0.000001
0.286200 0.000001
0.286400 0.000001
0.286600 0.000001
0.286800 0.000001
0.287000 0.000001
0.287200 0.000001
0.287400 0.000001
0.287600 0.000001
0.287800 0.000001
0.288000 0.000001
0.288200 0.000001
0.288400 0.000001
0.288600 0.000001
0.288800 0.000001
0.289000 0.000001
0.289200 0.000001
0.289400 0.000001
0.289600 0.000001
0.289800 0.000001
0.290000 0.000001
0.290200 0.000001
0.290400 0.000001
0.290600 0.000001
0.290800 0.000001
0.291000 0.000001
0.291200 0.000001
0.291400 0.000001
0.291600 0.000001
0.291800 0.000001
0.292000 0.000001
0.292200 0.000001
0.292400 0.000001
0.292600 0.000001
0.292800 0.000001
0.293000 0.000001
0.293200 0.000001
0.293400 0.000001
0.293600 0.000001
0.293800 0.000001
0.294000 0.000001
0.294200 0.000001
0.294400 0.000001
0.294600 0.000001
0.294800 0.000001
0.295000 0.000001
0.295200 0.000001
0.295400 0.000001
0.295600 0.000001
0.295800 0.000001
0.296000 0.000001
0.296200 0.000001
0.296400 0.000001
0.296600 0.000001
0.296800 0.000001
0.297000 0.000001
0.297200 0.000001
0.297400 0.000001
0.297600 0.000001
0.297800 0.000001
0.298000 0.000001
0.298200 0.000001
0.298400 0.000001
0.298600 0.000001
0.298800 0.000001
0.299000 0.000001
0.299200 0.000001
0.299400 0.000001
0.299600 0.000001
0.299800 0.000001
0.300000 0.000001
0.300200 0.000000
0.300400 0.000000
0.300600 0.000000
0.300800 0.000000
0.301000 0.000000
0.301200 0.000000
0.301400 0.000000
0.301600 0.000000
0.301800 0.000000
0.302000 0.000000
0.302200 0.000000
0.302400 0.000000
0.302600 0.000000
0.302800 0.000000
0.303000 0.000000
0.303200 0.000000
0.303400 0.000000
0.303600 0.000000
0.303800 0.000000
0.304000 0.000000
0.304200 0.000000
0.304400 0.000000
0.304600 0.000000
0.304800 0.000000
0.305000 0.000000
0.305200 0.000000
0.305400 0.000000
0.305600 0.000000
0.305800 0.000000
0.306000 0.000000
0.306200 0.000000
0.306400 0.000000
0.306600 0.000000
0.306800 0.000000
0.307000 0.000000
0.307200 0.000000
0.307400 0.000000
0.307600 0.000000
0.307800 0.000000
0.308000 0.000000
0.308200 0.000000
0.308400 0.000000
0.308600 0.000000
0.308800 0.000000
0.309000 0.000000
0.309200 0.000000
0.309400 0.000000
0.309600 0.000000
0.309800 0.000000
0.310000 0.000000
0.310200 0.000000
0.310400 0.000000
0.310600 0.000000
0.310800 0.000000
0.311000 0.000000
0.311200 0.000000
0.311400 0.000000
0.311600 0.000000
0.311800 0.000000
0.312000 0.000000
0.312200 0.000000
0.312400 0.000000
0.312600 0.000000
0.312800 0.000000
0.313000 0.000000
0.313200 0.000000
0.313400 0.000000
0.313600 0.000000
0.313800 0.000000
0.314000 0.000000
0.314200 0.000000
0.314400 0.000000
0.314600 0.000000
0.314800 0.000000
0.315000 0.000000
0.315200 0.000000
0.315400 0.000000
0.315600 0.000000
0.315800 0.000000
0.316000 0.000000
0.316200 0.000000
0.316400 0.000000
0.316600 0.000000
0.316800 0.000000
0.317000 0.000000
0.317200 0.000000
0.317400 0.000000
0.317600 0.000000
0.317800 0.000000
0.318000 0.000000
0.318200 0.000000
0.318400 0.000000
0.318600 0.000000
0.318800 0.000000
0.319000 0.000000
0.319200 0.000000
0.319400 0.000000
0.319600 0.000000
0.319800 0.000000
0.320000 0.000000
0.320200 0.000000
0.320400 0.000000
0.320600 0.000000
0.320800 0.000000
0.321000 0.000000
0.321200 0.000000
0.321400 0.000000
0.321600 0.000000
0.321800 0.000000
0.322000 0.000000
0.322200 0.000000
0.322400 0.000000
0.322600 0.000000
0.322800 0.000000
0.323000 0.000000
0.323200 0.000000
0.323400 0.000000
0.323600 0.000000
0.323800 0.000000
0.324000 0.000000
0.324200 0.000000
0.324400 0.000000
0.324600 0.000000
0.324800 0.000000
0.325000 0.000000
0.325200 0.000000
0.325400 0.000000
0.325600 0.000000
0.325800 0.000000
0.326000 0.000000
0.326200 0.000000
0.326400 0.000000
0.326600 0.000000
0.326800 0.000000
0.327000 0.000000
0.327200 0.000000
0.327400 0.000000
0.327600 0.000000
0.327800 0.000000
0.328000 0.000000
0.328200 0.000000
0.328400 0.000000
0.328600 0.000000
0.328800 0.000000
0.329000 0.000000
0.329200 0.000000
0.329400 0.000000
0.329600 0.000000
0.329800 0.000000
0.330000 0.000000
0.330200 0.000000
0.330400 0.000000
0.330600 0.000000
0.330800 0.000000
0.331000 0.000000
0.331200 0.000000
0.331400 0.000000
0.331600 0.000000
0.331800 0.000000
0.332000 0.000000
0.332200 0.000000
0.332400 0.000000
0.332600 0.000000
0.332800 0.000000
0.333000 0.000000
0.333200 0.000000
0.333400 0.000000
0.333600 0.000000
0.333800 0.000000
0.334000 0.000000
0.334200 0.000000
0.334400 0.000000
0.334600 0.000000
0.334800 0.000000
0.335000 0.000000
0.335200 0.000000
0.335400 0.000000
0.335600 0.000000
0.335800 0.000000
0.336000 0.000000
0.336200 0.000000
0.336400 0.000000
0.336600 0.000000
0.336800 0.000000
0.337000 0.000000
0.337200 0.000000
0.337400 0.000000
0.337600 0.000000
0.337800 0.000000
0.338000 0.000000
0.338200 0.000000
0.338400 0.000000
0.338600 0.000000
0.338800 0.000000
0.339000 0.000000
0.339200 0.000000
0.339400 0.000000
0.339600 0.000000
0.339800 0.000000
0.340000 0.000000
0.340200 0.000000
0.340400 0.000000
0.340600 0.000000
0.340800 0.000000
0.341000 0.000000
0.341200 0.000000
0.341400 0.000000
0.341600 0.000000
0.341800 0.000000
0.342000 0.000000
0.342200 0.000000
0.342400 0.000000
0.342600 0.000000
0.342800 0.000000
0.343000 0.000000
0.343200 0.000000
0.343400 0.000000
0.343600 0.000000
0.343800 0.000000
0.344000 0.000000
0.344200 0.000000
0.344400 0.000000
0.344600 0.000000
0.344800 0.000000
0.345000 0.000000
0.345200 0.000000
0.345400 0.000000
0.345600 0.000000
0.345800 0.000000
0.346000 0.000000
0.346200 0.000000
0.346400 0.000000
0.346600 0.000000
0.346800 0.000000
0.347000 0.000000
0.347200 0.000000
0.347400 0.000000
0.347600 0.000000
0.347800 0.000000
0.348000 0.000000
0.348200 0.000000
0.348400 0.000000
0.348600 0.000000
0.348800 0.000000
0.349000 0.000000
0.349200 0.000000
0.349400 0.000000
0.349600 0.000000
0.349800 0.000000
0.350000 0.000000
0.350200 0.000000
0.350400 0.000000
0.350600 0.000000
0.350800 0.000000
0.351000 0.000000
0.351200 0.000000
0.351400 0.000000
0.351600 0.000000
0.351800 0.000000
0.352000 0.000000
0.352200 0.000000
0.352400 0.000000
0.352600 0.000000
0.352800 0.000000
0.353000 0.000000
0.353200 0.000000
0.353400 0.000000
0.353600 0.000000
0.353800 0.000000
0.354000 0.000000
0.354200 0.000000
0.354400 0.000000
0.354600 0.000000
0.354800 0.000000
0.355000 0.000000
0.355200 0.000000
0.355400 0.000000
0.355600 0.000000
0.355800 0.000000
0.356000 0.000000
0.356200 0.000000
0.356400 0.000000
0.356600 0.000000
0.356800 0.000000
0.357000 0.000000
0.357200 0.000000
0.357400 0.000000
0.357600 0.000000
0.357800 0.000000
0.358000 0.000000
0.358200 0.000000
0.358400 0.000000
0.358600 0.000000
0.358800 0.000000
0.359000 0.000000
0.359200 0.000000
0.359400 0.000000
0.359600 0.000000
0.359800 0.000000
0.360000 0.000000
0.360200 0.000000
0.360400 0.000000
0.360600 0.000000
0.360800 0.000000
0.361000 0.000000
0.361200 0.000000
0.361400 0.000000
0.361600 0.000000
0.361800 0.000000
0.362000 0.000000
0.362200 0.000000
0.362400 0.000000
0.362600 0.000000
0.362800 0.000000
0.363000 0.000000
0.363200 0.000000
0.363400 0.000000
0.363600 0.000000
0.363800 0.000000
0.364000 0.000000
0.364200 0.000000
0.364400 0.000000
0.364600 0.000000
0.364800 0.000000
0.365000 0.000000
0.365200 0.000000
0.365400 0.000000
0.365600 0.000000
0.365800 0.000000
0.366000 0.000000
0.366200 0.000000
0.366400 0.000000
0.366600 0.000000
0.366800 0.000000
0.367000 0.000000
0.367200 0.000000
0.367400 0.000000
0.367600 0.000000
0.367800 0.000000
0.368000 0.000000
0.368200 0.000000
0.368400 0.000000
0.368600 0.000000
0.368800 0.000000
0.369000 0.000000
0.369200 0.000000
0.369400 0.000000
0.369600 0.000000
0.369800 0.000000
0.370000 0.000000
0.370200 0.000000
0.370400 0.000000
0.370600 0.000000
0.370800 0.000000
0.371000 0.000000
0.371200 0.000000
0.371400 0.000000
0.371600 0.000000
0.371800 0.000000
0.372000 0.000000
0.372200 0.000000
0.372400 0.000000
0.372600 0.000000
0.372800 0.000000
0.373000 0.000000
0.373200 0.000000
0.373400 0.000000
0.373600 0.000000
0.373800 0.000000
0.374000 0.000000
0.374200 0.000000
0.374400 0.000000
0.374600 0.000000
0.374800 0.000000
0.375000 0.000000
0.375200 0.000000
0.375400 0.000000
0.375600 0.000000
0.375800 0.000000
0.376000 0.000000
0.376200 0.000000
0.376400 0.000000
0.376600 0.000000
0.376800 0.000000
0.377000 0.000000
0.377200 0.000000
0.377400 0.000000
0.377600 0.000000
0.377800 0.000000
0.378000 0.000000
0.378200 0.000000
0.378400 0.000000
0.378600 0.000000
0.378800 0.000000
0.379000 0.000000
0.379200 0.000000
0.379400 0.000000
0.379600 0.000000
0.379800 0.000000
0.380000 0.000000
0.380200 0.000000
0.380400 0.000000
0.380600 0.000000
0.380800 0.000000
0.381000 0.000000
0.381200 0.000000
0.381400 0.000000
0.381600 0.000000
0.381800 0.000000
0.382000 0.000000
0.382200 0.000000
0.382400 0.000000
0.382600 0.000000
0.382800 0.000000
0.383000 0.000000
0.383200 0.000000
0.383400 0.000000
0.383600 0.000000
0.383800 0.000000
0.384000 0.000000
0.384200 0.000000
0.384400 0.000000
0.384600 0.000000
0.384800 0.000000
0.385000 0.000000
0.385200 0.000000
0.385400 0.000000
0.385600 0.000000
0.385800 0.000000
0.386000 0.000000
0.386200 0.000000
0.386400 0.000000
0.386600 0.000000
0.386800 0.000000
0.387000 0.000000
0.387200 0.000000
0.387400 0.000000
0.387600 0.000000
0.387800 0.000000
0.388000 0.000000
0.388200 0.000000
0.388400 0.000000
0.388600 0.000000
0.388800 0.000000
0.389000 0.000000
0.389200 0.000000
0.389400 0.000000
0.389600 0.000000
0.389800 0.000000
0.390000 0.000000
0.390200 0.000000
0.390400 0.000000
0.390600 0.000000
0.390800 0.000000
0.391000 0.000000
0.391200 0.000000
0.391400 0.000000
0.391600 0.000000
0.391800 0.000000
0.392000 0.000000
0.392200 0.000000
0.392400 0.000000
0.392600 0.000000
0.392800 0.000000
0.393000 0.000000
0.393200 0.000000
0.393400 0.000000
0.393600 0.000000
0.393800 0.000000
0.394000 0.000000
0.394200 0.000000
0.394400 0.000000
0.394600 0.000000
0.394800 0.000000
0.395000 0.000000
0.395200 0.000000
0.395400 0.000000
0.395600 0.000000
0.395800 0.000000
0.396000 0.000000
0.396200 0.000000
0.396400 0.000000
0.396600 0.000000
0.396800 0.000000
0.397000 0.000000
0.397200 0.000000
0.397400 0.000000
0.397600 0.000000
0.397800 0.000000
0.398000 0.000000
0.398200 0.000000
0.398400 0.000000
0.398600 0.000000
0.398800 0.000000
0.399000 0.000000
0.399200 0.000000
0.399400 0.000000
0.399600 0.000000
0.399800 0.000000
0.400000 0.000000
0.400200 0.000000
0.400400 0.000000
0.400600 0.000000
0.400800 0.000000
0.401000 0.000000
0.401200 0.000000
0.401400 0.000000
0.401600 0.000000
0.401800 0.000000
0.402000 0.000000
0.402200 0.000000
0.402400 0.000000
0.402600 0.000000
0.402800 0.000000
0.403000 0.000000
0.403200 0.000000
0.403400 0.000000
0.403600 0.000000
0.403800 0.000000
0.404000 0.000000
0.404200 0.000000
0.404400 0.000000
0.404600 0.000000
0.404800 0.000000
0.405000 0.000000
0.405200 0.000000
0.405400 0.000000
0.405600 0.000000
0.405800 0.000000
0.406000 0.000000
0.406200 0.000000
0.406400 0.000000
0.406600 0.000000
0.406800 0.000000
0.407000 0.000000
0.407200 0.000000
0.407400 0.000000
0.407600 0.000000
0.407800 0.000000
0.408000 0.000000
0.408200 0.000000
0.408400 0.000000
0.408600 0.000000
0.408800 0.000000
0.409000 0.000000
0.409200 0.000000
0.409400 0.000000
0.409600 0.000000
0.409800 0.000000
0.410000 0.000000
0.410200 0.000000
0.410400 0.000000
0.410600 0.000000
0.410800 0.000000
0.411000 0.000000
0.411200 0.000000
0.411400 0.000000
0.411600 0.000000
0.411800 0.000000
0.412000 0.000000
0.412200 0.000000
0.412400 0.000000
0.412600 0.000000
0.412800 0.000000
0.413000 0.000000
0.413200 0.000000
0.413400 0.000000
0.413600 0.000000
0.413800 0.000000
0.414000 0.000000
0.414200 0.000000
0.414400 0.000000
0.414600 0.000000
0.414800 0.000000
0.415000 0.000000
0.415200 0.000000
0.415400 0.000000
0.415600 0.000000
0.415800 0.000000
0.416000 0.000000
0.416200 0.000000
0.416400 0.000000
0.416600 0.000000
0.416800 0.000000
0.417000 0.000000
0.417200 0.000000
0.417400 0.000000
0.417600 0.000000
0.417800 0.000000
0.418000 0.000000
0.418200 0.000000
0.418400 0.000000
0.418600 0.000000
0.418800 0.000000
0.419000 0.000000
0.419200 0.000000
0.419400 0.000000
0.419600 0.000000
0.419800 0.000000
0.420000 0.000000
0.420200 0.000000
0.420400 0.000000
0.420600 0.000000
0.420800 0.000000
0.421000 0.000000
0.421200 0.000000
0.421400 0.000001
0.421600 0.000001
0.421800 0.000001
0.422000 0.000001
0.422200 0.000001
0.422400 0.000001
0.422600 0.000001
0.422800 0.000001
0.423000 0.000001
0.423200 0.000001
0.423400 0.000001
0.423600 0.000001
0.423800 0.000001
0.424000 0.000001
0.424200 0.000001
0.424400 0.000001
0.424600 0.000001
0.424800 0.000001
0.425000 0.000001
0.425200 0.000001
0.425400 0.000001
0.425600 0.000001
0.425800 0.000001
0.426000 0.000001
0.426200 0.000001
0.426400 0.000001
0.426600 0.000001
0.426800 0.000001
0.427000 0.000001
0.427200 0.000001
0.427400 0.000001
0.427600 0.000001
0.427800 0.000001
0.428000 0.000001
0.428200 0.000001
0.428400 0.000001
0.428600 0.000001
0.428800 0.000001
0.429000 0.000001
0.429200 0.000001
0.429400 0.000001
0.429600 0.000001
0.429800 0.000001
0.430000 0.000001
0.430200 0.000001
0.430400 0.000001
0.430600 0.000001
0.430800 0.000001
0.431000 0.000001
0.431200 0.000001
0.431400 0.000001
0.431600 0.000001
0.431800 0.000001
0.432000 0.000001
0.432200 0.000001
0.432400 0.000001
0.432600 0.000001
0.432800 0.000001
0.433000 0.000001
0.433200 0.000001
0.433400 0.000001
0.433600 0.000001
0.433800 0.000001
0.434000 0.000001
0.434200 0.000001
0.434400 0.000001
0.434600 0.000001
0.434800 0.000001
0.435000 0.000001
0.435200 0.000001
0.435400 0.000001
0.435600 0.000001
0.435800 0.000001
0.436000 0.000001
0.436200 0.000001
0.436400 0.000001
0.436600 0.000001
0.436800 0.000001
0.437000 0.000002
0.437200 0.000002
0.437400 0.000002
0.437600 0.000002
0.437800 0.000002
0.438000 0.000002
0.438200 0.000002
0.438400 0.000002
0.438600 0.000002
0.438800 0.000002
0.439000 0.000002
0.439200 0.000002
0.439400 0.000002
0.439600 0.000002
0.439800 0.000002
0.440000 0.000002
0.440200 0.000002
0.440400 0.000002
0.440600 0.000002
0.440800 0.000002
0.441000 0.000002
0.441200 0.000002
0.441400 0.000002
0.441600 0.000002
0.441800 0.000002
0.442000 0.000002
0.442200 0.000002
0.442400 0.000002
0.442600 0.000002
0.442800 0.000002
0.443000 0.000002
0.443200 0.000002
0.443400 0.000002
0.443600 0.000002
0.443800 0.000002
0.444000 0.000002
0.444200 0.000002
0.444400 0.000002
0.444600 0.000003
0.444800 0.000003
0.445000 0.000003
0.445200 0.000003
0.445400 0.000003
0.445600 0.000003
0.445800 0.000003
0.446000 0.000003
0.446200 0.000003
0.446400 0.000003
0.446600 0.000003
0.446800 0.000003
0.447000 0.000003
0.447200 0.000003
0.447400 0.000003
0.447600 0.000003
0.447800 0.000003
0.448000 0.000003
0.448200 0.000003
0.448400 0.000003
0.448600 0.000003
0.448800 0.000003
0.449000 0.000003
0.449200 0.000003
0.449400 0.000004
0.449600 0.000004
0.449800 0.000004
0.450000 0.000004
0.450200 0.000004
0.450400 0.000004
0.450600 0.000004
0.450800 0.000004
0.451000 0.000004
0.451200 0.000004
0.451400 0.000004
0.451600 0.000004
0.451800 0.000004
0.452000 0.000004
0.452200 0.000004
0.452400 0.000004
0.452600 0.000004
0.452800 0.000004
0.453000 0.000004
0.453200 0.000005
0.453400 0.000005
0.453600 0.000005
0.453800 0.000005
0.454000 0.000005
0.454200 0.000005
0.454400 0.000005
0.454600 0.000005
0.454800 0.000005
0.455000 0.000005
0.455200 0.000005
0.455400 0.000005
0.455600 0.000005
0.455800 0.000005
0.456000 0.000005
0.456200 0.000006
0.456400 0.000006
0.456600 0.000006
0.456800 0.000006
0.457000 0.000006
0.457200 0.000006
0.457400 0.000006
0.457600 0.000006
0.457800 0.000006
0.458000 0.000006
0.458200 0.000006
0.458400 0.000006
0.458600 0.000006
0.458800 0.000007
0.459000 0.000007
0.459200 0.000007
0.459400 0.000007
0.459600 0.000007
0.459800 0.000007
0.460000 0.000007
0.460200 0.000007
0.460400 0.000007
0.460600 0.000007
0.460800 0.000007
0.461000 0.000008
0.461200 0.000008
0.461400 0.000008
0.461600 0.000008
0.461800 0.000008
0.462000 0.000008
0.462200 0.000008
0.462400 0.000008
0.462600 0.000008
0.462800 0.000008
0.463000 0.000009
0.463200 0.000009
0.463400 0.000009
0.463600 0.000009
0.463800 0.000009
0.464000 0.000009
0.464200 0.000009
0.464400 0.000009
0.464600 0.000010
0.464800 0.000010
0.465000 0.000010
0.465200 0.000010
0.465400 0.000010
0.465600 0.000010
0.465800 0.000010
0.466000 0.000010
0.466200 0.000011
0.466400 0.000011
0.466600 0.000011
0.466800 0.000011
0.467000 0.000011
0.467200 0.000011
0.467400 0.000011
0.467600 0.000012
0.467800 0.000012
0.468000 0.000012
0.468200 0.000012
0.468400 0.000012
0.468600 0.000012
0.468800 0.000012
0.469000 0.000013
0.469200 0.000013
0.469400 0.000013
0.469600 0.000013
0.469800 0.000013
0.470000 0.000013
0.470200 0.000014
0.470400 0.000014
0.470600 0.000014
0.470800 0.000014
0.471000 0.000014
0.471200 0.000015
0.471400 0.000015
0.471600 0.000015
0.471800 0.000015
0.472000 0.000015
0.472200 0.000016
0.472400 0.000016
0.472600 0.000016
0.472800 0.000016
0.473000 0.000016
0.473200 0.000017
0.473400 0.000017
0.473600 0.000017
0.473800 0.000017
0.474000 0.000017
0.474200 0.000018
0.474400 0.000018
0.474600 0.000018
0.474800 0.000018
0.475000 0.000019
0.475200 0.000019
0.475400 0.000019
0.475600 0.000019
0.475800 0.000019
0.476000 0.000020
0.476200 0.000020
0.476400 0.000020
0.476600 0.000020
0.476800 0.000021
0.477000 0.000021
0.477200 0.000021
0.477400 0.000022
0.477600 0.000022
0.477800 0.000022
0.478000 0.000022
0.478200 0.000023
0.478400 0.000023
0.478600 0.000023
0.478800 0.000023
0.479000 0.000024
0.479200 0.000024
0.479400 0.000024
0.479600 0.000025
0.479800 0.000025
0.480000 0.000025
0.480200 0.000026
0.480400 0.000026
0.480600 0.000026
0.480800 0.000027
0.481000 0.000027
0.481200 0.000027
0.481400 0.000028
0.481600 0.000028
0.481800 0.000028
0.482000 0.000029
0.482200 0.000029
0.482400 0.000029
0.482600 0.000030
0.482800 0.000030
0.483000 0.000030
0.483200 0.000031
0.483400 0.000031
0.483600 0.000032
0.483800 0.000032
0.484000 0.000032
0.484200 0.000033
0.484400 0.000033
0.484600 0.000034
0.484800 0.000034
0.485000 0.000034
0.485200 0.000035
0.485400 0.000035
0.485600 0.000036
0.485800 0.000036
0.486000 0.000037
0.486200 0.000037
0.486400 0.000038
0.486600 0.000038
0.486800 0.000038
0.487000 0.000039
0.487200 0.000039
0.487400 0.000040
0.487600 0.000040
0.487800 0.000041
0.488000 0.000041
0.488200 0.000042
0.488400 0.000042
0.488600 0.000043
0.488800 0.000043
0.489000 0.000044
0.489200 0.000044
0.489400 0.000045
0.489600 0.000046
0.489800 0.000046
0.490000 0.000047
0.490200 0.000047
0.490400 0.000048
0.490600 0.000048
0.490800 0.000049
0.491000 0.000050
0.491200 0.000050
0.491400 0.000051
0.491600 0.000051
0.491800 0.000052
0.492000 0.000053
0.492200 0.000053
0.492400 0.000054
0.492600 0.000055
0.492800 0.000055
0.493000 0.000056
0.493200 0.000057
0.493400 0.000057
0.493600 0.000058
0.493800 0.000059
0.494000 0.000059
0.494200 0.000060
0.494400 0.000061
0.494600 0.000062
0.494800 0.000062
0.495000 0.000063
0.495200 0.000064
0.495400 0.000065
0.495600 0.000065
0.495800 0.000066
0.496000 0.000067
0.496200 0.000068
0.496400 0.000069
0.496600 0.000069
0.496800 0.000070
0.497000 0.000071
0.497200 0.000072
0.497400 0.000073
0.497600 0.000074
0.497800 0.000074
0.498000 0.000075
0.498200 0.000076
0.498400 0.000077
0.498600 0.000078
0.498800 0.000079
0.499000 0.000080
0.499200 0.000081
0.499400 0.000082
0.499600 0.000083
0.499800 0.000084
0.500000 0.000085
0.500200 0.000086
0.500400 0.000087
0.500600 0.000088
0.500800 0.000089
0.501000 0.000090
0.501200 0.000091
0.501400 0.000092
0.501600 0.000093
0.501800 0.000094
0.502000 0.000095
0.502200 0.000096
0.502400 0.000098
0.502600 0.000099
0.502800 0.000100
0.503000 0.000101
0.503200 0.000102
0.503400 0.000103
0.503600 0.000105
0.503800 0.000106
0.504000 0.000107
0.504200 0.000108
0.504400 0.000110
0.504600 0.000111
0.504800 0.000112
0.505000 0.000114
0.505200 0.000115
0.505400 0.000116
0.505600 0.000118
0.505800 0.000119
0.506000 0.000120
0.506200 0.000122
0.506400 0.000123
0.506600 0.000125
0.506800 0.000126
0.507000 0.000128
0.507200 0.000129
0.507400 0.000130
0.507600 0.000132
0.507800 0.000134
0.508000 0.000135
0.508200 0.000137
0.508400 0.000138
0.508600 0.000140
0.508800 0.000141
0.509000 0.000143
0.509200 0.000145
0.509400 0.000146
0.509600 0.000148
0.509800 0.000150
0.510000 0.000152
0.510200 0.000153
0.510400 0.000155
0.510600 0.000157
0.510800 0.000159
0.511000 0.000160
0.511200 0.000162
0.511400 0.000164
0.511600 0.000166
0.511800 0.000168
0.512000 0.000170
0.512200 0.000172
0.512400 0.000174
0.512600 0.000176
0.512800 0.000178
0.513000 0.000180
0.513200 0.000182
0.513400 0.000184
0.513600 0.000186
0.513800 0.000188
0.514000 0.000190
0.514200 0.000192
0.514400 0.000195
0.514600 0.000197
0.514800 0.000199
0.515000 0.000201
0.515200 0.000204
0.515400 0.000206
0.515600 0.000208
0.515800 0.000211
0.516000 0.000213
0.516200 0.000215
0.516400 0.000218
0.516600 0.000220
0.516800 0.000223
0.517000 0.000225
0.517200 0.000228
0.517400 0.000230
0.517600 0.000233
0.517800 0.000236
0.518000 0.000238
0.518200 0.000241
0.518400 0.000244
0.518600 0.000246
0.518800 0.000249
0.519000 0.000252
0.519200 0.000255
0.519400 0.000258
0.519600 0.000260
0.519800 0.000263
0.520000 0.000266
0.520200 0.000269
0.520400 0.000272
0.520600 0.000275
0.520800 0.000278
0.521000 0.000281
0.521200 0.000285
0.521400 0.000288
0.521600 0.000291
0.521800 0.000294
0.522000 0.000298
0.522200 0.000301
0.522400 0.000304
0.522600 0.000308
0.522800 0.000311
0.523000 0.000314
0.523200 0.000318
0.523400 0.000321
0.523600 0.000325
0.523800 0.000329
0.524000 0.000332
0.524200 0.000336
0.524400 0.000340
0.524600 0.000343
0.524800 0.000347
0.525000 0.000351
0.525200 0.000355
0.525400 0.000359
0.525600 0.000363
0.525800 0.000367
0.526000 0.000371
0.526200 0.000375
0.526400 0.000379
0.526600 0.000383
0.526800 0.000387
0.527000 0.000391
0.527200 0.000396
0.527400 0.000400
0.527600 0.000404
0.527800 0.000409
0.528000 0.000413
0.528200 0.000418
0.528400 0.000422
0.528600 0.000427
0.528800 0.000432
0.529000 0.000436
0.529200 0.000441
0.529400 0.000446
0.529600 0.000451
0.529800 0.000456
0.530000 0.000461
0.530200 0.000465
0.530400 0.000471
0.530600 0.000476
0.530800 0.000481
0.531000 0.000486
0.531200 0.000491
0.531400 0.000497
0.531600 0.000502
0.531800 0.000507
0.532000 0.000513
0.532200 0.000518
0.532400 0.000524
0.532600 0.000530
0.532800 0.000535
0.533000 0.000541
0.533200 0.000547
0.533400 0.000553
0.533600 0.000559
0.533800 0.000565
0.534000 0.000571
0.534200 0.000577
0.534400 0.000583
0.534600 0.000589
0.534800 0.000596
0.535000 0.000602
0.535200 0.000608
0.535400 0.000615
0.535600 0.000621
0.535800 0.000628
0.536000 0.000635
0.536200 0.000641
0.536400 0.000648
0.536600 0.000655
0.536800 0.000662
0.537000 0.000669
0.537200 0.000676
0.537400 0.000683
0.537600 0.000691
0.537800 0.000698
0.538000 0.000705
0.538200 0.000713
0.538400 0.000720
0.538600 0.000728
0.538800 0.000736
0.539000 0.000743
0.539200 0.000751
0.539400 0.000759
0.539600 0.000767
0.539800 0.000775
0.540000 0.000783
0.540200 0.000792
0.540400 0.000800
0.540600 0.000808
0.540800 0.000817
0.541000 0.000825
0.541200 0.000834
0.541400 0.000843
0.541600 0.000852
0.541800 0.000861
0.542000 0.000870
0.542200 0.000879
0.542400 0.000888
0.542600 0.000897
0.542800 0.000906
0.543000 0.000916
0.543200 0.000925
0.543400 0.000935
0.543600 0.000945
0.543800 0.000955
0.544000 0.000965
0.544200 0.000975
0.544400 0.000985
0.544600 0.000995
0.544800 0.001005
0.545000 0.001016
0.545200 0.001026
0.545400 0.001037
0.545600 0.001048
0.545800 0.001058
0.546000 0.001069
0.546200 0.001080
0.546400 0.001091
0.546600 0.001103
0.546800 0.001114
0.547000 0.001126
0.547200 0.001137
0.547400 0.001149
0.547600 0.001161
0.547800 0.001172
0.548000 0.001185
0.548200 0.001197
0.548400 0.001209
0.548600 0.001221
0.548800 0.001234
0.549000 0.001246
0.549200 0.001259
0.549400 0.001272
0.549600 0.001285
0.549800 0.001298
0.550000 0.001311
0.550200 0.001325
0.550400 0.001338
0.550600 0.001352
0.550800 0.001366
0.551000 0.001379
0.551200 0.001393
0.551400 0.001408
0.551600 0.001422
0.551800 0.001436
0.552000 0.001451
0.552200 0.001465
0.552400 0.001480
0.552600 0.001495
0.552800 0.001510
0.553000 0.001526
0.553200 0.001541
0.553400 0.001557
0.553600 0.001572
0.553800 0.001588
0.554000 0.001604
0.554200 0.001620
0.554400 0.001636
0.554600 0.001653
0.554800 0.001669
0.555000 0.001686
0.555200 0.001703
0.555400 0.001720
0.555600 0.001737
0.555800 0.001755
0.556000 0.001772
0.556200 0.001790
0.556400 0.001808
0.556600 0.001826
0.556800 0.001844
0.557000 0.001862
0.557200 0.001881
0.557400 0.001900
0.557600 0.001919
0.557800 0.001938
0.558000 0.001957
0.558200 0.001976
0.558400 0.001996
0.558600 0.002016
0.558800 0.002036
0.559000 0.002056
0.559200 0.002076
0.559400 0.002097
0.559600 0.002117
0.559800 0.002138
0.560000 0.002159
0.560200 0.002181
0.560400 0.002202
0.560600 0.002224
0.560800 0.002246
0.561000 0.002268
0.561200 0.002290
0.561400 0.002312
0.561600 0.002335
0.561800 0.002358
0.562000 0.002381
0.562200 0.002404
0.562400 0.002428
0.562600 0.002452
0.562800 0.002476
0.563000 0.002500
0.563200 0.002524
0.563400 0.002549
0.563600 0.002574
0.563800 0.002599
0.564000 0.002624
0.564200 0.002650
0.564400 0.002675
0.564600 0.002701
0.564800 0.002728
0.565000 0.002754
0.565200 0.002781
0.565400 0.002808
0.565600 0.002835
0.565800 0.002862
0.566000 0.002890
0.566200 0.002918
0.566400 0.002946
0.566600 0.002974
0.566800 0.003003
0.567000 0.003032
0.567200 0.003061
0.567400 0.003091
0.567600 0.003120
0.567800 0.003150
0.568000 0.003181
0.568200 0.003211
0.568400 0.003242
0.568600 0.003273
0.568800 0.003304
0.569000 0.003336
0.569200 0.003368
0.569400 0.003400
0.569600 0.003432
0.569800 0.003465
0.570000 0.003498
0.570200 0.003532
0.570400 0.003565
0.570600 0.003599
0.570800 0.003633
0.571000 0.003668
0.571200 0.003703
0.571400 0.003738
0.571600 0.003773
0.571800 0.003809
0.572000 0.003845
0.572200 0.003881
0.572400 0.003918
0.572600 0.003955
0.572800 0.003992
0.573000 0.004030
0.573200 0.004068
0.573400 0.004106
0.573600 0.004145
0.573800 0.004184
0.574000 0.004223
0.574200 0.004263
0.574400 0.004303
0.574600 0.004344
0.574800 0.004384
0.575000 0.004425
0.575200 0.004467
0.575400 0.004509
0.575600 0.004551
0.575800 0.004593
0.576000 0.004636
0.576200 0.004679
0.576400 0.004723
0.576600 0.004767
0.576800 0.004811
0.577000 0.004856
0.577200 0.004901
0.577400 0.004947
0.577600 0.004993
0.577800 0.005039
0.578000 0.005086
0.578200 0.005133
0.578400 0.005180
0.578600 0.005228
0.578800 0.005277
0.579000 0.005325
0.579200 0.005375
0.579400 0.005424
0.579600 0.005474
0.579800 0.005525
0.580000 0.005575
0.580200 0.005627
0.580400 0.005678
0.580600 0.005731
0.580800 0.005783
0.581000 0.005836
0.581200 0.005890
0.581400 0.005944
0.581600 0.005998
0.581800 0.006053
0.582000 0.006108
0.582200 0.006164
0.582400 0.006220
0.582600 0.006277
0.582800 0.006334
0.583000 0.006392
0.583200 0.006450
0.583400 0.006509
0.583600 0.006568
0.583800 0.006628
0.584000 0.006688
0.584200 0.006748
0.584400 0.006809
0.584600 0.006871
0.584800 0.006933
0.585000 0.006996
0.585200 0.007059
0.585400 0.007123
0.585600 0.007187
0.585800 0.007252
0.586000 0.007317
0.586200 0.007383
0.586400 0.007449
0.586600 0.007516
0.586800 0.007584
0.587000 0.007652
0.587200 0.007721
0.587400 0.007790
0.587600 0.007860
0.587800 0.007930
0.588000 0.008001
0.588200 0.008072
0.588400 0.008144
0.588600 0.008217
0.588800 0.008290
0.589000 0.008364
0.589200 0.008439
0.589400 0.008514
0.589600 0.008589
0.589800 0.008666
0.590000 0.008742
0.590200 0.008820
0.590400 0.008898
0.590600 0.008977
0.590800 0.009056
0.591000 0.009137
0.591200 0.009217
0.591400 0.009299
0.591600 0.009381
0.591800 0.009463
0.592000 0.009547
0.592200 0.009631
0.592400 0.009716
0.592600 0.009801
0.592800 0.009887
0.593000 0.009974
0.593200 0.010061
0.593400 0.010149
0.593600 0.010238
0.593800 0.010328
0.594000 0.010418
0.594200 0.010509
0.594400 0.010601
0.594600 0.010693
0.594800 0.010787
0.595000 0.010881
0.595200 0.010975
0.595400 0.011071
0.595600 0.011167
0.595800 0.011264
0.596000 0.011362
0.596200 0.011460
0.596400 0.011560
0.596600 0.011660
0.596800 0.011761
0.597000 0.011862
0.597200 0.011965
0.597400 0.012068
0.597600 0.012172
0.597800 0.012277
0.598000 0.012383
0.598200 0.012489
0.598400 0.012597
0.598600 0.012705
0.598800 0.012814
0.599000 0.012924
0.599200 0.013035
0.599400 0.013146
0.599600 0.013259
0.599800 0.013372
0.600000 0.013487
0.600200 0.013602
0.600400 0.013718
0.600600 0.013835
0.600800 0.013953
0.601000 0.014071
0.601200 0.014191
0.601400 0.014312
0.601600 0.014433
0.601800 0.014556
0.602000 0.014679
0.602200 0.014804
0.602400 0.014929
0.602600 0.015055
0.602800 0.015183
0.603000 0.015311
0.603200 0.015440
0.603400 0.015570
0.603600 0.015702
0.603800 0.015834
0.604000 0.015967
0.604200 0.016101
0.604400 0.016237
0.604600 0.016373
0.604800 0.016510
0.605000 0.016649
0.605200 0.016788
0.605400 0.016929
0.605600 0.017070
0.605800 0.017213
0.606000 0.017356
0.606200 0.017501
0.606400 0.017647
0.606600 0.017794
0.606800 0.017942
0.607000 0.018091
0.607200 0.018242
0.607400 0.018393
0.607600 0.018546
0.607800 0.018700
0.608000 0.018854
0.608200 0.019010
0.608400 0.019168
0.608600 0.019326
0.608800 0.019486
0.609000 0.019646
0.609200 0.019808
0.609400 0.019972
0.609600 0.020136
0.609800 0.020302
0.610000 0.020468
0.610200 0.020636
0.610400 0.020806
0.610600 0.020976
0.610800 0.021148
0.611000 0.021321
0.611200 0.021496
0.611400 0.021671
0.611600 0.021848
0.611800 0.022026
0.612000 0.022206
0.612200 0.022387
0.612400 0.022569
0.612600 0.022753
0.612800 0.022937
0.613000 0.023124
0.613200 0.023311
0.613400 0.023500
0.613600 0.023690
0.613800 0.023882
0.614000 0.024075
0.614200 0.024270
0.614400 0.024466
0.614600 0.024663
0.614800 0.024862
0.615000 0.025062
0.615200 0.025264
0.615400 0.025467
0.615600 0.025671
0.615800 0.025877
0.616000 0.026085
0.616200 0.026294
0.616400 0.026505
0.616600 0.026717
0.616800 0.026930
0.617000 0.027145
0.617200 0.027362
0.617400 0.027580
0.617600 0.027800
0.617800 0.028021
0.618000 0.028244
0.618200 0.028468
0.618400 0.028695
0.618600 0.028922
0.618800 0.029152
0.619000 0.029382
0.619200 0.029615
0.619400 0.029849
0.619600 0.030085
0.619800 0.030323
0.620000 0.030562
0.620200 0.030803
0.620400 0.031045
0.620600 0.031290
0.620800 0.031536
0.621000 0.031783
0.621200 0.032033
0.621400 0.032284
0.621600 0.032537
0.621800 0.032792
0.622000 0.033048
0.622200 0.033306
0.622400 0.033567
0.622600 0.033828
0.622800 0.034092
0.623000 0.034358
0.623200 0.034625
0.623400 0.034894
0.623600 0.035166
0.623800 0.035439
0.624000 0.035714
0.624200 0.035990
0.624400 0.036269
0.624600 0.036550
0.624800 0.036832
0.625000 0.037117
0.625200 0.037403
0.625400 0.037692
0.625600 0.037982
0.625800 0.038274
0.626000 0.038569
0.626200 0.038865
0.626400 0.039163
0.626600 0.039464
0.626800 0.039766
0.627000 0.040071
0.627200 0.040378
0.627400 0.040686
0.627600 0.040997
0.627800 0.041310
0.628000 0.041625
0.628200 0.041942
0.628400 0.042261
0.628600 0.042583
0.628800 0.042906
0.629000 0.043232
0.629200 0.043560
0.629400 0.043890
0.629600 0.044223
0.629800 0.044557
0.630000 0.044894
0.630200 0.045233
0.630400 0.045574
0.630600 0.045918
0.630800 0.046264
0.631000 0.046612
0.631200 0.046963
0.631400 0.047316
0.631600 0.047671
0.631800 0.048028
0.632000 0.048388
0.632200 0.048751
0.632400 0.049115
0.632600 0.049482
0.632800 0.049852
0.633000 0.050224
0.633200 0.050598
0.633400 0.050975
0.633600 0.051354
0.633800 0.051736
0.634000 0.052120
0.634200 0.052507
0.634400 0.052897
0.634600 0.053288
0.634800 0.053683
0.635000 0.054080
0.635200 0.054479
0.635400 0.054882
0.635600 0.055286
0.635800 0.055694
0.636000 0.056104
0.636200 0.056517
0.636400 0.056932
0.636600 0.057350
0.636800 0.057771
0.637000 0.058194
0.637200 0.058620
0.637400 0.059049
0.637600 0.059481
0.637800 0.059915
0.638000 0.060352
0.638200 0.060792
0.638400 0.061235
0.638600 0.061681
0.638800 0.062129
0.639000 0.062580
0.639200 0.063035
0.639400 0.063492
0.639600 0.063952
0.639800 0.064414
0.640000 0.064880
0.640200 0.065349
0.640400 0.065821
0.640600 0.066295
0.640800 0.066773
0.641000 0.067253
0.641200 0.067737
0.641400 0.068224
0.641600 0.068714
0.641800 0.069206
0.642000 0.069702
0.642200 0.070201
0.642400 0.070703
0.642600 0.071208
0.642800 0.071717
0.643000 0.072228
0.643200 0.072743
0.643400 0.073261
0.643600 0.073782
0.643800 0.074306
0.644000 0.074834
0.644200 0.075365
0.644400 0.075899
0.644600 0.076436
0.644800 0.076977
0.645000 0.077521
0.645200 0.078068
0.645400 0.078619
0.645600 0.079173
0.645800 0.079730
0.646000 0.080291
0.646200 0.080855
0.646400 0.081423
0.646600 0.081994
0.646800 0.082568
0.647000 0.083146
0.647200 0.083728
0.647400 0.084313
0.647600 0.084902
0.647800 0.085494
0.648000 0.086089
0.648200 0.086689
0.648400 0.087292
0.648600 0.087898
0.648800 0.088508
0.649000 0.089122
0.649200 0.089740
0.649400 0.090361
0.649600 0.090986
0.649800 0.091614
0.650000 0.092247
0.650200 0.092883
0.650400 0.093523
0.650600 0.094166
0.650800 0.094814
0.651000 0.095465
0.651200 0.096120
0.651400 0.096779
0.651600 0.097442
0.651800 0.098109
0.652000 0.098780
0.652200 0.099454
0.652400 0.100133
0.652600 0.100816
0.652800 0.101502
0.653000 0.102193
0.653200 0.102887
0.653400 0.103586
0.653600 0.104289
0.653800 0.104996
0.654000 0.105707
0.654200 0.106422
0.654400 0.107141
0.654600 0.107864
0.654800 0.108592
0.655000 0.109323
0.655200 0.110059
0.655400 0.110799
0.655600 0.111544
0.655800 0.112292
0.656000 0.113045
0.656200 0.113802
0.656400 0.114564
0.656600 0.115330
0.656800 0.116100
0.657000 0.116875
0.657200 0.117654
0.657400 0.118437
0.657600 0.119225
0.657800 0.120018
0.658000 0.120815
0.658200 0.121616
0.658400 0.122422
0.658600 0.123232
0.658800 0.124047
0.659000 0.124867
0.659200 0.125691
0.659400 0.126520
0.659600 0.127353
0.659800 0.128191
0.660000 0.129034
0.660200 0.129881
0.660400 0.130733
0.660600 0.131590
0.660800 0.132452
0.661000 0.133318
0.661200 0.134189
0.661400 0.135065
0.661600 0.135946
0.661800 0.136831
0.662000 0.137722
0.662200 0.138617
0.662400 0.139518
0.662600 0.140423
0.662800 0.141333
0.663000 0.142248
0.663200 0.143168
0.663400 0.144094
0.663600 0.145024
0.663800 0.145959
0.664000 0.146899
0.664200 0.147845
0.664400 0.148795
0.664600 0.149751
0.664800 0.150712
0.665000 0.151678
0.665200 0.152649
0.665400 0.153625
0.665600 0.154607
0.665800 0.155594
0.666000 0.156586
0.666200 0.157584
0.666400 0.158586
0.666600 0.159595
0.666800 0.160608
0.667000 0.161627
0.667200 0.162651
0.667400 0.163681
0.667600 0.164716
0.667800 0.165757
0.668000 0.166803
0.668200 0.167854
0.668400 0.168911
0.668600 0.169974
0.668800 0.171042
0.669000 0.172116
0.669200 0.173196
0.669400 0.174281
0.669600 0.175372
0.669800 0.176468
0.670000 0.177570
0.670200 0.178678
0.670400 0.179791
0.670600 0.180911
0.670800 0.182036
0.671000 0.183167
0.671200 0.184304
0.671400 0.185446
0.671600 0.186595
0.671800 0.187749
0.672000 0.188909
0.672200 0.190075
0.672400 0.191247
0.672600 0.192425
0.672800 0.193610
0.673000 0.194800
0.673200 0.195996
0.673400 0.197198
0.673600 0.198406
0.673800 0.199621
0.674000 0.200841
0.674200 0.202068
0.674400 0.203300
0.674600 0.204539
0.674800 0.205785
0.675000 0.207036
0.675200 0.208294
0.675400 0.209558
0.675600 0.210828
0.675800 0.212104
0.676000 0.213387
0.676200 0.214677
0.676400 0.215972
0.676600 0.217274
0.676800 0.218583
0.677000 0.219898
0.677200 0.221219
0.677400 0.222547
0.677600 0.223881
0.677800 0.225222
0.678000 0.226570
0.678200 0.227924
0.678400 0.229284
0.678600 0.230651
0.678800 0.232025
0.679000 0.233406
0.679200 0.234793
0.679400 0.236187
0.679600 0.237588
0.679800 0.238995
0.680000 0.240409
0.680200 0.241830
0.680400 0.243258
0.680600 0.244692
0.680800 0.246134
0.681000 0.247582
0.681200 0.249037
0.681400 0.250499
0.681600 0.251968
0.681800 0.253445
0.682000 0.254928
0.682200 0.256418
0.682400 0.257915
0.682600 0.259419
0.682800 0.260930
0.683000 0.262448
0.683200 0.263973
0.683400 0.265506
0.683600 0.267046
0.683800 0.268592
0.684000 0.270146
0.684200 0.271708
0.684400 0.273276
0.684600 0.274852
0.684800 0.276435
0.685000 0.278025
0.685200 0.279623
0.685400 0.281228
0.685600 0.282840
0.685800 0.284460
0.686000 0.286087
0.686200 0.287722
0.686400 0.289364
0.686600 0.291013
0.686800 0.292670
0.687000 0.294335
0.687200 0.296007
0.687400 0.297686
0.687600 0.299374
0.687800 0.301068
0.688000 0.302771
0.688200 0.304481
0.688400 0.306199
0.688600 0.307924
0.688800 0.309657
0.689000 0.311398
0.689200 0.313146
0.689400 0.314903
0.689600 0.316667
0.689800 0.318439
0.690000 0.320218
0.690200 0.322006
0.690400 0.323801
0.690600 0.325605
0.690800 0.327416
0.691000 0.329235
0.691200 0.331062
0.691400 0.332897
0.691600 0.334740
0.691800 0.336591
0.692000 0.338450
0.692200 0.340317
0.692400 0.342193
0.692600 0.344076
0.692800 0.345967
0.693000 0.347867
0.693200 0.349775
0.693400 0.351690
0.693600 0.353614
0.693800 0.355547
0.694000 0.357487
0.694200 0.359436
0.694400 0.361393
0.694600 0.363358
0.694800 0.365331
0.695000 0.367313
0.695200 0.369304
0.695400 0.371302
0.695600 0.373309
0.695800 0.375324
0.696000 0.377348
0.696200 0.379380
0.696400 0.381421
0.696600 0.383470
0.696800 0.385528
0.697000 0.387594
0.697200 0.389669
0.697400 0.391752
0.697600 0.393844
0.697800 0.395944
0.698000 0.398053
0.698200 0.400170
0.698400 0.402297
0.698600 0.404432
0.698800 0.406575
0.699000 0.408727
0.699200 0.410888
0.699400 0.413058
0.699600 0.415236
0.699800 0.417424
0.700000 0.419620
0.700200 0.421824
0.700400 0.424038
0.700600 0.426260
0.700800 0.428492
0.701000 0.430732
0.701200 0.432981
0.701400 0.435239
0.701600 0.437506
0.701800 0.439782
0.702000 0.442066
0.702200 0.444360
0.702400 0.446663
0.702600 0.448975
0.702800 0.451295
0.703000 0.453625
0.703200 0.455964
0.703400 0.458312
0.703600 0.460669
0.703800 0.463035
0.704000 0.465410
0.704200 0.467794
0.704400 0.470188
0.704600 0.472590
0.704800 0.475002
0.705000 0.477423
0.705200 0.479853
0.705400 0.482293
0.705600 0.484741
0.705800 0.487199
0.706000 0.489667
0.706200 0.492143
0.706400 0.494629
0.706600 0.497124
0.706800 0.499628
0.707000 0.502142
0.707200 0.504665
0.707400 0.507198
0.707600 0.509739
0.707800 0.512291
0.708000 0.514851
0.708200 0.517421
0.708400 0.520001
0.708600 0.522590
0.708800 0.525188
0.709000 0.527796
0.709200 0.530414
0.709400 0.533040
0.709600 0.535677
0.709800 0.538323
0.710000 0.540978
0.710200 0.543643
0.710400 0.546318
0.710600 0.549002
0.710800 0.551696
0.711000 0.554399
0.711200 0.557112
0.711400 0.559835
0.711600 0.562567
0.711800 0.565309
0.712000 0.568060
0.712200 0.570821
0.712400 0.573592
0.712600 0.576373
0.712800 0.579163
0.713000 0.581963
0.713200 0.584772
0.713400 0.587592
0.713600 0.590421
0.713800 0.593260
0.714000 0.596109
0.714200 0.598967
0.714400 0.601835
0.714600 0.604713
0.714800 0.607601
0.715000 0.610498
0.715200 0.613406
0.715400 0.616323
0.715600 0.619250
0.715800 0.622187
0.716000 0.625134
0.716200 0.628090
0.716400 0.631057
0.716600 0.634033
0.716800 0.637019
0.717000 0.640016
0.717200 0.643022
0.717400 0.646037
0.717600 0.649063
0.717800 0.652099
0.718000 0.655145
0.718200 0.658200
0.718400 0.661266
0.718600 0.664341
0.718800 0.667427
0.719000 0.670522
0.719200 0.673627
0.719400 0.676743
0.719600 0.679868
0.719800 0.683003
0.720000 0.686148
0.720200 0.689303
0.720400 0.692469
0.720600 0.695644
0.720800 0.698829
0.721000 0.702024
0.721200 0.705229
0.721400 0.708445
0.721600 0.711670
0.721800 0.714905
0.722000 0.718150
0.722200 0.721406
0.722400 0.724671
0.722600 0.727946
0.722800 0.731232
0.723000 0.734527
0.723200 0.737832
0.723400 0.741148
0.723600 0.744473
0.723800 0.747809
0.724000 0.751154
0.724200 0.754510
0.724400 0.757876
0.724600 0.761252
0.724800 0.764637
0.725000 0.768033
0.725200 0.771439
0.725400 0.774855
0.725600 0.778281
0.725800 0.781717
0.726000 0.785163
0.726200 0.788619
0.726400 0.792085
0.726600 0.795561
0.726800 0.799047
0.727000 0.802544
0.727200 0.806050
0.727400 0.809566
0.727600 0.813093
0.727800 0.816629
0.728000 0.820176
0.728200 0.823732
0.728400 0.827298
0.728600 0.830875
0.728800 0.834461
0.729000 0.838058
0.729200 0.841665
0.729400 0.845281
0.729600 0.848908
0.729800 0.852544
0.730000 0.856191
0.730200 0.859847
0.730400 0.863514
0.730600 0.867190
0.730800 0.870876
0.731000 0.874573
0.731200 0.878279
0.731400 0.881996
0.731600 0.885722
0.731800 0.889458
0.732000 0.893204
0.732200 0.896960
0.732400 0.900726
0.732600 0.904502
0.732800 0.908288
0.733000 0.912083
0.733200 0.915889
0.733400 0.919704
0.733600 0.923530
0.733800 0.927365
0.734000 0.931210
0.734200 0.935064
0.734400 0.938929
0.734600 0.942804
0.734800 0.946688
0.735000 0.950582
0.735200 0.954486
0.735400 0.958399
0.735600 0.962323
0.735800 0.966256
0.736000 0.970199
0.736200 0.974152
0.736400 0.978114
0.736600 0.982086
0.736800 0.986068
0.737000 0.990059
0.737200 0.994060
0.737400 0.998071
0.737600 1.002092
0.737800 1.006122
0.738000 1.010161
0.738200 1.014211
0.738400 1.018269
0.738600 1.022338
0.738800 1.026416
0.739000 1.030503
0.739200 1.034600
0.739400 1.038707
0.739600 1.042823
0.739800 1.046949
0.740000 1.051084
0.740200 1.055228
0.740400 1.059382
0.740600 1.063545
0.740800 1.067718
0.741000 1.071900
0.741200 1.076091
0.741400 1.080292
0.741600 1.084502
0.741800 1.088722
0.742000 1.092950
0.742200 1.097188
0.742400 1.101436
0.742600 1.105692
0.742800 1.109958
0.743000 1.114233
0.743200 1.118517
0.743400 1.122810
0.743600 1.127112
0.743800 1.131424
0.744000 1.135744
0.744200 1.140074
0.744400 1.144413
0.744600 1.148760
0.744800 1.153117
0.745000 1.157483
0.745200 1.161858
0.745400 1.166242
0.745600 1.170634
0.745800 1.175036
0.746000 1.179447
0.746200 1.183866
0.746400 1.188295
0.746600 1.192732
0.746800 1.197179
0.747000 1.201634
0.747200 1.206098
0.747400 1.210571
0.747600 1.215053
0.747800 1.219544
0.748000 1.224044
0.748200 1.228553
0.748400 1.233071
0.748600 1.237598
0.748800 1.242133
0.749000 1.246678
0.749200 1.251232
0.749400 1.255796
0.749600 1.260368
0.749800 1.264950
0.750000 1.269541
0.750200 1.274142
0.750400 1.278752
0.750600 1.283372
0.750800 1.288003
0.751000 1.292643
0.751200 1.297293
0.751400 1.301954
0.751600 1.306626
0.751800 1.311309
0.752000 1.316003
0.752200 1.320709
0.752400 1.325427
0.752600 1.330158
0.752800 1.334901
0.753000 1.339658
0.753200 1.344429
0.753400 1.349215
0.753600 1.354017
0.753800 1.358834
0.754000 1.363669
0.754200 1.368521
0.754400 1.373393
0.754600 1.378285
0.754800 1.383198
0.755000 1.388134
0.755200 1.393094
0.755400 1.398080
0.755600 1.403094
0.755800 1.408137
0.756000 1.413212
0.756200 1.418321
0.756400 1.423466
0.756600 1.428650
0.756800 1.433876
0.757000 1.439147
0.757200 1.444467
0.757400 1.449839
0.757600 1.455267
0.757800 1.460756
0.758000 1.466309
0.758200 1.471933
0.758400 1.477632
0.758600 1.483413
0.758800 1.489280
0.759000 1.495242
0.759200 1.501304
0.759400 1.507475
0.759600 1.513763
0.759800 1.520177
0.760000 1.526725
0.760200 1.533417
0.760400 1.540265
0.760600 1.547279
0.760800 1.554471
0.761000 1.561853
0.761200 1.569440
0.761400 1.577245
0.761600 1.585283
0.761800 1.593570
0.762000 1.602123
0.762200 1.610960
0.762400 1.620098
0.762600 1.629558
0.762800 1.639361
0.763000 1.649527
0.763200 1.660080
0.763400 1.671043
0.763600 1.682441
0.763800 1.694300
0.764000 1.706647
0.764200 1.719511
0.764400 1.732920
0.764600 1.746906
0.764800 1.761499
0.765000 1.776734
0.765200 1.792644
0.765400 1.809264
0.765600 1.826631
0.765800 1.844783
0.766000 1.863757
0.766200 1.883594
0.766400 1.904334
0.766600 1.926020
0.766800 1.948693
0.767000 1.972398
0.767200 1.997179
0.767400 2.023081
0.767600 2.050151
0.767800 2.078433
0.768000 2.107977
0.768200 2.138828
0.768400 2.171036
0.768600 2.204647
0.768800 2.239710
0.769000 2.276273
0.769200 2.314383
0.769400 2.354088
0.769600 2.395435
0.769800 2.438470
0.770000 2.483238
0.770200 2.529784
0.770400 2.578150
0.770600 2.628379
0.770800 2.680511
0.771000 2.734583
0.771200 2.790632
0.771400 2.848693
0.771600 2.908796
0.771800 2.970971
0.772000 3.035244
0.772200 3.101637
0.772400 3.170171
0.772600 3.240861
0.772800 3.313721
0.773000 3.388757
0.773200 3.465974
0.773400 3.545373
0.773600 3.626947
0.773800 3.710687
0.774000 3.796580
0.774200 3.884603
0.774400 3.974733
0.774600 4.066938
0.774800 4.161182
0.775000 4.257423
0.775200 4.355612
0.775400 4.455696
0.775600 4.557613
0.775800 4.661298
0.776000 4.766678
0.776200 4.873673
0.776400 4.982200
0.776600 5.092165
0.776800 5.203472
0.777000 5.316017
0.777200 5.429690
0.777400 5.544376
0.777600 5.659953
0.777800 5.776293
0.778000 5.893265
0.778200 6.010730
0.778400 6.128545
0.778600 6.246563
0.778800 6.364632
0.779000 6.482595
0.779200 6.600292
0.779400 6.717560
0.779600 6.834231
0.779800 6.950136
0.780000 7.065103
0.780200 7.178958
0.780400 7.291526
0.780600 7.402630
0.780800 7.512093
0.781000 7.619740
0.781200 7.725392
0.781400 7.828874
0.781600 7.930012
0.781800 8.028634
0.782000 8.124571
0.782200 8.217654
0.782400 8.307721
0.782600 8.394612
0.782800 8.478172
0.783000 8.558252
0.783200 8.634706
0.783400 8.707397
0.783600 8.776191
0.783800 8.840963
0.784000 8.901595
0.784200 8.957976
0.784400 9.010004
0.784600 9.057583
0.784800 9.100628
0.785000 9.139062
0.785200 9.172817
0.785400 9.201835
0.785600 9.226067
0.785800 9.245474
0.786000 9.260026
0.786200 9.269705
0.786400 9.274501
0.786600 9.274416
0.786800 9.269461
0.787000 9.259657
0.787200 9.245034
0.787400 9.225635
0.787600 9.201509
0.787800 9.172718
0.788000 9.139331
0.788200 9.101426
0.788400 9.059092
0.788600 9.012424
0.788800 8.961528
0.789000 8.906514
0.789200 8.847504
0.789400 8.784624
0.789600 8.718007
0.789800 8.647794
0.790000 8.574130
0.790200 8.497166
0.790400 8.417058
0.790600 8.333967
0.790800 8.248055
0.791000 8.159491
0.791200 8.068446
0.791400 7.975090
0.791600 7.879600
0.791800 7.782150
0.792000 7.682918
0.792200 7.582079
0.792400 7.479812
0.792600 7.376291
0.792800 7.271692
0.793000 7.166189
0.793200 7.059951
0.793400 6.953149
0.793600 6.845949
0.793800 6.738512
0.794000 6.630999
0.794200 6.523565
0.794400 6.416360
0.794600 6.309532
0.794800 6.203222
0.795000 6.097566
0.795200 5.992696
0.795400 5.888738
0.795600 5.785812
0.795800 5.684031
0.796000 5.583505
0.796200 5.484336
0.796400 5.386619
0.796600 5.290444
0.796800 5.195896
0.797000 5.103052
0.797200 5.011982
0.797400 4.922752
0.797600 4.835421
0.797800 4.750041
0.798000 4.666659
0.798200 4.585316
0.798400 4.506047
0.798600 4.428882
0.798800 4.353844
0.799000 4.280953
0.799200 4.210221
0.799400 4.141657
0.799600 4.075265
0.799800 4.011044
0.800000 3.948990
0.800200 3.889091
0.800400 3.831336
0.800600 3.775708
0.800800 3.722185
0.801000 3.670743
0.801200 3.621357
0.801400 3.573997
0.801600 3.528629
0.801800 3.485220
0.802000 3.443733
0.802200 3.404128
0.802400 3.366365
0.802600 3.330402
0.802800 3.296195
0.803000 3.263700
0.803200 3.232871
0.803400 3.203661
0.803600 3.176024
0.803800 3.149912
0.804000 3.125276
0.804200 3.102069
0.804400 3.080243
0.804600 3.059749
0.804800 3.040540
0.805000 3.022568
0.805200 3.005786
0.805400 2.990148
0.805600 2.975607
0.805800 2.962119
0.806000 2.949640
0.806200 2.938124
0.806400 2.927531
0.806600 2.917818
0.806800 2.908944
0.807000 2.900870
0.807200 2.893558
0.807400 2.886970
0.807600 2.881069
0.807800 2.875821
0.808000 2.871192
0.808200 2.867149
0.808400 2.863659
0.808600 2.860694
0.808800 2.858223
0.809000 2.856218
0.809200 2.854653
0.809400 2.853502
0.809600 2.852739
0.809800 2.852341
0.810000 2.852286
0.810200 2.852553
0.810400 2.853120
0.810600 2.853968
0.810800 2.855079
0.811000 2.856434
0.811200 2.858019
0.811400 2.859816
0.811600 2.861811
0.811800 2.863989
0.812000 2.866338
0.812200 2.868844
0.812400 2.871496
0.812600 2.874283
0.812800 2.877195
0.813000 2.880220
0.813200 2.883351
0.813400 2.886579
0.813600 2.889895
0.813800 2.893291
0.814000 2.896761
0.814200 2.900299
0.814400 2.903897
0.814600 2.907550
0.814800 2.911253
0.815000 2.915000
0.815200 2.918788
0.815400 2.922611
0.815600 2.926466
0.815800 2.930349
0.816000 2.934256
0.816200 2.938185
0.816400 2.942132
0.816600 2.946094
0.816800 2.950070
0.817000 2.954056
0.817200 2.958051
0.817400 2.962052
0.817600 2.966058
0.817800 2.970066
0.818000 2.974076
0.818200 2.978087
0.818400 2.982095
0.818600 2.986102
0.818800 2.990104
0.819000 2.994102
0.819200 2.998094
0.819400 3.002080
0.819600 3.006058
0.819800 3.010028
0.820000 3.013990
0.820200 3.017942
0.820400 3.021884
0.820600 3.025816
0.820800 3.029737
0.821000 3.033646
0.821200 3.037544
0.821400 3.041430
0.821600 3.045303
0.821800 3.049163
0.822000 3.053010
0.822200 3.056844
0.822400 3.060665
0.822600 3.064471
0.822800 3.068264
0.823000 3.072042
0.823200 3.075806
0.823400 3.079555
0.823600 3.083289
0.823800 3.087009
0.824000 3.090713
0.824200 3.094402
0.824400 3.098076
0.824600 3.101735
0.824800 3.105378
0.825000 3.109005
0.825200 3.112616
0.825400 3.116212
0.825600 3.119792
0.825800 3.123355
0.826000 3.126902
0.826200 3.130434
0.826400 3.133948
0.826600 3.137447
0.826800 3.140929
0.827000 3.144394
0.827200 3.147843
0.827400 3.151275
0.827600 3.154690
0.827800 3.158088
0.828000 3.161470
0.828200 3.164834
0.828400 3.168182
0.828600 3.171512
0.828800 3.174825
0.829000 3.178121
0.829200 3.181400
0.829400 3.184661
0.829600 3.187904
0.829800 3.191131
0.830000 3.194339
0.830200 3.197530
0.830400 3.200703
0.830600 3.203859
0.830800 3.206997
0.831000 3.210117
0.831200 3.213219
0.831400 3.216302
0.831600 3.219368
0.831800 3.222416
0.832000 3.225446
0.832200 3.228457
0.832400 3.231450
0.832600 3.234425
0.832800 3.237382
0.833000 3.240320
0.833200 3.243239
0.833400 3.246140
0.833600 3.249022
0.833800 3.251886
0.834000 3.254731
0.834200 3.257557
0.834400 3.260364
0.834600 3.263153
0.834800 3.265922
0.835000 3.268673
0.835200 3.271405
0.835400 3.274117
0.835600 3.276810
0.835800 3.279484
0.836000 3.282139
0.836200 3.284775
0.836400 3.287391
0.836600 3.289988
0.836800 3.292565
0.837000 3.295123
0.837200 3.297662
0.837400 3.300181
0.837600 3.302680
0.837800 3.305159
0.838000 3.307619
0.838200 3.310059
0.838400 3.312479
0.838600 3.314880
0.838800 3.317260
0.839000 3.319621
0.839200 3.321961
0.839400 3.324282
0.839600 3.326582
0.839800 3.328862
0.840000 3.331122
0.840200 3.333362
0.840400 3.335582
0.840600 3.337781
0.840800 3.339960
0.841000 3.342118
0.841200 3.344256
0.841400 3.346374
0.841600 3.348471
0.841800 3.350548
0.842000 3.352604
0.842200 3.354639
0.842400 3.356654
0.842600 3.358648
0.842800 3.360621
0.843000 3.362573
0.843200 3.364505
0.843400 3.366415
0.843600 3.368305
0.843800 3.370174
0.844000 3.372022
0.844200 3.373849
0.844400 3.375655
0.844600 3.377440
0.844800 3.379203
0.845000 3.380946
0.845200 3.382667
0.845400 3.384368
0.845600 3.386046
0.845800 3.387704
0.846000 3.389340
0.846200 3.390955
0.846400 3.392549
0.846600 3.394121
0.846800 3.395672
0.847000 3.397201
0.847200 3.398709
0.847400 3.400196
0.847600 3.401660
0.847800 3.403104
0.848000 3.404525
0.848200 3.405925
0.848400 3.407303
0.848600 3.408660
0.848800 3.409995
0.849000 3.411308
0.849200 3.412599
0.849400 3.413869
0.849600 3.415117
0.849800 3.416343
0.850000 3.417547
0.850200 3.418729
0.850400 3.419889
0.850600 3.421028
0.850800 3.422144
0.851000 3.423238
0.851200 3.424311
0.851400 3.425361
0.851600 3.426390
0.851800 3.427396
0.852000 3.428380
0.852200 3.429342
0.852400 3.430282
0.852600 3.431200
0.852800 3.432096
0.853000 3.432969
0.853200 3.433821
0.853400 3.434650
0.853600 3.435457
0.853800 3.436242
0.854000 3.437004
0.854200 3.437744
0.854400 3.438462
0.854600 3.439158
0.854800 3.439831
0.855000 3.440482
0.855200 3.441111
0.855400 3.441717
0.855600 3.442301
0.855800 3.442862
0.856000 3.443402
0.856200 3.443918
0.856400 3.444413
0.856600 3.444885
0.856800 3.445334
0.857000 3.445762
0.857200 3.446166
0.857400 3.446549
0.857600 3.446908
0.857800 3.447246
0.858000 3.447561
0.858200 3.447853
0.858400 3.448123
0.858600 3.448370
0.858800 3.448595
0.859000 3.448798
0.859200 3.448978
0.859400 3.449135
0.859600 3.449270
0.859800 3.449383
0.860000 3.449473
0.860200 3.449540
0.860400 3.449585
0.860600 3.449607
0.860800 3.449607
0.861000 3.449585
0.861200 3.449540
0.861400 3.449472
0.861600 3.449382
0.861800 3.449269
0.862000 3.449134
0.862200 3.448976
0.862400 3.448796
0.862600 3.448594
0.862800 3.448369
0.863000 3.448121
0.863200 3.447851
0.863400 3.447558
0.863600 3.447243
0.863800 3.446906
0.864000 3.446546
0.864200 3.446163
0.864400 3.445758
0.864600 3.445331
0.864800 3.444881
0.865000 3.444409
0.865200 3.443915
0.865400 3.443398
0.865600 3.442858
0.865800 3.442297
0.866000 3.441712
0.866200 3.441106
0.866400 3.440477
0.866600 3.439826
0.866800 3.439153
0.867000 3.438457
0.867200 3.437739
0.867400 3.436998
0.867600 3.436236
0.867800 3.435451
0.868000 3.434644
0.868200 3.433815
0.868400 3.432963
0.868600 3.432089
0.868800 3.431194
0.869000 3.430275
0.869200 3.429335
0.869400 3.428373
0.869600 3.427389
0.869800 3.426382
0.870000 3.425354
0.870200 3.424303
0.870400 3.423231
0.870600 3.422136
0.870800 3.421020
0.871000 3.419881
0.871200 3.418721
0.871400 3.417539
0.871600 3.416334
0.871800 3.415108
0.872000 3.413860
0.872200 3.412591
0.872400 3.411299
0.872600 3.409986
0.872800 3.408651
0.873000 3.407294
0.873200 3.405916
0.873400 3.404516
0.873600 3.403094
0.873800 3.401651
0.874000 3.400186
0.874200 3.398700
0.874400 3.397192
0.874600 3.395662
0.874800 3.394112
0.875000 3.392539
0.875200 3.390946
0.875400 3.389331
0.875600 3.387694
0.875800 3.386037
0.876000 3.384358
0.876200 3.382657
0.876400 3.380936
0.876600 3.379193
0.876800 3.377430
0.877000 3.375645
0.877200 3.373839
0.877400 3.372012
0.877600 3.370164
0.877800 3.368295
0.878000 3.366406
0.878200 3.364495
0.878400 3.362563
0.878600 3.360611
0.878800 3.358638
0.879000 3.356644
0.879200 3.354629
0.879400 3.352594
0.879600 3.350538
0.879800 3.348462
0.880000 3.346365
0.880200 3.344247
0.880400 3.342109
0.880600 3.339951
0.880800 3.337772
0.881000 3.335573
0.881200 3.333354
0.881400 3.331114
0.881600 3.328854
0.881800 3.326574
0.882000 3.324274
0.882200 3.321954
0.882400 3.319613
0.882600 3.317253
0.882800 3.314873
0.883000 3.312473
0.883200 3.310053
0.883400 3.307613
0.883600 3.305154
0.883800 3.302674
0.884000 3.300175
0.884200 3.297657
0.884400 3.295119
0.884600 3.292561
0.884800 3.289984
0.885000 3.287388
0.885200 3.284772
0.885400 3.282137
0.885600 3.279482
0.885800 3.276808
0.886000 3.274116
0.886200 3.271404
0.886400 3.268672
0.886600 3.265922
0.886800 3.263153
0.887000 3.260365
0.887200 3.257559
0.887400 3.254733
0.887600 3.251889
0.887800 3.249026
0.888000 3.246144
0.888200 3.243244
0.888400 3.240325
0.888600 3.237387
0.888800 3.234432
0.889000 3.231458
0.889200 3.228465
0.889400 3.225455
0.889600 3.222426
0.889800 3.219379
0.890000 3.216314
0.890200 3.213231
0.890400 3.210129
0.890600 3.207011
0.890800 3.203874
0.891000 3.200719
0.891200 3.197547
0.891400 3.194357
0.891600 3.191149
0.891800 3.187924
0.892000 3.184681
0.892200 3.181421
0.892400 3.178144
0.892600 3.174849
0.892800 3.171537
0.893000 3.168208
0.893200 3.164861
0.893400 3.161498
0.893600 3.158117
0.893800 3.154720
0.894000 3.151306
0.894200 3.147875
0.894400 3.144427
0.894600 3.140963
0.894800 3.137482
0.895000 3.133984
0.895200 3.130470
0.895400 3.126940
0.895600 3.123393
0.895800 3.119830
0.896000 3.116250
0.896200 3.112655
0.896400 3.109043
0.896600 3.105416
0.896800 3.101772
0.897000 3.098113
0.897200 3.094437
0.897400 3.090746
0.897600 3.087040
0.897800 3.083317
0.898000 3.079580
0.898200 3.075826
0.898400 3.072058
0.898600 3.068274
0.898800 3.064474
0.899000 3.060660
0.899200 3.056830
0.899400 3.052985
0.899600 3.049126
0.899800 3.045251
0.900000 3.041362
0.900200 3.037457
0.900400 3.033538
0.900600 3.029605
0.900800 3.025657
0.901000 3.021694
0.901200 3.017717
0.901400 3.013726
0.901600 3.009720
0.901800 3.005700
0.902000 3.001667
0.902200 2.997619
0.902400 2.993557
0.902600 2.989481
0.902800 2.985391
0.903000 2.981288
0.903200 2.977171
0.903400 2.973040
0.903600 2.968896
0.903800 2.964738
0.904000 2.960567
0.904200 2.956383
0.904400 2.952185
0.904600 2.947974
0.904800 2.943751
0.905000 2.939514
0.905200 2.935264
0.905400 2.931002
0.905600 2.926727
0.905800 2.922439
0.906000 2.918138
0.906200 2.913825
0.906400 2.909499
0.906600 2.905161
0.906800 2.900811
0.907000 2.896449
0.907200 2.892074
0.907400 2.887688
0.907600 2.883289
0.907800 2.878878
0.908000 2.874456
0.908200 2.870022
0.908400 2.865576
0.908600 2.861119
0.908800 2.856650
0.909000 2.852170
0.909200 2.847678
0.909400 2.843175
0.909600 2.838661
0.909800 2.834136
0.910000 2.829600
0.910200 2.825053
0.910400 2.820495
0.910600 2.815926
0.910800 2.811347
0.911000 2.806757
0.911200 2.802156
0.911400 2.797545
0.911600 2.792924
0.911800 2.788292
0.912000 2.783650
0.912200 2.778998
0.912400 2.774336
0.912600 2.769664
0.912800 2.764982
0.913000 2.760291
0.913200 2.755589
0.913400 2.750879
0.913600 2.746158
0.913800 2.741428
0.914000 2.736689
0.914200 2.731940
0.914400 2.727182
0.914600 2.722416
0.914800 2.717640
0.915000 2.712855
0.915200 2.708061
0.915400 2.703259
0.915600 2.698447
0.915800 2.693628
0.916000 2.688799
0.916200 2.683963
0.916400 2.679117
0.916600 2.674264
0.916800 2.669403
0.917000 2.664533
0.917200 2.659655
0.917400 2.654770
0.917600 2.649877
0.917800 2.644975
0.918000 2.640067
0.918200 2.635150
0.918400 2.630227
0.918600 2.625295
0.918800 2.620357
0.919000 2.615411
0.919200 2.610458
0.919400 2.605498
0.919600 2.600532
0.919800 2.595558
0.920000 2.590577
0.920200 2.585590
0.920400 2.580596
0.920600 2.575596
0.920800 2.570589
0.921000 2.565576
0.921200 2.560557
0.921400 2.555532
0.921600 2.550500
0.921800 2.545463
0.922000 2.540419
0.922200 2.535370
0.922400 2.530315
0.922600 2.525255
0.922800 2.520189
0.923000 2.515117
0.923200 2.510040
0.923400 2.504958
0.923600 2.499871
0.923800 2.494779
0.924000 2.489681
0.924200 2.484579
0.924400 2.479472
0.924600 2.474360
0.924800 2.469244
0.925000 2.464123
0.925200 2.458998
0.925400 2.453868
0.925600 2.448734
0.925800 2.443596
0.926000 2.438454
0.926200 2.433308
0.926400 2.428158
0.926600 2.423004
0.926800 2.417847
0.927000 2.412685
0.927200 2.407521
0.927400 2.402353
0.927600 2.397181
0.927800 2.392007
0.928000 2.386829
0.928200 2.381648
0.928400 2.376464
0.928600 2.371278
0.928800 2.366088
0.929000 2.360896
0.929200 2.355702
0.929400 2.350505
0.929600 2.345305
0.929800 2.340103
0.930000 2.334899
0.930200 2.329693
0.930400 2.324485
0.930600 2.319275
0.930800 2.314063
0.931000 2.308850
0.931200 2.303634
0.931400 2.298418
0.931600 2.293200
0.931800 2.287980
0.932000 2.282759
0.932200 2.277538
0.932400 2.272315
0.932600 2.267091
0.932800 2.261866
0.933000 2.256641
0.933200 2.251415
0.933400 2.246188
0.933600 2.240961
0.933800 2.235733
0.934000 2.230506
0.934200 2.225278
0.934400 2.220050
0.934600 2.214822
0.934800 2.209594
0.935000 2.204366
0.935200 2.199139
0.935400 2.193912
0.935600 2.188686
0.935800 2.183460
0.936000 2.178235
0.936200 2.173011
0.936400 2.167788
0.936600 2.162566
0.936800 2.157345
0.937000 2.152125
0.937200 2.146907
0.937400 2.141690
0.937600 2.136475
0.937800 2.131261
0.938000 2.126049
0.938200 2.120838
0.938400 2.115630
0.938600 2.110424
0.938800 2.105220
0.939000 2.100018
0.939200 2.094819
0.939400 2.089622
0.939600 2.084427
0.939800 2.079236
0.940000 2.074047
0.940200 2.068861
0.940400 2.063678
0.940600 2.058498
0.940800 2.053321
0.941000 2.048147
0.941200 2.042977
0.941400 2.037811
0.941600 2.032648
0.941800 2.027489
0.942000 2.022333
0.942200 2.017182
0.942400 2.012035
0.942600 2.006891
0.942800 2.001752
0.943000 1.996618
0.943200 1.991488
0.943400 1.986362
0.943600 1.981241
0.943800 1.976125
0.944000 1.971014
0.944200 1.965908
0.944400 1.960807
0.944600 1.955712
0.944800 1.950622
0.945000 1.945537
0.945200 1.940458
0.945400 1.935384
0.945600 1.930316
0.945800 1.925254
0.946000 1.920199
0.946200 1.915149
0.946400 1.910106
0.946600 1.905069
0.946800 1.900038
0.947000 1.895014
0.947200 1.889997
0.947400 1.884986
0.947600 1.879983
0.947800 1.874986
0.948000 1.869997
0.948200 1.865015
0.948400 1.860041
0.948600 1.855074
0.948800 1.850114
0.949000 1.845162
0.949200 1.840219
0.949400 1.835283
0.949600 1.830355
0.949800 1.825436
0.950000 1.820524
0.950200 1.815622
0.950400 1.810727
0.950600 1.805842
0.950800 1.800965
0.951000 1.796098
0.951200 1.791239
0.951400 1.786390
0.951600 1.781549
0.951800 1.776719
0.952000 1.771897
0.952200 1.767086
0.952400 1.762284
0.952600 1.757492
0.952800 1.752710
0.953000 1.747939
0.953200 1.743177
0.953400 1.738426
0.953600 1.733686
0.953800 1.728956
0.954000 1.724237
0.954200 1.719529
0.954400 1.714831
0.954600 1.710145
0.954800 1.705471
0.955000 1.700807
0.955200 1.696156
0.955400 1.691516
0.955600 1.686887
0.955800 1.682271
0.956000 1.677666
0.956200 1.673074
0.956400 1.668494
0.956600 1.663927
0.956800 1.659372
0.957000 1.654830
0.957200 1.650300
0.957400 1.645784
0.957600 1.641281
0.957800 1.636790
0.958000 1.632314
0.958200 1.627850
0.958400 1.623401
0.958600 1.618965
0.958800 1.614543
0.959000 1.610134
0.959200 1.605741
0.959400 1.601361
0.959600 1.596996
0.959800 1.592645
0.960000 1.588309
0.960200 1.583988
0.960400 1.579682
0.960600 1.575390
0.960800 1.571115
0.961000 1.566854
0.961200 1.562609
0.961400 1.558379
0.961600 1.554166
0.961800 1.549968
0.962000 1.545786
0.962200 1.541621
0.962400 1.537472
0.962600 1.533339
0.962800 1.529223
0.963000 1.525124
0.963200 1.521041
0.963400 1.516976
0.963600 1.512928
0.963800 1.508897
0.964000 1.504883
0.964200 1.500887
0.964400 1.496909
0.964600 1.492949
0.964800 1.489007
0.965000 1.485082
0.965200 1.481177
0.965400 1.477289
0.965600 1.473420
0.965800 1.469570
0.966000 1.465739
0.966200 1.461927
0.966400 1.458134
0.966600 1.454360
0.966800 1.450606
0.967000 1.446871
0.967200 1.443156
0.967400 1.439461
0.967600 1.435786
0.967800 1.432131
0.968000 1.428497
0.968200 1.424883
0.968400 1.421289
0.968600 1.417716
0.968800 1.414165
0.969000 1.410634
0.969200 1.407124
0.969400 1.403636
0.969600 1.400169
0.969800 1.396724
0.970000 1.393301
0.970200 1.389899
0.970400 1.386520
0.970600 1.383162
0.970800 1.379828
0.971000 1.376515
0.971200 1.373226
0.971400 1.369959
0.971600 1.366715
0.971800 1.363494
0.972000 1.360296
0.972200 1.357122
0.972400 1.353971
0.972600 1.350844
0.972800 1.347741
0.973000 1.344662
0.973200 1.341607
0.973400 1.338576
0.973600 1.335569
0.973800 1.332587
0.974000 1.329630
0.974200 1.326698
0.974400 1.323790
0.974600 1.320908
0.974800 1.318051
0.975000 1.315219
0.975200 1.312413
0.975400 1.309633
0.975600 1.306879
0.975800 1.304150
0.976000 1.301448
0.976200 1.298772
0.976400 1.296122
0.976600 1.293499
0.976800 1.290903
0.977000 1.288334
0.977200 1.285791
0.977400 1.283276
0.977600 1.280788
0.977800 1.278327
0.978000 1.275894
0.978200 1.273489
0.978400 1.271111
0.978600 1.268762
0.978800 1.266440
0.979000 1.264147
0.979200 1.261882
0.979400 1.259646
0.979600 1.257439
0.979800 1.255260
0.980000 1.253110
0.980200 1.250989
0.980400 1.248898
0.980600 1.246836
0.980800 1.244803
0.981000 1.242800
0.981200 1.240826
0.981400 1.238883
0.981600 1.236969
0.981800 1.235086
0.982000 1.233233
0.982200 1.231410
0.982400 1.229618
0.982600 1.227856
0.982800 1.226125
0.983000 1.224425
0.983200 1.222756
0.983400 1.221118
0.983600 1.219512
0.983800 1.217937
0.984000 1.216393
0.984200 1.214881
0.984400 1.213401
0.984600 1.211952
0.984800 1.210536
0.985000 1.209151
0.985200 1.207799
0.985400 1.206479
0.985600 1.205192
0.985800 1.203937
0.986000 1.202714
0.986200 1.201525
0.986400 1.200368
0.986600 1.199244
0.986800 1.198154
0.987000 1.197096
0.987200 1.196072
0.987400 1.195081
0.987600 1.194124
0.987800 1.193200
0.988000 1.192310
0.988200 1.191454
0.988400 1.190632
0.988600 1.189843
0.988800 1.189089
0.989000 1.188369
0.989200 1.187683
0.989400 1.187031
0.989600 1.186414
0.989800 1.185831
0.990000 1.185283
0.990200 1.184770
0.990400 1.184291
0.990600 1.183847
0.990800 1.183438
0.991000 1.183064
0.991200 1.182725
0.991400 1.182421
0.991600 1.182152
0.991800 1.181919
0.992000 1.181721
0.992200 1.181558
0.992400 1.181431
0.992600 1.181339
0.992800 1.181283
0.993000 1.181262
0.993200 1.181277
0.993400 1.181328
0.993600 1.181415
0.993800 1.181537
0.994000 1.181695
0.994200 1.181890
0.994400 1.182120
0.994600 1.182386
0.994800 1.182688
0.995000 1.183026
0.995200 1.183401
0.995400 1.183811
0.995600 1.184258
0.995800 1.184741
0.996000 1.185260
0.996200 1.185816
0.996400 1.186408
0.996600 1.187036
0.996800 1.187700
0.997000 1.188401
0.997200 1.189138
0.997400 1.189911
0.997600 1.190721
0.997800 1.191567
0.998000 1.192449
0.998200 1.193368
0.998400 1.194323
0.998600 1.195315
0.998800 1.196343
0.999000 1.197407
0.999200 1.198508
0.999400 1.199644
0.999600 1.200817
0.999800 1.202027
