0.000000 0.668092
0.000200 0.668796
0.000400 0.669500
0.000600 0.670203
0.000800 0.670906
0.001000 0.671608
0.001200 0.672309
0.001400 0.673009
0.001600 0.673708
0.001800 0.674407
0.002000 0.675105
0.002200 0.675803
0.002400 0.676499
0.002600 0.677195
0.002800 0.677890
0.003000 0.678584
0.003200 0.679277
0.003400 0.679970
0.003600 0.680662
0.003800 0.681352
0.004000 0.682043
0.004200 0.682732
0.004400 0.683420
0.004600 0.684108
0.004800 0.684795
0.005000 0.685481
0.005200 0.686166
0.005400 0.686850
0.005600 0.687533
0.005800 0.688216
0.006000 0.688897
0.006200 0.689578
0.006400 0.690258
0.006600 0.690937
0.006800 0.691615
0.007000 0.692292
0.007200 0.692968
0.007400 0.693643
0.007600 0.694317
0.007800 0.694991
0.008000 0.695663
0.008200 0.696335
0.008400 0.697005
0.008600 0.697675
0.008800 0.698343
0.009000 0.699011
0.009200 0.699678
0.009400 0.700343
0.009600 0.701008
0.009800 0.701672
0.010000 0.702334
0.010200 0.702996
0.010400 0.703657
0.010600 0.704316
0.010800 0.704975
0.011000 0.705633
0.011200 0.706289
0.011400 0.706945
0.011600 0.707599
0.011800 0.708253
0.012000 0.708905
0.012200 0.709556
0.012400 0.710206
0.012600 0.710856
0.012800 0.711504
0.013000 0.712151
0.013200 0.712797
0.013400 0.713441
0.013600 0.714085
0.013800 0.714728
0.014000 0.715369
0.014200 0.716010
0.014400 0.716649
0.014600 0.717287
0.014800 0.717924
0.015000 0.718560
0.015200 0.719195
0.015400 0.719828
0.015600 0.720461
0.015800 0.721092
0.016000 0.721722
0.016200 0.722351
0.016400 0.722979
0.016600 0.723605
0.016800 0.724231
0.017000 0.724855
0.017200 0.725478
0.017400 0.726100
0.017600 0.726720
0.017800 0.727340
0.018000 0.727958
0.018200 0.728575
0.018400 0.729191
0.018600 0.729805
0.018800 0.730419
0.019000 0.731031
0.019200 0.731641
0.019400 0.732251
0.019600 0.732859
0.019800 0.733466
0.020000 0.734072
0.020200 0.734677
0.020400 0.735280
0.020600 0.735882
0.020800 0.736482
0.021000 0.737082
0.021200 0.737680
0.021400 0.738277
0.021600 0.738872
0.021800 0.739466
0.022000 0.740059
0.022200 0.740651
0.022400 0.741241
0.022600 0.741830
0.022800 0.742417
0.023000 0.743004
0.023200 0.743589
0.023400 0.744172
0.023600 0.744754
0.023800 0.745335
0.024000 0.745915
0.024200 0.746493
0.024400 0.747070
0.024600 0.747645
0.024800 0.748219
0.025000 0.748792
0.025200 0.749363
0.025400 0.749933
0.025600 0.750501
0.025800 0.751068
0.026000 0.751634
0.026200 0.752198
0.026400 0.752761
0.026600 0.753322
0.026800 0.753882
0.027000 0.754441
0.027200 0.754998
0.027400 0.755554
0.027600 0.756108
0.027800 0.756661
0.028000 0.757212
0.028200 0.757762
0.028400 0.758310
0.028600 0.758857
0.028800 0.759403
0.029000 0.759947
0.029200 0.760490
0.029400 0.761031
0.029600 0.761570
0.029800 0.762109
0.030000 0.762645
0.030200 0.763180
0.030400 0.763714
0.030600 0.764246
0.030800 0.764777
0.031000 0.765306
0.031200 0.765834
0.031400 0.766360
0.031600 0.766884
0.031800 0.767408
0.032000 0.767929
0.032200 0.768449
0.032400 0.768968
0.032600 0.769484
0.032800 0.770000
0.033000 0.770514
0.033200 0.771026
0.033400 0.771537
0.033600 0.772046
0.033800 0.772553
0.034000 0.773059
0.034200 0.773564
0.034400 0.774067
0.034600 0.774568
0.034800 0.775068
0.035000 0.775566
0.035200 0.776062
0.035400 0.776557
0.035600 0.777051
0.035800 0.777542
0.036000 0.778032
0.036200 0.778521
0.036400 0.779008
0.036600 0.779493
0.036800 0.779977
0.037000 0.780459
0.037200 0.780939
0.037400 0.781418
0.037600 0.781895
0.037800 0.782370
0.038000 0.782844
0.038200 0.783316
0.038400 0.783787
0.038600 0.784256
0.038800 0.784723
0.039000 0.785188
0.039200 0.785652
0.039400 0.786114
0.039600 0.786575
0.039800 0.787034
0.040000 0.787491
0.040200 0.787946
0.040400 0.788400
0.040600 0.788852
0.040800 0.789303
0.041000 0.789751
0.041200 0.790198
0.041400 0.790644
0.041600 0.791087
0.041800 0.791529
0.042000 0.791969
0.042200 0.792408
0.042400 0.792845
0.042600 0.793280
0.042800 0.793713
0.043000 0.794144
0.043200 0.794574
0.043400 0.795002
0.043600 0.795429
0.043800 0.795853
0.044000 0.796276
0.044200 0.796697
0.044400 0.797116
0.044600 0.797534
0.044800 0.797950
0.045000 0.798364
0.045200 0.798776
0.045400 0.799187
0.045600 0.799595
0.045800 0.800002
0.046000 0.800408
0.046200 0.800811
0.046400 0.801213
0.046600 0.801612
0.046800 0.802010
0.047000 0.802407
0.047200 0.802801
0.047400 0.803194
0.047600 0.803585
0.047800 0.803974
0.048000 0.804361
0.048200 0.804746
0.048400 0.805130
0.048600 0.805512
0.048800 0.805892
0.049000 0.806270
0.049200 0.806646
0.049400 0.807021
0.049600 0.807393
0.049800 0.807764
0.050000 0.808133
0.050200 0.808500
0.050400 0.808866
0.050600 0.809229
0.050800 0.809591
0.051000 0.809950
0.051200 0.810308
0.051400 0.810664
0.051600 0.811018
0.051800 0.811371
0.052000 0.811721
0.052200 0.812070
0.052400 0.812416
0.052600 0.812761
0.052800 0.813104
0.053000 0.813445
0.053200 0.813785
0.053400 0.814122
0.053600 0.814457
0.053800 0.814791
0.054000 0.815122
0.054200 0.815452
0.054400 0.815780
0.054600 0.816106
0.054800 0.816430
0.055000 0.816752
0.055200 0.817073
0.055400 0.817391
0.055600 0.817707
0.055800 0.818022
0.056000 0.818334
0.056200 0.818645
0.056400 0.818954
0.056600 0.819261
0.056800 0.819566
0.057000 0.819869
0.057200 0.820170
0.057400 0.820469
0.057600 0.820766
0.057800 0.821061
0.058000 0.821355
0.058200 0.821646
0.058400 0.821936
0.058600 0.822223
0.058800 0.822509
0.059000 0.822792
0.059200 0.823074
0.059400 0.823354
0.059600 0.823631
0.059800 0.823907
0.060000 0.824181
0.060200 0.824453
0.060400 0.824723
0.060600 0.824991
0.060800 0.825257
0.061000 0.825521
0.061200 0.825783
0.061400 0.826043
0.061600 0.826301
0.061800 0.826557
0.062000 0.826811
0.062200 0.827063
0.062400 0.827313
0.062600 0.827561
0.062800 0.827807
0.063000 0.828052
0.063200 0.828294
0.063400 0.828534
0.063600 0.828772
0.063800 0.829008
0.064000 0.829243
0.064200 0.829475
0.064400 0.829705
0.064600 0.829933
0.064800 0.830160
0.065000 0.830384
0.065200 0.830606
0.065400 0.830826
0.065600 0.831044
0.065800 0.831260
0.066000 0.831474
0.066200 0.831687
0.066400 0.831897
0.066600 0.832105
0.066800 0.832311
0.067000 0.832515
0.067200 0.832717
0.067400 0.832917
0.067600 0.833115
0.067800 0.833311
0.068000 0.833505
0.068200 0.833696
0.068400 0.833886
0.068600 0.834074
0.068800 0.834260
0.069000 0.834444
0.069200 0.834625
0.069400 0.834805
0.069600 0.834982
0.069800 0.835158
0.070000 0.835331
0.070200 0.835503
0.070400 0.835672
0.070600 0.835840
0.070800 0.836005
0.071000 0.836168
0.071200 0.836329
0.071400 0.836489
0.071600 0.836646
0.071800 0.836801
0.072000 0.836954
0.072200 0.837105
0.072400 0.837254
0.072600 0.837400
0.072800 0.837545
0.073000 0.837688
0.073200 0.837828
0.073400 0.837967
0.073600 0.838103
0.073800 0.838238
0.074000 0.838370
0.074200 0.838500
0.074400 0.838629
0.074600 0.838755
0.074800 0.838879
0.075000 0.839001
0.075200 0.839121
0.075400 0.839239
0.075600 0.839354
0.075800 0.839468
0.076000 0.839580
0.076200 0.839689
0.076400 0.839797
0.076600 0.839902
0.076800 0.840005
0.077000 0.840106
0.077200 0.840206
0.077400 0.840303
0.077600 0.840398
0.077800 0.840490
0.078000 0.840581
0.078200 0.840670
0.078400 0.840757
0.078600 0.840841
0.078800 0.840924
0.079000 0.841004
0.079200 0.841082
0.079400 0.841158
0.079600 0.841232
0.079800 0.841304
0.080000 0.841374
0.080200 0.841442
0.080400 0.841508
0.080600 0.841571
0.080800 0.841633
0.081000 0.841692
0.081200 0.841750
0.081400 0.841805
0.081600 0.841858
0.081800 0.841909
0.082000 0.841958
0.082200 0.842005
0.082400 0.842050
0.082600 0.842092
0.082800 0.842133
0.083000 0.842171
0.083200 0.842208
0.083400 0.842242
0.083600 0.842274
0.083800 0.842304
0.084000 0.842332
0.084200 0.842358
0.084400 0.842382
0.084600 0.842404
0.084800 0.842423
0.085000 0.842441
0.085200 0.842456
0.085400 0.842469
0.085600 0.842480
0.085800 0.842490
0.086000 0.842496
0.086200 0.842501
0.086400 0.842504
0.086600 0.842505
0.086800 0.842503
0.087000 0.842500
0.087200 0.842494
0.087400 0.842486
0.087600 0.842477
0.087800 0.842465
0.088000 0.842451
0.088200 0.842434
0.088400 0.842416
0.088600 0.842396
0.088800 0.842373
0.089000 0.842349
0.089200 0.842322
0.089400 0.842294
0.089600 0.842263
0.089800 0.842230
0.090000 0.842195
0.090200 0.842158
0.090400 0.842118
0.090600 0.842077
0.090800 0.842034
0.091000 0.841988
0.091200 0.841940
0.091400 0.841891
0.091600 0.841839
0.091800 0.841785
0.092000 0.841729
0.092200 0.841671
0.092400 0.841611
0.092600 0.841548
0.092800 0.841484
0.093000 0.841417
0.093200 0.841349
0.093400 0.841278
0.093600 0.841205
0.093800 0.841131
0.094000 0.841054
0.094200 0.840975
0.094400 0.840894
0.094600 0.840810
0.094800 0.840725
0.095000 0.840638
0.095200 0.840548
0.095400 0.840457
0.095600 0.840363
0.095800 0.840267
0.096000 0.840169
0.096200 0.840070
0.096400 0.839968
0.096600 0.839863
0.096800 0.839757
0.097000 0.839649
0.097200 0.839539
0.097400 0.839426
0.097600 0.839312
0.097800 0.839195
0.098000 0.839077
0.098200 0.838956
0.098400 0.838833
0.098600 0.838708
0.098800 0.838582
0.099000 0.838453
0.099200 0.838322
0.099400 0.838188
0.099600 0.838053
0.099800 0.837916
0.100000 0.837777
0.100200 0.837635
0.100400 0.837492
0.100600 0.837346
0.100800 0.837199
0.101000 0.837049
0.101200 0.836897
0.101400 0.836744
0.101600 0.836588
0.101800 0.836430
0.102000 0.836270
0.102200 0.836108
0.102400 0.835944
0.102600 0.835778
0.102800 0.835610
0.103000 0.835439
0.103200 0.835267
0.103400 0.835093
0.103600 0.834917
0.103800 0.834738
0.104000 0.834558
0.104200 0.834375
0.104400 0.834191
0.104600 0.834004
0.104800 0.833816
0.105000 0.833625
0.105200 0.833432
0.105400 0.833238
0.105600 0.833041
0.105800 0.832842
0.106000 0.832641
0.106200 0.832439
0.106400 0.832234
0.106600 0.832027
0.106800 0.831818
0.107000 0.831607
0.107200 0.831394
0.107400 0.831179
0.107600 0.830962
0.107800 0.830743
0.108000 0.830522
0.108200 0.830299
0.108400 0.830074
0.108600 0.829847
0.108800 0.829618
0.109000 0.829387
0.109200 0.829154
0.109400 0.828919
0.109600 0.828682
0.109800 0.828443
0.110000 0.828202
0.110200 0.827959
0.110400 0.827714
0.110600 0.827467
0.110800 0.827218
0.111000 0.826967
0.111200 0.826714
0.111400 0.826459
0.111600 0.826202
0.111800 0.825943
0.112000 0.825682
0.112200 0.825420
0.112400 0.825155
0.112600 0.824888
0.112800 0.824619
0.113000 0.824348
0.113200 0.824076
0.113400 0.823801
0.113600 0.823524
0.113800 0.823246
0.114000 0.822965
0.114200 0.822683
0.114400 0.822398
0.114600 0.822112
0.114800 0.821823
0.115000 0.821533
0.115200 0.821241
0.115400 0.820947
0.115600 0.820650
0.115800 0.820352
0.116000 0.820052
0.116200 0.819750
0.116400 0.819447
0.116600 0.819141
0.116800 0.818833
0.117000 0.818523
0.117200 0.818212
0.117400 0.817898
0.117600 0.817583
0.117800 0.817266
0.118000 0.816946
0.118200 0.816625
0.118400 0.816302
0.118600 0.815977
0.118800 0.815650
0.119000 0.815321
0.119200 0.814991
0.119400 0.814658
0.119600 0.814324
0.119800 0.813987
0.120000 0.813649
0.120200 0.813309
0.120400 0.812967
0.120600 0.812623
0.120800 0.812277
0.121000 0.811930
0.121200 0.811580
0.121400 0.811229
0.121600 0.810876
0.121800 0.810520
0.122000 0.810163
0.122200 0.809805
0.122400 0.809444
0.122600 0.809081
0.122800 0.808717
0.123000 0.808351
0.123200 0.807982
0.123400 0.807613
0.123600 0.807241
0.123800 0.806867
0.124000 0.806492
0.124200 0.806114
0.124400 0.805735
0.124600 0.805354
0.124800 0.804971
0.125000 0.804587
0.125200 0.804200
0.125400 0.803812
0.125600 0.803422
0.125800 0.803030
0.126000 0.802637
0.126200 0.802241
0.126400 0.801844
0.126600 0.801445
0.126800 0.801044
0.127000 0.800641
0.127200 0.800237
0.127400 0.799831
0.127600 0.799423
0.127800 0.799013
0.128000 0.798601
0.128200 0.798188
0.128400 0.797773
0.128600 0.797356
0.128800 0.796937
0.129000 0.796517
0.129200 0.796095
0.129400 0.795671
0.129600 0.795245
0.129800 0.794818
0.130000 0.794388
0.130200 0.793958
0.130400 0.793525
0.130600 0.793091
0.130800 0.792654
0.131000 0.792217
0.131200 0.791777
0.131400 0.791336
0.131600 0.790893
0.131800 0.790448
0.132000 0.790001
0.132200 0.789553
0.132400 0.789103
0.132600 0.788652
0.132800 0.788199
0.133000 0.787744
0.133200 0.787287
0.133400 0.786829
0.133600 0.786369
0.133800 0.785907
0.134000 0.785444
0.134200 0.784979
0.134400 0.784512
0.134600 0.784044
0.134800 0.783573
0.135000 0.783102
0.135200 0.782628
0.135400 0.782153
0.135600 0.781677
0.135800 0.781198
0.136000 0.780718
0.136200 0.780237
0.136400 0.779754
0.136600 0.779269
0.136800 0.778782
0.137000 0.778294
0.137200 0.777804
0.137400 0.777313
0.137600 0.776820
0.137800 0.776326
0.138000 0.775829
0.138200 0.775332
0.138400 0.774832
0.138600 0.774331
0.138800 0.773829
0.139000 0.773325
0.139200 0.772819
0.139400 0.772312
0.139600 0.771803
0.139800 0.771292
0.140000 0.770780
0.140200 0.770267
0.140400 0.769752
0.140600 0.769235
0.140800 0.768717
0.141000 0.768197
0.141200 0.767676
0.141400 0.767153
0.141600 0.766629
0.141800 0.766103
0.142000 0.765575
0.142200 0.765047
0.142400 0.764516
0.142600 0.763984
0.142800 0.763451
0.143000 0.762916
0.143200 0.762379
0.143400 0.761841
0.143600 0.761302
0.143800 0.760761
0.144000 0.760219
0.144200 0.759675
0.144400 0.759129
0.144600 0.758583
0.144800 0.758034
0.145000 0.757485
0.145200 0.756933
0.145400 0.756381
0.145600 0.755827
0.145800 0.755271
0.146000 0.754714
0.146200 0.754156
0.146400 0.753596
0.146600 0.753035
0.146800 0.752472
0.147000 0.751908
0.147200 0.751343
0.147400 0.750776
0.147600 0.750207
0.147800 0.749638
0.148000 0.749067
0.148200 0.748494
0.148400 0.747921
0.148600 0.747345
0.148800 0.746769
0.149000 0.746191
0.149200 0.745612
0.149400 0.745031
0.149600 0.744449
0.149800 0.743866
0.150000 0.743281
0.150200 0.742695
0.150400 0.742108
0.150600 0.741520
0.150800 0.740930
0.151000 0.740338
0.151200 0.739746
0.151400 0.739152
0.151600 0.738557
0.151800 0.737961
0.152000 0.737363
0.152200 0.736764
0.152400 0.736164
0.152600 0.735562
0.152800 0.734959
0.153000 0.734355
0.153200 0.733750
0.153400 0.733144
0.153600 0.732536
0.153800 0.731927
0.154000 0.731317
0.154200 0.730705
0.154400 0.730093
0.154600 0.729479
0.154800 0.728864
0.155000 0.728248
0.155200 0.727630
0.155400 0.727012
0.155600 0.726392
0.155800 0.725771
0.156000 0.725149
0.156200 0.724525
0.156400 0.723901
0.156600 0.723275
0.156800 0.722649
0.157000 0.722021
0.157200 0.721392
0.157400 0.720762
0.157600 0.720131
0.157800 0.719498
0.158000 0.718865
0.158200 0.718230
0.158400 0.717595
0.158600 0.716958
0.158800 0.716320
0.159000 0.715682
0.159200 0.715042
0.159400 0.714401
0.159600 0.713759
0.159800 0.713116
0.160000 0.712472
0.160200 0.711827
0.160400 0.711181
0.160600 0.710534
0.160800 0.709886
0.161000 0.709237
0.161200 0.708587
0.161400 0.707935
0.161600 0.707283
0.161800 0.706631
0.162000 0.705977
0.162200 0.705322
0.162400 0.704666
0.162600 0.704009
0.162800 0.703352
0.163000 0.702693
0.163200 0.702034
0.163400 0.701373
0.163600 0.700712
0.163800 0.700050
0.164000 0.699387
0.164200 0.698723
0.164400 0.698058
0.164600 0.697393
0.164800 0.696726
0.165000 0.696059
0.165200 0.695391
0.165400 0.694722
0.165600 0.694052
0.165800 0.693382
0.166000 0.692711
0.166200 0.692039
0.166400 0.691366
0.166600 0.690692
0.166800 0.690018
0.167000 0.689343
0.167200 0.688667
0.167400 0.687991
0.167600 0.687313
0.167800 0.686636
0.168000 0.685957
0.168200 0.685278
0.168400 0.684598
0.168600 0.683917
0.168800 0.683236
0.169000 0.682554
0.169200 0.681872
0.169400 0.681189
0.169600 0.680505
0.169800 0.679821
0.170000 0.679136
0.170200 0.678450
0.170400 0.677764
0.170600 0.677078
0.170800 0.676391
0.171000 0.675703
0.171200 0.675015
0.171400 0.674326
0.171600 0.673637
0.171800 0.672948
0.172000 0.672258
0.172200 0.671567
0.172400 0.670876
0.172600 0.670185
0.172800 0.669493
0.173000 0.668801
0.173200 0.668108
0.173400 0.667415
0.173600 0.666722
0.173800 0.666029
0.174000 0.665335
0.174200 0.664640
0.174400 0.663946
0.174600 0.663251
0.174800 0.662556
0.175000 0.661860
0.175200 0.661164
0.175400 0.660468
0.175600 0.659772
0.175800 0.659076
0.176000 0.658379
0.176200 0.657683
0.176400 0.656986
0.176600 0.656289
0.176800 0.655591
0.177000 0.654894
0.177200 0.654197
0.177400 0.653499
0.177600 0.652801
0.177800 0.652104
0.178000 0.651406
0.178200 0.650708
0.178400 0.650011
0.178600 0.649313
0.178800 0.648615
0.179000 0.647918
0.179200 0.647220
0.179400 0.646523
0.179600 0.645825
0.179800 0.645128
0.180000 0.644431
0.180200 0.643734
0.180400 0.643037
0.180600 0.642340
0.180800 0.641644
0.181000 0.640948
0.181200 0.640252
0.181400 0.639556
0.181600 0.638861
0.181800 0.638166
0.182000 0.637471
0.182200 0.636776
0.182400 0.636082
0.182600 0.635389
0.182800 0.634695
0.183000 0.634003
0.183200 0.633310
0.183400 0.632618
0.183600 0.631927
0.183800 0.631236
0.184000 0.630545
0.184200 0.629855
0.184400 0.629166
0.184600 0.628477
0.184800 0.627789
0.185000 0.627102
0.185200 0.626415
0.185400 0.625729
0.185600 0.625044
0.185800 0.624359
0.186000 0.623675
0.186200 0.622992
0.186400 0.622310
0.186600 0.621629
0.186800 0.620948
0.187000 0.620268
0.187200 0.619590
0.187400 0.618912
0.187600 0.618235
0.187800 0.617559
0.188000 0.616884
0.188200 0.616211
0.188400 0.615538
0.188600 0.614866
0.188800 0.614196
0.189000 0.613526
0.189200 0.612858
0.189400 0.612191
0.189600 0.611526
0.189800 0.610861
0.190000 0.610198
0.190200 0.609536
0.190400 0.608876
0.190600 0.608217
0.190800 0.607559
0.191000 0.606903
0.191200 0.606248
0.191400 0.605595
0.191600 0.604943
0.191800 0.604293
0.192000 0.603645
0.192200 0.602998
0.192400 0.602353
0.192600 0.601709
0.192800 0.601067
0.193000 0.600427
0.193200 0.599789
0.193400 0.599153
0.193600 0.598518
0.193800 0.597886
0.194000 0.597255
0.194200 0.596626
0.194400 0.596000
0.194600 0.595375
0.194800 0.594753
0.195000 0.594132
0.195200 0.593514
0.195400 0.592898
0.195600 0.592284
0.195800 0.591672
0.196000 0.591063
0.196200 0.590456
0.196400 0.589852
0.196600 0.589249
0.196800 0.588650
0.197000 0.588053
0.197200 0.587458
0.197400 0.586866
0.197600 0.586276
0.197800 0.585690
0.198000 0.585106
0.198200 0.584524
0.198400 0.583946
0.198600 0.583370
0.198800 0.582797
0.199000 0.582227
0.199200 0.581660
0.199400 0.581096
0.199600 0.580535
0.199800 0.579977
0.200000 0.579423
0.200200 0.578871
0.200400 0.578323
0.200600 0.577778
0.200800 0.577236
0.201000 0.576697
0.201200 0.576162
0.201400 0.575631
0.201600 0.575103
0.201800 0.574578
0.202000 0.574057
0.202200 0.573540
0.202400 0.573027
0.202600 0.572517
0.202800 0.572011
0.203000 0.571509
0.203200 0.571010
0.203400 0.570516
0.203600 0.570025
0.203800 0.569539
0.204000 0.569057
0.204200 0.568579
0.204400 0.568105
0.204600 0.567635
0.204800 0.567170
0.205000 0.566709
0.205200 0.566252
0.205400 0.565800
0.205600 0.565353
0.205800 0.564909
0.206000 0.564471
0.206200 0.564037
0.206400 0.563608
0.206600 0.563184
0.206800 0.562765
0.207000 0.562350
0.207200 0.561941
0.207400 0.561536
0.207600 0.561137
0.207800 0.560742
0.208000 0.560353
0.208200 0.559969
0.208400 0.559591
0.208600 0.559218
0.208800 0.558850
0.209000 0.558488
0.209200 0.558131
0.209400 0.557780
0.209600 0.557434
0.209800 0.557094
0.210000 0.556760
0.210200 0.556432
0.210400 0.556110
0.210600 0.555794
0.210800 0.555484
0.211000 0.555180
0.211200 0.554882
0.211400 0.554590
0.211600 0.554304
0.211800 0.554025
0.212000 0.553753
0.212200 0.553486
0.212400 0.553227
0.212600 0.552974
0.212800 0.552727
0.213000 0.552488
0.213200 0.552255
0.213400 0.552029
0.213600 0.551810
0.213800 0.551598
0.214000 0.551393
0.214200 0.551195
0.214400 0.551004
0.214600 0.550821
0.214800 0.550645
0.215000 0.550476
0.215200 0.550315
0.215400 0.550161
0.215600 0.550015
0.215800 0.549877
0.216000 0.549746
0.216200 0.549624
0.216400 0.549509
0.216600 0.549402
0.216800 0.549303
0.217000 0.549212
0.217200 0.549129
0.217400 0.549055
0.217600 0.548989
0.217800 0.548931
0.218000 0.548882
0.218200 0.548841
0.218400 0.548809
0.218600 0.548785
0.218800 0.548770
0.219000 0.548764
0.219200 0.548767
0.219400 0.548779
0.219600 0.548799
0.219800 0.548829
0.220000 0.548868
0.220200 0.548917
0.220400 0.548974
0.220600 0.549041
0.220800 0.549117
0.221000 0.549203
0.221200 0.549299
0.221400 0.549404
0.221600 0.549519
0.221800 0.549643
0.222000 0.549778
0.222200 0.549922
0.222400 0.550077
0.222600 0.550241
0.222800 0.550416
0.223000 0.550601
0.223200 0.550796
0.223400 0.551002
0.223600 0.551218
0.223800 0.551444
0.224000 0.551681
0.224200 0.551929
0.224400 0.552188
0.224600 0.552457
0.224800 0.552738
0.225000 0.553029
0.225200 0.553331
0.225400 0.553644
0.225600 0.553969
0.225800 0.554304
0.226000 0.554651
0.226200 0.555010
0.226400 0.555380
0.226600 0.555761
0.226800 0.556154
0.227000 0.556558
0.227200 0.556975
0.227400 0.557403
0.227600 0.557843
0.227800 0.558295
0.228000 0.558758
0.228200 0.559234
0.228400 0.559722
0.228600 0.560222
0.228800 0.560735
0.229000 0.561260
0.229200 0.561797
0.229400 0.562347
0.229600 0.562909
0.229800 0.563483
0.230000 0.564071
0.230200 0.564671
0.230400 0.565284
0.230600 0.565910
0.230800 0.566548
0.231000 0.567200
0.231200 0.567865
0.231400 0.568542
0.231600 0.569233
0.231800 0.569937
0.232000 0.570655
0.232200 0.571386
0.232400 0.572130
0.232600 0.572887
0.232800 0.573658
0.233000 0.574443
0.233200 0.575241
0.233400 0.576053
0.233600 0.576879
0.233800 0.577718
0.234000 0.578572
0.234200 0.579439
0.234400 0.580320
0.234600 0.581215
0.234800 0.582124
0.235000 0.583048
0.235200 0.583985
0.235400 0.584937
0.235600 0.585903
0.235800 0.586883
0.236000 0.587878
0.236200 0.588887
0.236400 0.589910
0.236600 0.590948
0.236800 0.592000
0.237000 0.593067
0.237200 0.594149
0.237400 0.595245
0.237600 0.596356
0.237800 0.597482
0.238000 0.598622
0.238200 0.599778
0.238400 0.600948
0.238600 0.602133
0.238800 0.603333
0.239000 0.604548
0.239200 0.605778
0.239400 0.607022
0.239600 0.608282
0.239800 0.609557
0.240000 0.610847
0.240200 0.612153
0.240400 0.613473
0.240600 0.614809
0.240800 0.616160
0.241000 0.617526
0.241200 0.618907
0.241400 0.620303
0.241600 0.621715
0.241800 0.623142
0.242000 0.624585
0.242200 0.626043
0.242400 0.627516
0.242600 0.629005
0.242800 0.630509
0.243000 0.632028
0.243200 0.633563
0.243400 0.635113
0.243600 0.636679
0.243800 0.638260
0.244000 0.639856
0.244200 0.641468
0.244400 0.643096
0.244600 0.644739
0.244800 0.646397
0.245000 0.648071
0.245200 0.649760
0.245400 0.651465
0.245600 0.653185
0.245800 0.654920
0.246000 0.656671
0.246200 0.658438
0.246400 0.660219
0.246600 0.662016
0.246800 0.663829
0.247000 0.665657
0.247200 0.667500
0.247400 0.669358
0.247600 0.671232
0.247800 0.673121
0.248000 0.675026
0.248200 0.676945
0.248400 0.678880
0.248600 0.680830
0.248800 0.682795
0.249000 0.684775
0.249200 0.686770
0.249400 0.688780
0.249600 0.690806
0.249800 0.692846
0.250000 0.694901
0.250200 0.696971
0.250400 0.699056
0.250600 0.701156
0.250800 0.703270
0.251000 0.705399
0.251200 0.707543
0.251400 0.709701
0.251600 0.711874
0.251800 0.714062
0.252000 0.716264
0.252200 0.718480
0.252400 0.720711
0.252600 0.722955
0.252800 0.725214
0.253000 0.727488
0.253200 0.729775
0.253400 0.732076
0.253600 0.734391
0.253800 0.736720
0.254000 0.739063
0.254200 0.741419
0.254400 0.743789
0.254600 0.746173
0.254800 0.748570
0.255000 0.750981
0.255200 0.753404
0.255400 0.755841
0.255600 0.758291
0.255800 0.760754
0.256000 0.763231
0.256200 0.765719
0.256400 0.768221
0.256600 0.770735
0.256800 0.773262
0.257000 0.775801
0.257200 0.778353
0.257400 0.780917
0.257600 0.783493
0.257800 0.786081
0.258000 0.788681
0.258200 0.791293
0.258400 0.793916
0.258600 0.796551
0.258800 0.799197
0.259000 0.801855
0.259200 0.804524
0.259400 0.807204
0.259600 0.809895
0.259800 0.812597
0.260000 0.815310
0.260200 0.818033
0.260400 0.820766
0.260600 0.823510
0.260800 0.826264
0.261000 0.829028
0.261200 0.831802
0.261400 0.834586
0.261600 0.837379
0.261800 0.840182
0.262000 0.842994
0.262200 0.845815
0.262400 0.848645
0.262600 0.851484
0.262800 0.854332
0.263000 0.857188
0.263200 0.860053
0.263400 0.862926
0.263600 0.865807
0.263800 0.868696
0.264000 0.871593
0.264200 0.874497
0.264400 0.877409
0.264600 0.880327
0.264800 0.883253
0.265000 0.886186
0.265200 0.889126
0.265400 0.892072
0.265600 0.895024
0.265800 0.897983
0.266000 0.900948
0.266200 0.903918
0.266400 0.906894
0.266600 0.909875
0.266800 0.912862
0.267000 0.915854
0.267200 0.918851
0.267400 0.921852
0.267600 0.924858
0.267800 0.927868
0.268000 0.930882
0.268200 0.933900
0.268400 0.936922
0.268600 0.939947
0.268800 0.942976
0.269000 0.946008
0.269200 0.949042
0.269400 0.952079
0.269600 0.955119
0.269800 0.958161
0.270000 0.961205
0.270200 0.964251
0.270400 0.967298
0.270600 0.970347
0.270800 0.973397
0.271000 0.976448
0.271200 0.979499
0.271400 0.982552
0.271600 0.985604
0.271800 0.988657
0.272000 0.991709
0.272200 0.994761
0.272400 0.997813
0.272600 1.000863
0.272800 1.003913
0.273000 1.006961
0.273200 1.010008
0.273400 1.013053
0.273600 1.016096
0.273800 1.019137
0.274000 1.022175
0.274200 1.025211
0.274400 1.028244
0.274600 1.031274
0.274800 1.034300
0.275000 1.037323
0.275200 1.040341
0.275400 1.043356
0.275600 1.046366
0.275800 1.049372
0.276000 1.052373
0.276200 1.055369
0.276400 1.058360
0.276600 1.061345
0.276800 1.064324
0.277000 1.067297
0.277200 1.070264
0.277400 1.073224
0.277600 1.076177
0.277800 1.079124
0.278000 1.082063
0.278200 1.084995
0.278400 1.087919
0.278600 1.090835
0.278800 1.093742
0.279000 1.096641
0.279200 1.099532
0.279400 1.102413
0.279600 1.105285
0.279800 1.108147
0.280000 1.111000
0.280200 1.113843
0.280400 1.116675
0.280600 1.119497
0.280800 1.122308
0.281000 1.125108
0.281200 1.127897
0.281400 1.130674
0.281600 1.133440
0.281800 1.136193
0.282000 1.138935
0.282200 1.141663
0.282400 1.144379
0.282600 1.147082
0.282800 1.149772
0.283000 1.152448
0.283200 1.155110
0.283400 1.157759
0.283600 1.160393
0.283800 1.163013
0.284000 1.165617
0.284200 1.168207
0.284400 1.170782
0.284600 1.173341
0.284800 1.175885
0.285000 1.178412
0.285200 1.180923
0.285400 1.183418
0.285600 1.185896
0.285800 1.188357
0.286000 1.190801
0.286200 1.193228
0.286400 1.195637
0.286600 1.198028
0.286800 1.200401
0.287000 1.202755
0.287200 1.205091
0.287400 1.207409
0.287600 1.209707
0.287800 1.211986
0.288000 1.214245
0.288200 1.216484
0.288400 1.218704
0.288600 1.220903
0.288800 1.223082
0.289000 1.225241
0.289200 1.227378
0.289400 1.229495
0.289600 1.231590
0.289800 1.233663
0.290000 1.235715
0.290200 1.237745
0.290400 1.239753
0.290600 1.241738
0.290800 1.243701
0.291000 1.245641
0.291200 1.247558
0.291400 1.249452
0.291600 1.251323
0.291800 1.253170
0.292000 1.254993
0.292200 1.256792
0.292400 1.258567
0.292600 1.260318
0.292800 1.262044
0.293000 1.263745
0.293200 1.265421
0.293400 1.267073
0.293600 1.268699
0.293800 1.270299
0.294000 1.271874
0.294200 1.273423
0.294400 1.274946
0.294600 1.276443
0.294800 1.277914
0.295000 1.279358
0.295200 1.280775
0.295400 1.282166
0.295600 1.283530
0.295800 1.284866
0.296000 1.286176
0.296200 1.287458
0.296400 1.288712
0.296600 1.289939
0.296800 1.291138
0.297000 1.292309
0.297200 1.293452
0.297400 1.294567
0.297600 1.295654
0.297800 1.296712
0.298000 1.297741
0.298200 1.298742
0.298400 1.299714
0.298600 1.300658
0.298800 1.301572
0.299000 1.302458
0.299200 1.303314
0.299400 1.304141
0.299600 1.304939
0.299800 1.305707
0.300000 1.306446
0.300200 1.307156
0.300400 1.307836
0.300600 1.308486
0.300800 1.309107
0.301000 1.309698
0.301200 1.310260
0.301400 1.310791
0.301600 1.311293
0.301800 1.311766
0.302000 1.312208
0.302200 1.312621
0.302400 1.313003
0.302600 1.313357
0.302800 1.313680
0.303000 1.313974
0.303200 1.314238
0.303400 1.314472
0.303600 1.314677
0.303800 1.314852
0.304000 1.314998
0.304200 1.315115
0.304400 1.315202
0.304600 1.315260
0.304800 1.315289
0.305000 1.315289
0.305200 1.315260
0.305400 1.315203
0.305600 1.315117
0.305800 1.315002
0.306000 1.314860
0.306200 1.314689
0.306400 1.314491
0.306600 1.314265
0.306800 1.314012
0.307000 1.313732
0.307200 1.313424
0.307400 1.313091
0.307600 1.312731
0.307800 1.312344
0.308000 1.311933
0.308200 1.311496
0.308400 1.311034
0.308600 1.310547
0.308800 1.310036
0.309000 1.309501
0.309200 1.308943
0.309400 1.308362
0.309600 1.307759
0.309800 1.307133
0.310000 1.306486
0.310200 1.305818
0.310400 1.305130
0.310600 1.304422
0.310800 1.303694
0.311000 1.302948
0.311200 1.302184
0.311400 1.301403
0.311600 1.300605
0.311800 1.299791
0.312000 1.298962
0.312200 1.298119
0.312400 1.297262
0.312600 1.296393
0.312800 1.295512
0.313000 1.294620
0.313200 1.293718
0.313400 1.292806
0.313600 1.291887
0.313800 1.290961
0.314000 1.290029
0.314200 1.289093
0.314400 1.288152
0.314600 1.287210
0.314800 1.286265
0.315000 1.285321
0.315200 1.284378
0.315400 1.283438
0.315600 1.282502
0.315800 1.281571
0.316000 1.280647
0.316200 1.279731
0.316400 1.278825
0.316600 1.277930
0.316800 1.277049
0.317000 1.276182
0.317200 1.275331
0.317400 1.274499
0.317600 1.273687
0.317800 1.272896
0.318000 1.272129
0.318200 1.271388
0.318400 1.270675
0.318600 1.269991
0.318800 1.269338
0.319000 1.268720
0.319200 1.268138
0.319400 1.267594
0.319600 1.267090
0.319800 1.266630
0.320000 1.266214
0.320200 1.265847
0.320400 1.265529
0.320600 1.265264
0.320800 1.265054
0.321000 1.264902
0.321200 1.264811
0.321400 1.264783
0.321600 1.264820
0.321800 1.264927
0.322000 1.265105
0.322200 1.265358
0.322400 1.265688
0.322600 1.266098
0.322800 1.266592
0.323000 1.267173
0.323200 1.267843
0.323400 1.268606
0.323600 1.269465
0.323800 1.270424
0.324000 1.271485
0.324200 1.272651
0.324400 1.273927
0.324600 1.275315
0.324800 1.276819
0.325000 1.278443
0.325200 1.280189
0.325400 1.282061
0.325600 1.284064
0.325800 1.286199
0.326000 1.288471
0.326200 1.290884
0.326400 1.293440
0.326600 1.296144
0.326800 1.298999
0.327000 1.302008
0.327200 1.305176
0.327400 1.308505
0.327600 1.312000
0.327800 1.315663
0.328000 1.319499
0.328200 1.323511
0.328400 1.327702
0.328600 1.332076
0.328800 1.336637
0.329000 1.341387
0.329200 1.346331
0.329400 1.351471
0.329600 1.356811
0.329800 1.362354
0.330000 1.368103
0.330200 1.374062
0.330400 1.380234
0.330600 1.386621
0.330800 1.393227
0.331000 1.400054
0.331200 1.407105
0.331400 1.414384
0.331600 1.421891
0.331800 1.429631
0.332000 1.437606
0.332200 1.445818
0.332400 1.454268
0.332600 1.462960
0.332800 1.471895
0.333000 1.481075
0.333200 1.490501
0.333400 1.500176
0.333600 1.510101
0.333800 1.520277
0.334000 1.530706
0.334200 1.541387
0.334400 1.552323
0.334600 1.563513
0.334800 1.574959
0.335000 1.586660
0.335200 1.598617
0.335400 1.610830
0.335600 1.623299
0.335800 1.636023
0.336000 1.649001
0.336200 1.662233
0.336400 1.675717
0.336600 1.689453
0.336800 1.703439
0.337000 1.717674
0.337200 1.732154
0.337400 1.746880
0.337600 1.761847
0.337800 1.777054
0.338000 1.792498
0.338200 1.808175
0.338400 1.824083
0.338600 1.840217
0.338800 1.856575
0.339000 1.873152
0.339200 1.889944
0.339400 1.906946
0.339600 1.924155
0.339800 1.941563
0.340000 1.959168
0.340200 1.976962
0.340400 1.994941
0.340600 2.013098
0.340800 2.031428
0.341000 2.049923
0.341200 2.068576
0.341400 2.087382
0.341600 2.106333
0.341800 2.125421
0.342000 2.144639
0.342200 2.163978
0.342400 2.183431
0.342600 2.202989
0.342800 2.222644
0.343000 2.242387
0.343200 2.262209
0.343400 2.282100
0.343600 2.302051
0.343800 2.322052
0.344000 2.342095
0.344200 2.362167
0.344400 2.382261
0.344600 2.402364
0.344800 2.422466
0.345000 2.442557
0.345200 2.462626
0.345400 2.482661
0.345600 2.502653
0.345800 2.522588
0.346000 2.542456
0.346200 2.562246
0.346400 2.581945
0.346600 2.601542
0.346800 2.621025
0.347000 2.640382
0.347200 2.659602
0.347400 2.678672
0.347600 2.697580
0.347800 2.716314
0.348000 2.734862
0.348200 2.753212
0.348400 2.771351
0.348600 2.789268
0.348800 2.806951
0.349000 2.824386
0.349200 2.841563
0.349400 2.858470
0.349600 2.875093
0.349800 2.891423
0.350000 2.907446
0.350200 2.923151
0.350400 2.938527
0.350600 2.953562
0.350800 2.968245
0.351000 2.982565
0.351200 2.996511
0.351400 3.010072
0.351600 3.023237
0.351800 3.035996
0.352000 3.048339
0.352200 3.060255
0.352400 3.071735
0.352600 3.082770
0.352800 3.093350
0.353000 3.103466
0.353200 3.113109
0.353400 3.122270
0.353600 3.130942
0.353800 3.139117
0.354000 3.146786
0.354200 3.153943
0.354400 3.160580
0.354600 3.166691
0.354800 3.172270
0.355000 3.177310
0.355200 3.181805
0.355400 3.185751
0.355600 3.189142
0.355800 3.191974
0.356000 3.194243
0.356200 3.195944
0.356400 3.197075
0.356600 3.197632
0.356800 3.197612
0.357000 3.197013
0.357200 3.195834
0.357400 3.194072
0.357600 3.191727
0.357800 3.188797
0.358000 3.185283
0.358200 3.181185
0.358400 3.176502
0.358600 3.171237
0.358800 3.165389
0.359000 3.158962
0.359200 3.151956
0.359400 3.144374
0.359600 3.136220
0.359800 3.127496
0.360000 3.118206
0.360200 3.108353
0.360400 3.097944
0.360600 3.086981
0.360800 3.075470
0.361000 3.063417
0.361200 3.050827
0.361400 3.037707
0.361600 3.024063
0.361800 3.009902
0.362000 2.995232
0.362200 2.980058
0.362400 2.964390
0.362600 2.948236
0.362800 2.931604
0.363000 2.914502
0.363200 2.896939
0.363400 2.878926
0.363600 2.860470
0.363800 2.841583
0.364000 2.822273
0.364200 2.802552
0.364400 2.782429
0.364600 2.761915
0.364800 2.741021
0.365000 2.719758
0.365200 2.698137
0.365400 2.676169
0.365600 2.653867
0.365800 2.631240
0.366000 2.608302
0.366200 2.585064
0.366400 2.561538
0.366600 2.537735
0.366800 2.513669
0.367000 2.489352
0.367200 2.464794
0.367400 2.440010
0.367600 2.415011
0.367800 2.389809
0.368000 2.364417
0.368200 2.338848
0.368400 2.313113
0.368600 2.287224
0.368800 2.261195
0.369000 2.235038
0.369200 2.208764
0.369400 2.182386
0.369600 2.155915
0.369800 2.129365
0.370000 2.102746
0.370200 2.076070
0.370400 2.049350
0.370600 2.022596
0.370800 1.995821
0.371000 1.969034
0.371200 1.942249
0.371400 1.915474
0.371600 1.888722
0.371800 1.862003
0.372000 1.835328
0.372200 1.808706
0.372400 1.782148
0.372600 1.755663
0.372800 1.729262
0.373000 1.702954
0.373200 1.676749
0.373400 1.650654
0.373600 1.624680
0.373800 1.598835
0.374000 1.573127
0.374200 1.547564
0.374400 1.522155
0.374600 1.496907
0.374800 1.471827
0.375000 1.446923
0.375200 1.422202
0.375400 1.397671
0.375600 1.373335
0.375800 1.349202
0.376000 1.325277
0.376200 1.301566
0.376400 1.278074
0.376600 1.254807
0.376800 1.231770
0.377000 1.208967
0.377200 1.186403
0.377400 1.164083
0.377600 1.142009
0.377800 1.120187
0.378000 1.098619
0.378200 1.077309
0.378400 1.056260
0.378600 1.035474
0.378800 1.014955
0.379000 0.994705
0.379200 0.974725
0.379400 0.955018
0.379600 0.935585
0.379800 0.916428
0.380000 0.897548
0.380200 0.878947
0.380400 0.860624
0.380600 0.842581
0.380800 0.824819
0.381000 0.807336
0.381200 0.790134
0.381400 0.773213
0.381600 0.756572
0.381800 0.740210
0.382000 0.724128
0.382200 0.708324
0.382400 0.692797
0.382600 0.677547
0.382800 0.662571
0.383000 0.647870
0.383200 0.633440
0.383400 0.619282
0.383600 0.605392
0.383800 0.591769
0.384000 0.578411
0.384200 0.565315
0.384400 0.552481
0.384600 0.539904
0.384800 0.527584
0.385000 0.515516
0.385200 0.503700
0.385400 0.492132
0.385600 0.480808
0.385800 0.469728
0.386000 0.458887
0.386200 0.448282
0.386400 0.437911
0.386600 0.427771
0.386800 0.417858
0.387000 0.408169
0.387200 0.398702
0.387400 0.389452
0.387600 0.380416
0.387800 0.371592
0.388000 0.362976
0.388200 0.354564
0.388400 0.346353
0.388600 0.338340
0.388800 0.330521
0.389000 0.322893
0.389200 0.315452
0.389400 0.308196
0.389600 0.301120
0.389800 0.294222
0.390000 0.287497
0.390200 0.280943
0.390400 0.274556
0.390600 0.268332
0.390800 0.262269
0.391000 0.256362
0.391200 0.250610
0.391400 0.245008
0.391600 0.239553
0.391800 0.234242
0.392000 0.229071
0.392200 0.224038
0.392400 0.219140
0.392600 0.214373
0.392800 0.209734
0.393000 0.205220
0.393200 0.200828
0.393400 0.196556
0.393600 0.192400
0.393800 0.188357
0.394000 0.184425
0.394200 0.180601
0.394400 0.176882
0.394600 0.173265
0.394800 0.169748
0.395000 0.166328
0.395200 0.163002
0.395400 0.159769
0.395600 0.156625
0.395800 0.153568
0.396000 0.150596
0.396200 0.147706
0.396400 0.144897
0.396600 0.142165
0.396800 0.139509
0.397000 0.136926
0.397200 0.134415
0.397400 0.131973
0.397600 0.129599
0.397800 0.127290
0.398000 0.125044
0.398200 0.122860
0.398400 0.120736
0.398600 0.118669
0.398800 0.116659
0.399000 0.114704
0.399200 0.112801
0.399400 0.110950
0.399600 0.109148
0.399800 0.107394
0.400000 0.105688
0.400200 0.104026
0.400400 0.102408
0.400600 0.100833
0.400800 0.099299
0.401000 0.097804
0.401200 0.096349
0.401400 0.094930
0.401600 0.093548
0.401800 0.092201
0.402000 0.090888
0.402200 0.089607
0.402400 0.088358
0.402600 0.087140
0.402800 0.085952
0.403000 0.084793
0.403200 0.083661
0.403400 0.082557
0.403600 0.081479
0.403800 0.080425
0.404000 0.079397
0.404200 0.078392
0.404400 0.077410
0.404600 0.076450
0.404800 0.075512
0.405000 0.074594
0.405200 0.073697
0.405400 0.072819
0.405600 0.071959
0.405800 0.071119
0.406000 0.070295
0.406200 0.069489
0.406400 0.068700
0.406600 0.067926
0.406800 0.067168
0.407000 0.066426
0.407200 0.065697
0.407400 0.064983
0.407600 0.064283
0.407800 0.063596
0.408000 0.062922
0.408200 0.062260
0.408400 0.061611
0.408600 0.060973
0.408800 0.060347
0.409000 0.059732
0.409200 0.059127
0.409400 0.058533
0.409600 0.057950
0.409800 0.057376
0.410000 0.056811
0.410200 0.056256
0.410400 0.055710
0.410600 0.055173
0.410800 0.054645
0.411000 0.054125
0.411200 0.053612
0.411400 0.053108
0.411600 0.052612
0.411800 0.052123
0.412000 0.051641
0.412200 0.051167
0.412400 0.050699
0.412600 0.050238
0.412800 0.049784
0.413000 0.049337
0.413200 0.048895
0.413400 0.048460
0.413600 0.048031
0.413800 0.047607
0.414000 0.047190
0.414200 0.046778
0.414400 0.046372
0.414600 0.045970
0.414800 0.045575
0.415000 0.045184
0.415200 0.044798
0.415400 0.044418
0.415600 0.044042
0.415800 0.043671
0.416000 0.043304
0.416200 0.042942
0.416400 0.042585
0.416600 0.042232
0.416800 0.041883
0.417000 0.041539
0.417200 0.041199
0.417400 0.040862
0.417600 0.040530
0.417800 0.040202
0.418000 0.039877
0.418200 0.039557
0.418400 0.039240
0.418600 0.038927
0.418800 0.038617
0.419000 0.038311
0.419200 0.038009
0.419400 0.037709
0.419600 0.037414
0.419800 0.037121
0.420000 0.036832
0.420200 0.036546
0.420400 0.036264
0.420600 0.035984
0.420800 0.035708
0.421000 0.035434
0.421200 0.035164
0.421400 0.034896
0.421600 0.034632
0.421800 0.034370
0.422000 0.034111
0.422200 0.033855
0.422400 0.033602
0.422600 0.033351
0.422800 0.033103
0.423000 0.032858
0.423200 0.032616
0.423400 0.032375
0.423600 0.032138
0.423800 0.031903
0.424000 0.031670
0.424200 0.031440
0.424400 0.031212
0.424600 0.030987
0.424800 0.030764
0.425000 0.030543
0.425200 0.030325
0.425400 0.030108
0.425600 0.029894
0.425800 0.029683
0.426000 0.029473
0.426200 0.029265
0.426400 0.029060
0.426600 0.028857
0.426800 0.028655
0.427000 0.028456
0.427200 0.028259
0.427400 0.028064
0.427600 0.027870
0.427800 0.027679
0.428000 0.027490
0.428200 0.027302
0.428400 0.027116
0.428600 0.026932
0.428800 0.026750
0.429000 0.026570
0.429200 0.026391
0.429400 0.026215
0.429600 0.026039
0.429800 0.025866
0.430000 0.025694
0.430200 0.025524
0.430400 0.025356
0.430600 0.025189
0.430800 0.025024
0.431000 0.024860
0.431200 0.024698
0.431400 0.024538
0.431600 0.024379
0.431800 0.024221
0.432000 0.024065
0.432200 0.023911
0.432400 0.023758
0.432600 0.023606
0.432800 0.023456
0.433000 0.023307
0.433200 0.023159
0.433400 0.023013
0.433600 0.022869
0.433800 0.022725
0.434000 0.022583
0.434200 0.022442
0.434400 0.022303
0.434600 0.022164
0.434800 0.022027
0.435000 0.021891
0.435200 0.021757
0.435400 0.021623
0.435600 0.021491
0.435800 0.021360
0.436000 0.021230
0.436200 0.021101
0.436400 0.020974
0.436600 0.020847
0.436800 0.020722
0.437000 0.020598
0.437200 0.020474
0.437400 0.020352
0.437600 0.020231
0.437800 0.020111
0.438000 0.019992
0.438200 0.019874
0.438400 0.019757
0.438600 0.019641
0.438800 0.019526
0.439000 0.019412
0.439200 0.019298
0.439400 0.019186
0.439600 0.019075
0.439800 0.018965
0.440000 0.018855
0.440200 0.018747
0.440400 0.018639
0.440600 0.018532
0.440800 0.018426
0.441000 0.018321
0.441200 0.018217
0.441400 0.018113
0.441600 0.018011
0.441800 0.017909
0.442000 0.017808
0.442200 0.017708
0.442400 0.017609
0.442600 0.017510
0.442800 0.017412
0.443000 0.017315
0.443200 0.017219
0.443400 0.017123
0.443600 0.017028
0.443800 0.016934
0.444000 0.016841
0.444200 0.016748
0.444400 0.016656
0.444600 0.016565
0.444800 0.016474
0.445000 0.016384
0.445200 0.016295
0.445400 0.016206
0.445600 0.016118
0.445800 0.016031
0.446000 0.015944
0.446200 0.015858
0.446400 0.015773
0.446600 0.015688
0.446800 0.015604
0.447000 0.015520
0.447200 0.015437
0.447400 0.015355
0.447600 0.015273
0.447800 0.015191
0.448000 0.015111
0.448200 0.015031
0.448400 0.014951
0.448600 0.014872
0.448800 0.014794
0.449000 0.014716
0.449200 0.014638
0.449400 0.014561
0.449600 0.014485
0.449800 0.014409
0.450000 0.014334
0.450200 0.014259
0.450400 0.014184
0.450600 0.014111
0.450800 0.014037
0.451000 0.013964
0.451200 0.013892
0.451400 0.013820
0.451600 0.013749
0.451800 0.013678
0.452000 0.013607
0.452200 0.013537
0.452400 0.013467
0.452600 0.013398
0.452800 0.013329
0.453000 0.013261
0.453200 0.013193
0.453400 0.013126
0.453600 0.013059
0.453800 0.012992
0.454000 0.012926
0.454200 0.012860
0.454400 0.012795
0.454600 0.012730
0.454800 0.012665
0.455000 0.012601
0.455200 0.012537
0.455400 0.012474
0.455600 0.012411
0.455800 0.012348
0.456000 0.012286
0.456200 0.012224
0.456400 0.012162
0.456600 0.012101
0.456800 0.012040
0.457000 0.011980
0.457200 0.011920
0.457400 0.011860
0.457600 0.011800
0.457800 0.011741
0.458000 0.011683
0.458200 0.011624
0.458400 0.011566
0.458600 0.011508
0.458800 0.011451
0.459000 0.011394
0.459200 0.011337
0.459400 0.011281
0.459600 0.011225
0.459800 0.011169
0.460000 0.011114
0.460200 0.011058
0.460400 0.011003
0.460600 0.010949
0.460800 0.010895
0.461000 0.010841
0.461200 0.010787
0.461400 0.010734
0.461600 0.010681
0.461800 0.010628
0.462000 0.010575
0.462200 0.010523
0.462400 0.010471
0.462600 0.010420
0.462800 0.010368
0.463000 0.010317
0.463200 0.010266
0.463400 0.010216
0.463600 0.010166
0.463800 0.010116
0.464000 0.010066
0.464200 0.010016
0.464400 0.009967
0.464600 0.009918
0.464800 0.009870
0.465000 0.009821
0.465200 0.009773
0.465400 0.009725
0.465600 0.009677
0.465800 0.009630
0.466000 0.009583
0.466200 0.009536
0.466400 0.009489
0.466600 0.009443
0.466800 0.009396
0.467000 0.009350
0.467200 0.009305
0.467400 0.009259
0.467600 0.009214
0.467800 0.009169
0.468000 0.009124
0.468200 0.009079
0.468400 0.009035
0.468600 0.008991
0.468800 0.008947
0.469000 0.008903
0.469200 0.008860
0.469400 0.008817
0.469600 0.008774
0.469800 0.008731
0.470000 0.008688
0.470200 0.008646
0.470400 0.008604
0.470600 0.008562
0.470800 0.008520
0.471000 0.008478
0.471200 0.008437
0.471400 0.008396
0.471600 0.008355
0.471800 0.008314
0.472000 0.008274
0.472200 0.008233
0.472400 0.008193
0.472600 0.008153
0.472800 0.008114
0.473000 0.008074
0.473200 0.008035
0.473400 0.007996
0.473600 0.007957
0.473800 0.007918
0.474000 0.007879
0.474200 0.007841
0.474400 0.007803
0.474600 0.007765
0.474800 0.007727
0.475000 0.007689
0.475200 0.007652
0.475400 0.007615
0.475600 0.007578
0.475800 0.007541
0.476000 0.007504
0.476200 0.007467
0.476400 0.007431
0.476600 0.007395
0.476800 0.007359
0.477000 0.007323
0.477200 0.007288
0.477400 0.007252
0.477600 0.007217
0.477800 0.007182
0.478000 0.007147
0.478200 0.007112
0.478400 0.007077
0.478600 0.007043
0.478800 0.007009
0.479000 0.006975
0.479200 0.006941
0.479400 0.006907
0.479600 0.006873
0.479800 0.006840
0.480000 0.006807
0.480200 0.006773
0.480400 0.006741
0.480600 0.006708
0.480800 0.006675
0.481000 0.006643
0.481200 0.006610
0.481400 0.006578
0.481600 0.006546
0.481800 0.006515
0.482000 0.006483
0.482200 0.006451
0.482400 0.006420
0.482600 0.006389
0.482800 0.006358
0.483000 0.006327
0.483200 0.006296
0.483400 0.006266
0.483600 0.006235
0.483800 0.006205
0.484000 0.006175
0.484200 0.006145
0.484400 0.006115
0.484600 0.006085
0.484800 0.006056
0.485000 0.006026
0.485200 0.005997
0.485400 0.005968
0.485600 0.005939
0.485800 0.005911
0.486000 0.005882
0.486200 0.005853
0.486400 0.005825
0.486600 0.005797
0.486800 0.005769
0.487000 0.005741
0.487200 0.005713
0.487400 0.005686
0.487600 0.005658
0.487800 0.005631
0.488000 0.005603
0.488200 0.005576
0.488400 0.005550
0.488600 0.005523
0.488800 0.005496
0.489000 0.005470
0.489200 0.005443
0.489400 0.005417
0.489600 0.005391
0.489800 0.005365
0.490000 0.005339
0.490200 0.005314
0.490400 0.005288
0.490600 0.005263
0.490800 0.005237
0.491000 0.005212
0.491200 0.005187
0.491400 0.005162
0.491600 0.005138
0.491800 0.005113
0.492000 0.005089
0.492200 0.005064
0.492400 0.005040
0.492600 0.005016
0.492800 0.004992
0.493000 0.004968
0.493200 0.004945
0.493400 0.004921
0.493600 0.004898
0.493800 0.004875
0.494000 0.004851
0.494200 0.004828
0.494400 0.004806
0.494600 0.004783
0.494800 0.004760
0.495000 0.004738
0.495200 0.004715
0.495400 0.004693
0.495600 0.004671
0.495800 0.004649
0.496000 0.004627
0.496200 0.004605
0.496400 0.004584
0.496600 0.004562
0.496800 0.004541
0.497000 0.004520
0.497200 0.004499
0.497400 0.004478
0.497600 0.004457
0.497800 0.004436
0.498000 0.004416
0.498200 0.004395
0.498400 0.004375
0.498600 0.004355
0.498800 0.004335
0.499000 0.004315
0.499200 0.004295
0.499400 0.004275
0.499600 0.004256
0.499800 0.004236
0.500000 0.004217
0.500200 0.004198
0.500400 0.004179
0.500600 0.004160
0.500800 0.004141
0.501000 0.004123
0.501200 0.004104
0.501400 0.004086
0.501600 0.004067
0.501800 0.004049
0.502000 0.004031
0.502200 0.004013
0.502400 0.003995
0.502600 0.003978
0.502800 0.003960
0.503000 0.003943
0.503200 0.003925
0.503400 0.003908
0.503600 0.003891
0.503800 0.003874
0.504000 0.003857
0.504200 0.003841
0.504400 0.003824
0.504600 0.003808
0.504800 0.003791
0.505000 0.003775
0.505200 0.003759
0.505400 0.003743
0.505600 0.003727
0.505800 0.003712
0.506000 0.003696
0.506200 0.003681
0.506400 0.003666
0.506600 0.003650
0.506800 0.003635
0.507000 0.003620
0.507200 0.003606
0.507400 0.003591
0.507600 0.003576
0.507800 0.003562
0.508000 0.003548
0.508200 0.003534
0.508400 0.003520
0.508600 0.003506
0.508800 0.003492
0.509000 0.003478
0.509200 0.003465
0.509400 0.003451
0.509600 0.003438
0.509800 0.003425
0.510000 0.003412
0.510200 0.003399
0.510400 0.003387
0.510600 0.003374
0.510800 0.003361
0.511000 0.003349
0.511200 0.003337
0.511400 0.003325
0.511600 0.003313
0.511800 0.003301
0.512000 0.003290
0.512200 0.003278
0.512400 0.003267
0.512600 0.003255
0.512800 0.003244
0.513000 0.003233
0.513200 0.003222
0.513400 0.003212
0.513600 0.003201
0.513800 0.003191
0.514000 0.003180
0.514200 0.003170
0.514400 0.003160
0.514600 0.003150
0.514800 0.003141
0.515000 0.003131
0.515200 0.003121
0.515400 0.003112
0.515600 0.003103
0.515800 0.003094
0.516000 0.003085
0.516200 0.003076
0.516400 0.003068
0.516600 0.003059
0.516800 0.003051
0.517000 0.003043
0.517200 0.003035
0.517400 0.003027
0.517600 0.003019
0.517800 0.003012
0.518000 0.003004
0.518200 0.002997
0.518400 0.002990
0.518600 0.002983
0.518800 0.002976
0.519000 0.002969
0.519200 0.002963
0.519400 0.002957
0.519600 0.002950
0.519800 0.002944
0.520000 0.002939
0.520200 0.002933
0.520400 0.002927
0.520600 0.002922
0.520800 0.002917
0.521000 0.002912
0.521200 0.002907
0.521400 0.002902
0.521600 0.002897
0.521800 0.002893
0.522000 0.002889
0.522200 0.002885
0.522400 0.002881
0.522600 0.002877
0.522800 0.002874
0.523000 0.002870
0.523200 0.002867
0.523400 0.002864
0.523600 0.002861
0.523800 0.002859
0.524000 0.002856
0.524200 0.002854
0.524400 0.002852
0.524600 0.002850
0.524800 0.002848
0.525000 0.002846
0.525200 0.002845
0.525400 0.002844
0.525600 0.002843
0.525800 0.002842
0.526000 0.002841
0.526200 0.002841
0.526400 0.002841
0.526600 0.002841
0.526800 0.002841
0.527000 0.002841
0.527200 0.002842
0.527400 0.002842
0.527600 0.002843
0.527800 0.002845
0.528000 0.002846
0.528200 0.002848
0.528400 0.002849
0.528600 0.002851
0.528800 0.002854
0.529000 0.002856
0.529200 0.002859
0.529400 0.002862
0.529600 0.002865
0.529800 0.002868
0.530000 0.002871
0.530200 0.002875
0.530400 0.002879
0.530600 0.002883
0.530800 0.002888
0.531000 0.002892
0.531200 0.002897
0.531400 0.002903
0.531600 0.002908
0.531800 0.002914
0.532000 0.002919
0.532200 0.002926
0.532400 0.002932
0.532600 0.002938
0.532800 0.002945
0.533000 0.002952
0.533200 0.002960
0.533400 0.002967
0.533600 0.002975
0.533800 0.002983
0.534000 0.002992
0.534200 0.003001
0.534400 0.003009
0.534600 0.003019
0.534800 0.003028
0.535000 0.003038
0.535200 0.003048
0.535400 0.003058
0.535600 0.003069
0.535800 0.003080
0.536000 0.003091
0.536200 0.003102
0.536400 0.003114
0.536600 0.003126
0.536800 0.003138
0.537000 0.003151
0.537200 0.003164
0.537400 0.003177
0.537600 0.003191
0.537800 0.003205
0.538000 0.003219
0.538200 0.003233
0.538400 0.003248
0.538600 0.003263
0.538800 0.003279
0.539000 0.003295
0.539200 0.003311
0.539400 0.003327
0.539600 0.003344
0.539800 0.003361
0.540000 0.003379
0.540200 0.003397
0.540400 0.003415
0.540600 0.003433
0.540800 0.003452
0.541000 0.003472
0.541200 0.003491
0.541400 0.003511
0.541600 0.003532
0.541800 0.003552
0.542000 0.003573
0.542200 0.003595
0.542400 0.003617
0.542600 0.003639
0.542800 0.003662
0.543000 0.003685
0.543200 0.003708
0.543400 0.003732
0.543600 0.003757
0.543800 0.003781
0.544000 0.003806
0.544200 0.003832
0.544400 0.003858
0.544600 0.003884
0.544800 0.003911
0.545000 0.003938
0.545200 0.003966
0.545400 0.003994
0.545600 0.004023
0.545800 0.004052
0.546000 0.004081
0.546200 0.004111
0.546400 0.004142
0.546600 0.004172
0.546800 0.004204
0.547000 0.004236
0.547200 0.004268
0.547400 0.004301
0.547600 0.004334
0.547800 0.004368
0.548000 0.004402
0.548200 0.004437
0.548400 0.004472
0.548600 0.004508
0.548800 0.004545
0.549000 0.004581
0.549200 0.004619
0.549400 0.004657
0.549600 0.004695
0.549800 0.004734
0.550000 0.004774
0.550200 0.004814
0.550400 0.004855
0.550600 0.004896
0.550800 0.004938
0.551000 0.004980
0.551200 0.005023
0.551400 0.005067
0.551600 0.005111
0.551800 0.005156
0.552000 0.005202
0.552200 0.005248
0.552400 0.005294
0.552600 0.005341
0.552800 0.005389
0.553000 0.005438
0.553200 0.005487
0.553400 0.005537
0.553600 0.005587
0.553800 0.005639
0.554000 0.005690
0.554200 0.005743
0.554400 0.005796
0.554600 0.005850
0.554800 0.005905
0.555000 0.005960
0.555200 0.006016
0.555400 0.006073
0.555600 0.006130
0.555800 0.006188
0.556000 0.006247
0.556200 0.006307
0.556400 0.006367
0.556600 0.006428
0.556800 0.006490
0.557000 0.006553
0.557200 0.006616
0.557400 0.006680
0.557600 0.006745
0.557800 0.006811
0.558000 0.006878
0.558200 0.006945
0.558400 0.007013
0.558600 0.007083
0.558800 0.007152
0.559000 0.007223
0.559200 0.007295
0.559400 0.007367
0.559600 0.007441
0.559800 0.007515
0.560000 0.007590
0.560200 0.007666
0.560400 0.007743
0.560600 0.007821
0.560800 0.007900
0.561000 0.007979
0.561200 0.008060
0.561400 0.008142
0.561600 0.008224
0.561800 0.008308
0.562000 0.008392
0.562200 0.008477
0.562400 0.008564
0.562600 0.008651
0.562800 0.008740
0.563000 0.008829
0.563200 0.008920
0.563400 0.009011
0.563600 0.009104
0.563800 0.009198
0.564000 0.009292
0.564200 0.009388
0.564400 0.009485
0.564600 0.009583
0.564800 0.009682
0.565000 0.009782
0.565200 0.009884
0.565400 0.009986
0.565600 0.010090
0.565800 0.010194
0.566000 0.010300
0.566200 0.010407
0.566400 0.010516
0.566600 0.010625
0.566800 0.010736
0.567000 0.010848
0.567200 0.010961
0.567400 0.011075
0.567600 0.011191
0.567800 0.011308
0.568000 0.011426
0.568200 0.011546
0.568400 0.011667
0.568600 0.011789
0.568800 0.011912
0.569000 0.012037
0.569200 0.012163
0.569400 0.012291
0.569600 0.012420
0.569800 0.012550
0.570000 0.012682
0.570200 0.012815
0.570400 0.012949
0.570600 0.013085
0.570800 0.013223
0.571000 0.013361
0.571200 0.013502
0.571400 0.013644
0.571600 0.013787
0.571800 0.013932
0.572000 0.014078
0.572200 0.014226
0.572400 0.014375
0.572600 0.014526
0.572800 0.014679
0.573000 0.014833
0.573200 0.014989
0.573400 0.015147
0.573600 0.015306
0.573800 0.015466
0.574000 0.015629
0.574200 0.015793
0.574400 0.015959
0.574600 0.016126
0.574800 0.016295
0.575000 0.016466
0.575200 0.016639
0.575400 0.016813
0.575600 0.016990
0.575800 0.017168
0.576000 0.017347
0.576200 0.017529
0.576400 0.017713
0.576600 0.017898
0.576800 0.018085
0.577000 0.018275
0.577200 0.018466
0.577400 0.018659
0.577600 0.018854
0.577800 0.019051
0.578000 0.019249
0.578200 0.019450
0.578400 0.019653
0.578600 0.019858
0.578800 0.020065
0.579000 0.020274
0.579200 0.020485
0.579400 0.020698
0.579600 0.020914
0.579800 0.021131
0.580000 0.021351
0.580200 0.021572
0.580400 0.021796
0.580600 0.022022
0.580800 0.022251
0.581000 0.022481
0.581200 0.022714
0.581400 0.022949
0.581600 0.023186
0.581800 0.023426
0.582000 0.023668
0.582200 0.023912
0.582400 0.024159
0.582600 0.024408
0.582800 0.024660
0.583000 0.024914
0.583200 0.025170
0.583400 0.025429
0.583600 0.025690
0.583800 0.025954
0.584000 0.026221
0.584200 0.026489
0.584400 0.026761
0.584600 0.027035
0.584800 0.027312
0.585000 0.027591
0.585200 0.027873
0.585400 0.028157
0.585600 0.028445
0.585800 0.028735
0.586000 0.029028
0.586200 0.029323
0.586400 0.029621
0.586600 0.029922
0.586800 0.030226
0.587000 0.030533
0.587200 0.030842
0.587400 0.031155
0.587600 0.031470
0.587800 0.031789
0.588000 0.032110
0.588200 0.032434
0.588400 0.032761
0.588600 0.033091
0.588800 0.033425
0.589000 0.033761
0.589200 0.034101
0.589400 0.034443
0.589600 0.034789
0.589800 0.035138
0.590000 0.035490
0.590200 0.035845
0.590400 0.036203
0.590600 0.036565
0.590800 0.036930
0.591000 0.037298
0.591200 0.037670
0.591400 0.038045
0.591600 0.038424
0.591800 0.038805
0.592000 0.039191
0.592200 0.039579
0.592400 0.039971
0.592600 0.040367
0.592800 0.040766
0.593000 0.041169
0.593200 0.041576
0.593400 0.041986
0.593600 0.042399
0.593800 0.042816
0.594000 0.043237
0.594200 0.043662
0.594400 0.044091
0.594600 0.044523
0.594800 0.044959
0.595000 0.045399
0.595200 0.045842
0.595400 0.046290
0.595600 0.046742
0.595800 0.047197
0.596000 0.047656
0.596200 0.048120
0.596400 0.048587
0.596600 0.049059
0.596800 0.049534
0.597000 0.050014
0.597200 0.050498
0.597400 0.050986
0.597600 0.051478
0.597800 0.051975
0.598000 0.052475
0.598200 0.052980
0.598400 0.053490
0.598600 0.054003
0.598800 0.054521
0.599000 0.055044
0.599200 0.055571
0.599400 0.056102
0.599600 0.056638
0.599800 0.057178
0.600000 0.057723
0.600200 0.058273
0.600400 0.058827
0.600600 0.059386
0.600800 0.059949
0.601000 0.060517
0.601200 0.061090
0.601400 0.061668
0.601600 0.062251
0.601800 0.062838
0.602000 0.063430
0.602200 0.064027
0.602400 0.064630
0.602600 0.065237
0.602800 0.065849
0.603000 0.066466
0.603200 0.067088
0.603400 0.067716
0.603600 0.068348
0.603800 0.068986
0.604000 0.069629
0.604200 0.070277
0.604400 0.070930
0.604600 0.071589
0.604800 0.072253
0.605000 0.072922
0.605200 0.073597
0.605400 0.074277
0.605600 0.074963
0.605800 0.075654
0.606000 0.076351
0.606200 0.077054
0.606400 0.077762
0.606600 0.078476
0.606800 0.079195
0.607000 0.079920
0.607200 0.080651
0.607400 0.081388
0.607600 0.082130
0.607800 0.082879
0.608000 0.083633
0.608200 0.084394
0.608400 0.085160
0.608600 0.085932
0.608800 0.086711
0.609000 0.087495
0.609200 0.088286
0.609400 0.089082
0.609600 0.089885
0.609800 0.090695
0.610000 0.091510
0.610200 0.092332
0.610400 0.093160
0.610600 0.093995
0.610800 0.094836
0.611000 0.095683
0.611200 0.096537
0.611400 0.097398
0.611600 0.098265
0.611800 0.099139
0.612000 0.100019
0.612200 0.100907
0.612400 0.101801
0.612600 0.102701
0.612800 0.103609
0.613000 0.104523
0.613200 0.105444
0.613400 0.106373
0.613600 0.107308
0.613800 0.108250
0.614000 0.109199
0.614200 0.110156
0.614400 0.111119
0.614600 0.112090
0.614800 0.113068
0.615000 0.114053
0.615200 0.115046
0.615400 0.116046
0.615600 0.117053
0.615800 0.118068
0.616000 0.119090
0.616200 0.120120
0.616400 0.121157
0.616600 0.122202
0.616800 0.123254
0.617000 0.124314
0.617200 0.125382
0.617400 0.126458
0.617600 0.127541
0.617800 0.128632
0.618000 0.129731
0.618200 0.130838
0.618400 0.131953
0.618600 0.133076
0.618800 0.134208
0.619000 0.135347
0.619200 0.136494
0.619400 0.137650
0.619600 0.138813
0.619800 0.139985
0.620000 0.141166
0.620200 0.142354
0.620400 0.143551
0.620600 0.144757
0.620800 0.145971
0.621000 0.147193
0.621200 0.148424
0.621400 0.149664
0.621600 0.150912
0.621800 0.152169
0.622000 0.153435
0.622200 0.154710
0.622400 0.155993
0.622600 0.157285
0.622800 0.158587
0.623000 0.159897
0.623200 0.161216
0.623400 0.162544
0.623600 0.163881
0.623800 0.165228
0.624000 0.166583
0.624200 0.167948
0.624400 0.169322
0.624600 0.170706
0.624800 0.172098
0.625000 0.173500
0.625200 0.174912
0.625400 0.176333
0.625600 0.177764
0.625800 0.179204
0.626000 0.180654
0.626200 0.182113
0.626400 0.183583
0.626600 0.185062
0.626800 0.186550
0.627000 0.188049
0.627200 0.189557
0.627400 0.191076
0.627600 0.192604
0.627800 0.194143
0.628000 0.195691
0.628200 0.197250
0.628400 0.198819
0.628600 0.200398
0.628800 0.201987
0.629000 0.203586
0.629200 0.205196
0.629400 0.206817
0.629600 0.208447
0.629800 0.210088
0.630000 0.211740
0.630200 0.213402
0.630400 0.215075
0.630600 0.216759
0.630800 0.218453
0.631000 0.220158
0.631200 0.221874
0.631400 0.223600
0.631600 0.225338
0.631800 0.227086
0.632000 0.228845
0.632200 0.230616
0.632400 0.232397
0.632600 0.234190
0.632800 0.235993
0.633000 0.237808
0.633200 0.239634
0.633400 0.241472
0.633600 0.243320
0.633800 0.245180
0.634000 0.247052
0.634200 0.248935
0.634400 0.250829
0.634600 0.252735
0.634800 0.254653
0.635000 0.256582
0.635200 0.258523
0.635400 0.260476
0.635600 0.262440
0.635800 0.264416
0.636000 0.266404
0.636200 0.268404
0.636400 0.270416
0.636600 0.272440
0.636800 0.274476
0.637000 0.276524
0.637200 0.278585
0.637400 0.280657
0.637600 0.282742
0.637800 0.284839
0.638000 0.286948
0.638200 0.289070
0.638400 0.291204
0.638600 0.293350
0.638800 0.295509
0.639000 0.297681
0.639200 0.299865
0.639400 0.302061
0.639600 0.304271
0.639800 0.306493
0.640000 0.308728
0.640200 0.310976
0.640400 0.313236
0.640600 0.315510
0.640800 0.317796
0.641000 0.320096
0.641200 0.322408
0.641400 0.324734
0.641600 0.327073
0.641800 0.329425
0.642000 0.331790
0.642200 0.334168
0.642400 0.336560
0.642600 0.338966
0.642800 0.341384
0.643000 0.343816
0.643200 0.346262
0.643400 0.348721
0.643600 0.351194
0.643800 0.353681
0.644000 0.356181
0.644200 0.358696
0.644400 0.361224
0.644600 0.363765
0.644800 0.366321
0.645000 0.368891
0.645200 0.371475
0.645400 0.374073
0.645600 0.376685
0.645800 0.379312
0.646000 0.381952
0.646200 0.384607
0.646400 0.387277
0.646600 0.389961
0.646800 0.392659
0.647000 0.395372
0.647200 0.398100
0.647400 0.400842
0.647600 0.403599
0.647800 0.406371
0.648000 0.409158
0.648200 0.411960
0.648400 0.414777
0.648600 0.417609
0.648800 0.420456
0.649000 0.423318
0.649200 0.426196
0.649400 0.429089
0.649600 0.431998
0.649800 0.434922
0.650000 0.437862
0.650200 0.440817
0.650400 0.443789
0.650600 0.446776
0.650800 0.449779
0.651000 0.452799
0.651200 0.455834
0.651400 0.458886
0.651600 0.461954
0.651800 0.465039
0.652000 0.468140
0.652200 0.471258
0.652400 0.474393
0.652600 0.477545
0.652800 0.480713
0.653000 0.483899
0.653200 0.487102
0.653400 0.490323
0.653600 0.493561
0.653800 0.496817
0.654000 0.500090
0.654200 0.503382
0.654400 0.506691
0.654600 0.510019
0.654800 0.513365
0.655000 0.516730
0.655200 0.520113
0.655400 0.523515
0.655600 0.526937
0.655800 0.530377
0.656000 0.533837
0.656200 0.537317
0.656400 0.540816
0.656600 0.544336
0.656800 0.547875
0.657000 0.551435
0.657200 0.555016
0.657400 0.558617
0.657600 0.562239
0.657800 0.565883
0.658000 0.569549
0.658200 0.573236
0.658400 0.576945
0.658600 0.580677
0.658800 0.584431
0.659000 0.588208
0.659200 0.592008
0.659400 0.595832
0.659600 0.599680
0.659800 0.603552
0.660000 0.607448
0.660200 0.611369
0.660400 0.615315
0.660600 0.619287
0.660800 0.623284
0.661000 0.627308
0.661200 0.631358
0.661400 0.635436
0.661600 0.639541
0.661800 0.643673
0.662000 0.647834
0.662200 0.652024
0.662400 0.656243
0.662600 0.660491
0.662800 0.664770
0.663000 0.669079
0.663200 0.673420
0.663400 0.677792
0.663600 0.682196
0.663800 0.686633
0.664000 0.691103
0.664200 0.695607
0.664400 0.700146
0.664600 0.704720
0.664800 0.709329
0.665000 0.713975
0.665200 0.718658
0.665400 0.723378
0.665600 0.728137
0.665800 0.732935
0.666000 0.737772
0.666200 0.742650
0.666400 0.747569
0.666600 0.752530
0.666800 0.757534
0.667000 0.762582
0.667200 0.767674
0.667400 0.772811
0.667600 0.777994
0.667800 0.783225
0.668000 0.788503
0.668200 0.793829
0.668400 0.799206
0.668600 0.804633
0.668800 0.810112
0.669000 0.815643
0.669200 0.821228
0.669400 0.826868
0.669600 0.832563
0.669800 0.838315
0.670000 0.844124
0.670200 0.849993
0.670400 0.855922
0.670600 0.861911
0.670800 0.867963
0.671000 0.874079
0.671200 0.880259
0.671400 0.886505
0.671600 0.892818
0.671800 0.899200
0.672000 0.905651
0.672200 0.912173
0.672400 0.918768
0.672600 0.925436
0.672800 0.932179
0.673000 0.938998
0.673200 0.945895
0.673400 0.952871
0.673600 0.959927
0.673800 0.967066
0.674000 0.974287
0.674200 0.981594
0.674400 0.988987
0.674600 0.996467
0.674800 1.004037
0.675000 1.011698
0.675200 1.019451
0.675400 1.027299
0.675600 1.035241
0.675800 1.043281
0.676000 1.051419
0.676200 1.059658
0.676400 1.067998
0.676600 1.076442
0.676800 1.084991
0.677000 1.093647
0.677200 1.102412
0.677400 1.111286
0.677600 1.120272
0.677800 1.129371
0.678000 1.138586
0.678200 1.147917
0.678400 1.157366
0.678600 1.166935
0.678800 1.176627
0.679000 1.186441
0.679200 1.196381
0.679400 1.206447
0.679600 1.216641
0.679800 1.226966
0.680000 1.237422
0.680200 1.248012
0.680400 1.258736
0.680600 1.269597
0.680800 1.280596
0.681000 1.291734
0.681200 1.303014
0.681400 1.314437
0.681600 1.326004
0.681800 1.337717
0.682000 1.349577
0.682200 1.361587
0.682400 1.373746
0.682600 1.386057
0.682800 1.398522
0.683000 1.411140
0.683200 1.423915
0.683400 1.436847
0.683600 1.449937
0.683800 1.463187
0.684000 1.476597
0.684200 1.490170
0.684400 1.503905
0.684600 1.517805
0.684800 1.531870
0.685000 1.546101
0.685200 1.560499
0.685400 1.575066
0.685600 1.589801
0.685800 1.604705
0.686000 1.619780
0.686200 1.635026
0.686400 1.650444
0.686600 1.666034
0.686800 1.681796
0.687000 1.697731
0.687200 1.713840
0.687400 1.730123
0.687600 1.746579
0.687800 1.763210
0.688000 1.780014
0.688200 1.796993
0.688400 1.814146
0.688600 1.831472
0.688800 1.848972
0.689000 1.866646
0.689200 1.884493
0.689400 1.902512
0.689600 1.920702
0.689800 1.939064
0.690000 1.957597
0.690200 1.976299
0.690400 1.995170
0.690600 2.014208
0.690800 2.033413
0.691000 2.052784
0.691200 2.072318
0.691400 2.092015
0.691600 2.111873
0.691800 2.131891
0.692000 2.152066
0.692200 2.172398
0.692400 2.192883
0.692600 2.213521
0.692800 2.234308
0.693000 2.255244
0.693200 2.276324
0.693400 2.297548
0.693600 2.318912
0.693800 2.340413
0.694000 2.362050
0.694200 2.383819
0.694400 2.405717
0.694600 2.427741
0.694800 2.449889
0.695000 2.472156
0.695200 2.494539
0.695400 2.517034
0.695600 2.539639
0.695800 2.562350
0.696000 2.585162
0.696200 2.608072
0.696400 2.631075
0.696600 2.654168
0.696800 2.677347
0.697000 2.700606
0.697200 2.723942
0.697400 2.747350
0.697600 2.770826
0.697800 2.794364
0.698000 2.817961
0.698200 2.841610
0.698400 2.865307
0.698600 2.889048
0.698800 2.912826
0.699000 2.936637
0.699200 2.960475
0.699400 2.984335
0.699600 3.008211
0.699800 3.032098
0.700000 3.055990
0.700200 3.079882
0.700400 3.103768
0.700600 3.127641
0.700800 3.151496
0.701000 3.175327
0.701200 3.199129
0.701400 3.222894
0.701600 3.246617
0.701800 3.270292
0.702000 3.293912
0.702200 3.317471
0.702400 3.340963
0.702600 3.364382
0.702800 3.387722
0.703000 3.410975
0.703200 3.434135
0.703400 3.457197
0.703600 3.480154
0.703800 3.502998
0.704000 3.525725
0.704200 3.548327
0.704400 3.570797
0.704600 3.593131
0.704800 3.615320
0.705000 3.637359
0.705200 3.659241
0.705400 3.680960
0.705600 3.702509
0.705800 3.723883
0.706000 3.745075
0.706200 3.766078
0.706400 3.786886
0.706600 3.807494
0.706800 3.827895
0.707000 3.848083
0.707200 3.868052
0.707400 3.887796
0.707600 3.907309
0.707800 3.926586
0.708000 3.945621
0.708200 3.964407
0.708400 3.982940
0.708600 4.001214
0.708800 4.019224
0.709000 4.036964
0.709200 4.054429
0.709400 4.071614
0.709600 4.088514
0.709800 4.105124
0.710000 4.121440
0.710200 4.137456
0.710400 4.153168
0.710600 4.168572
0.710800 4.183664
0.711000 4.198439
0.711200 4.212893
0.711400 4.227022
0.711600 4.240823
0.711800 4.254292
0.712000 4.267426
0.712200 4.280220
0.712400 4.292673
0.712600 4.304781
0.712800 4.316541
0.713000 4.327950
0.713200 4.339006
0.713400 4.349706
0.713600 4.360048
0.713800 4.370031
0.714000 4.379652
0.714200 4.388909
0.714400 4.397800
0.714600 4.406326
0.714800 4.414483
0.715000 4.422271
0.715200 4.429690
0.715400 4.436737
0.715600 4.443414
0.715800 4.449719
0.716000 4.455652
0.716200 4.461213
0.716400 4.466402
0.716600 4.471220
0.716800 4.475667
0.717000 4.479743
0.717200 4.483450
0.717400 4.486787
0.717600 4.489758
0.717800 4.492362
0.718000 4.494601
0.718200 4.496477
0.718400 4.497991
0.718600 4.499146
0.718800 4.499944
0.719000 4.500386
0.719200 4.500476
0.719400 4.500216
0.719600 4.499608
0.719800 4.498657
0.720000 4.497363
0.720200 4.495731
0.720400 4.493765
0.720600 4.491467
0.720800 4.488841
0.721000 4.485891
0.721200 4.482620
0.721400 4.479034
0.721600 4.475135
0.721800 4.470928
0.722000 4.466418
0.722200 4.461609
0.722400 4.456505
0.722600 4.451111
0.722800 4.445432
0.723000 4.439474
0.723200 4.433240
0.723400 4.426736
0.723600 4.419967
0.723800 4.412939
0.724000 4.405656
0.724200 4.398125
0.724400 4.390351
0.724600 4.382339
0.724800 4.374095
0.725000 4.365624
0.725200 4.356933
0.725400 4.348027
0.725600 4.338913
0.725800 4.329595
0.726000 4.320081
0.726200 4.310375
0.726400 4.300484
0.726600 4.290415
0.726800 4.280173
0.727000 4.269764
0.727200 4.259194
0.727400 4.248470
0.727600 4.237598
0.727800 4.226583
0.728000 4.215433
0.728200 4.204152
0.728400 4.192748
0.728600 4.181226
0.728800 4.169593
0.729000 4.157855
0.729200 4.146017
0.729400 4.134086
0.729600 4.122067
0.729800 4.109967
0.730000 4.097792
0.730200 4.085548
0.730400 4.073240
0.730600 4.060875
0.730800 4.048457
0.731000 4.035994
0.731200 4.023489
0.731400 4.010950
0.731600 3.998382
0.731800 3.985790
0.732000 3.973179
0.732200 3.960555
0.732400 3.947923
0.732600 3.935289
0.732800 3.922657
0.733000 3.910032
0.733200 3.897421
0.733400 3.884826
0.733600 3.872254
0.733800 3.859708
0.734000 3.847194
0.734200 3.834716
0.734400 3.822279
0.734600 3.809886
0.734800 3.797542
0.735000 3.785252
0.735200 3.773019
0.735400 3.760847
0.735600 3.748740
0.735800 3.736702
0.736000 3.724736
0.736200 3.712846
0.736400 3.701036
0.736600 3.689308
0.736800 3.677667
0.737000 3.666115
0.737200 3.654655
0.737400 3.643290
0.737600 3.632023
0.737800 3.620856
0.738000 3.609793
0.738200 3.598836
0.738400 3.587986
0.738600 3.577247
0.738800 3.566621
0.739000 3.556109
0.739200 3.545714
0.739400 3.535438
0.739600 3.525282
0.739800 3.515248
0.740000 3.505337
0.740200 3.495551
0.740400 3.485892
0.740600 3.476360
0.740800 3.466958
0.741000 3.457685
0.741200 3.448543
0.741400 3.439532
0.741600 3.430655
0.741800 3.421910
0.742000 3.413299
0.742200 3.404823
0.742400 3.396482
0.742600 3.388276
0.742800 3.380205
0.743000 3.372270
0.743200 3.364470
0.743400 3.356807
0.743600 3.349279
0.743800 3.341887
0.744000 3.334630
0.744200 3.327508
0.744400 3.320521
0.744600 3.313668
0.744800 3.306949
0.745000 3.300363
0.745200 3.293911
0.745400 3.287590
0.745600 3.281400
0.745800 3.275341
0.746000 3.269411
0.746200 3.263610
0.746400 3.257937
0.746600 3.252390
0.746800 3.246969
0.747000 3.241673
0.747200 3.236500
0.747400 3.231449
0.747600 3.226519
0.747800 3.221709
0.748000 3.217017
0.748200 3.212442
0.748400 3.207982
0.748600 3.203636
0.748800 3.199403
0.749000 3.195282
0.749200 3.191270
0.749400 3.187365
0.749600 3.183568
0.749800 3.179875
0.750000 3.176285
0.750200 3.172797
0.750400 3.169409
0.750600 3.166119
0.750800 3.162926
0.751000 3.159828
0.751200 3.156822
0.751400 3.153908
0.751600 3.151084
0.751800 3.148347
0.752000 3.145697
0.752200 3.143131
0.752400 3.140647
0.752600 3.138244
0.752800 3.135920
0.753000 3.133674
0.753200 3.131502
0.753400 3.129404
0.753600 3.127378
0.753800 3.125423
0.754000 3.123535
0.754200 3.121714
0.754400 3.119957
0.754600 3.118264
0.754800 3.116631
0.755000 3.115058
0.755200 3.113543
0.755400 3.112084
0.755600 3.110679
0.755800 3.109326
0.756000 3.108025
0.756200 3.106772
0.756400 3.105567
0.756600 3.104408
0.756800 3.103293
0.757000 3.102221
0.757200 3.101190
0.757400 3.100198
0.757600 3.099244
0.757800 3.098326
0.758000 3.097443
0.758200 3.096593
0.758400 3.095775
0.758600 3.094987
0.758800 3.094228
0.759000 3.093496
0.759200 3.092789
0.759400 3.092108
0.759600 3.091449
0.759800 3.090812
0.760000 3.090196
0.760200 3.089598
0.760400 3.089018
0.760600 3.088455
0.760800 3.087906
0.761000 3.087372
0.761200 3.086850
0.761400 3.086340
0.761600 3.085840
0.761800 3.085350
0.762000 3.084867
0.762200 3.084391
0.762400 3.083921
0.762600 3.083456
0.762800 3.082995
0.763000 3.082536
0.763200 3.082078
0.763400 3.081622
0.763600 3.081165
0.763800 3.080706
0.764000 3.080246
0.764200 3.079782
0.764400 3.079315
0.764600 3.078842
0.764800 3.078364
0.765000 3.077879
0.765200 3.077387
0.765400 3.076887
0.765600 3.076378
0.765800 3.075859
0.766000 3.075329
0.766200 3.074789
0.766400 3.074236
0.766600 3.073672
0.766800 3.073093
0.767000 3.072502
0.767200 3.071895
0.767400 3.071274
0.767600 3.070637
0.767800 3.069983
0.768000 3.069313
0.768200 3.068626
0.768400 3.067920
0.768600 3.067197
0.768800 3.066454
0.769000 3.065692
0.769200 3.064910
0.769400 3.064108
0.769600 3.063285
0.769800 3.062441
0.770000 3.061575
0.770200 3.060687
0.770400 3.059777
0.770600 3.058844
0.770800 3.057888
0.771000 3.056909
0.771200 3.055906
0.771400 3.054878
0.771600 3.053827
0.771800 3.052750
0.772000 3.051649
0.772200 3.050522
0.772400 3.049370
0.772600 3.048191
0.772800 3.046987
0.773000 3.045757
0.773200 3.044500
0.773400 3.043216
0.773600 3.041905
0.773800 3.040567
0.774000 3.039202
0.774200 3.037809
0.774400 3.036389
0.774600 3.034940
0.774800 3.033464
0.775000 3.031960
0.775200 3.030427
0.775400 3.028866
0.775600 3.027276
0.775800 3.025657
0.776000 3.024010
0.776200 3.022334
0.776400 3.020629
0.776600 3.018895
0.776800 3.017132
0.777000 3.015339
0.777200 3.013518
0.777400 3.011666
0.777600 3.009786
0.777800 3.007876
0.778000 3.005936
0.778200 3.003967
0.778400 3.001968
0.778600 2.999940
0.778800 2.997882
0.779000 2.995795
0.779200 2.993677
0.779400 2.991530
0.779600 2.989353
0.779800 2.987147
0.780000 2.984911
0.780200 2.982645
0.780400 2.980349
0.780600 2.978024
0.780800 2.975669
0.781000 2.973285
0.781200 2.970870
0.781400 2.968427
0.781600 2.965953
0.781800 2.963450
0.782000 2.960918
0.782200 2.958356
0.782400 2.955765
0.782600 2.953144
0.782800 2.950494
0.783000 2.947815
0.783200 2.945106
0.783400 2.942369
0.783600 2.939602
0.783800 2.936806
0.784000 2.933982
0.784200 2.931128
0.784400 2.928246
0.784600 2.925334
0.784800 2.922395
0.785000 2.919426
0.785200 2.916429
0.785400 2.913404
0.785600 2.910350
0.785800 2.907268
0.786000 2.904158
0.786200 2.901020
0.786400 2.897853
0.786600 2.894659
0.786800 2.891437
0.787000 2.888188
0.787200 2.884910
0.787400 2.881605
0.787600 2.878273
0.787800 2.874914
0.788000 2.871527
0.788200 2.868113
0.788400 2.864672
0.788600 2.861204
0.788800 2.857710
0.789000 2.854188
0.789200 2.850640
0.789400 2.847066
0.789600 2.843466
0.789800 2.839839
0.790000 2.836186
0.790200 2.832507
0.790400 2.828802
0.790600 2.825072
0.790800 2.821316
0.791000 2.817534
0.791200 2.813727
0.791400 2.809895
0.791600 2.806038
0.791800 2.802156
0.792000 2.798249
0.792200 2.794317
0.792400 2.790360
0.792600 2.786380
0.792800 2.782374
0.793000 2.778345
0.793200 2.774291
0.793400 2.770214
0.793600 2.766113
0.793800 2.761988
0.794000 2.757839
0.794200 2.753668
0.794400 2.749473
0.794600 2.745254
0.794800 2.741013
0.795000 2.736749
0.795200 2.732463
0.795400 2.728154
0.795600 2.723822
0.795800 2.719468
0.796000 2.715092
0.796200 2.710694
0.796400 2.706275
0.796600 2.701833
0.796800 2.697370
0.797000 2.692886
0.797200 2.688380
0.797400 2.683854
0.797600 2.679306
0.797800 2.674738
0.798000 2.670149
0.798200 2.665539
0.798400 2.660909
0.798600 2.656259
0.798800 2.651589
0.799000 2.646899
0.799200 2.642190
0.799400 2.637460
0.799600 2.632712
0.799800 2.627944
0.800000 2.623157
0.800200 2.618351
0.800400 2.613526
0.800600 2.608682
0.800800 2.603821
0.801000 2.598940
0.801200 2.594042
0.801400 2.589125
0.801600 2.584191
0.801800 2.579239
0.802000 2.574269
0.802200 2.569282
0.802400 2.564278
0.802600 2.559257
0.802800 2.554219
0.803000 2.549164
0.803200 2.544093
0.803400 2.539005
0.803600 2.533901
0.803800 2.528780
0.804000 2.523644
0.804200 2.518492
0.804400 2.513324
0.804600 2.508141
0.804800 2.502943
0.805000 2.497730
0.805200 2.492501
0.805400 2.487258
0.805600 2.482000
0.805800 2.476727
0.806000 2.471441
0.806200 2.466140
0.806400 2.460825
0.806600 2.455496
0.806800 2.450154
0.807000 2.444798
0.807200 2.439429
0.807400 2.434047
0.807600 2.428651
0.807800 2.423243
0.808000 2.417822
0.808200 2.412389
0.808400 2.406943
0.808600 2.401485
0.808800 2.396015
0.809000 2.390534
0.809200 2.385040
0.809400 2.379535
0.809600 2.374019
0.809800 2.368491
0.810000 2.362953
0.810200 2.357403
0.810400 2.351843
0.810600 2.346272
0.810800 2.340691
0.811000 2.335100
0.811200 2.329499
0.811400 2.323887
0.811600 2.318267
0.811800 2.312636
0.812000 2.306996
0.812200 2.301347
0.812400 2.295689
0.812600 2.290022
0.812800 2.284346
0.813000 2.278662
0.813200 2.272969
0.813400 2.267268
0.813600 2.261559
0.813800 2.255843
0.814000 2.250118
0.814200 2.244386
0.814400 2.238646
0.814600 2.232899
0.814800 2.227145
0.815000 2.221384
0.815200 2.215616
0.815400 2.209842
0.815600 2.204061
0.815800 2.198274
0.816000 2.192481
0.816200 2.186682
0.816400 2.180877
0.816600 2.175067
0.816800 2.169251
0.817000 2.163429
0.817200 2.157603
0.817400 2.151771
0.817600 2.145935
0.817800 2.140094
0.818000 2.134248
0.818200 2.128398
0.818400 2.122544
0.818600 2.116686
0.818800 2.110824
0.819000 2.104958
0.819200 2.099089
0.819400 2.093216
0.819600 2.087340
0.819800 2.081461
0.820000 2.075578
0.820200 2.069694
0.820400 2.063806
0.820600 2.057916
0.820800 2.052024
0.821000 2.046129
0.821200 2.040232
0.821400 2.034334
0.821600 2.028434
0.821800 2.022532
0.822000 2.016629
0.822200 2.010724
0.822400 2.004819
0.822600 1.998912
0.822800 1.993005
0.823000 1.987097
0.823200 1.981189
0.823400 1.975280
0.823600 1.969371
0.823800 1.963462
0.824000 1.957553
0.824200 1.951644
0.824400 1.945735
0.824600 1.939827
0.824800 1.933920
0.825000 1.928014
0.825200 1.922108
0.825400 1.916204
0.825600 1.910301
0.825800 1.904399
0.826000 1.898499
0.826200 1.892600
0.826400 1.886703
0.826600 1.880809
0.826800 1.874916
0.827000 1.869025
0.827200 1.863137
0.827400 1.857252
0.827600 1.851369
0.827800 1.845489
0.828000 1.839611
0.828200 1.833737
0.828400 1.827866
0.828600 1.821999
0.828800 1.816134
0.829000 1.810274
0.829200 1.804417
0.829400 1.798564
0.829600 1.792715
0.829800 1.786870
0.830000 1.781030
0.830200 1.775194
0.830400 1.769362
0.830600 1.763535
0.830800 1.757713
0.831000 1.751896
0.831200 1.746083
0.831400 1.740276
0.831600 1.734475
0.831800 1.728678
0.832000 1.722888
0.832200 1.717102
0.832400 1.711323
0.832600 1.705550
0.832800 1.699782
0.833000 1.694021
0.833200 1.688266
0.833400 1.682518
0.833600 1.676776
0.833800 1.671041
0.834000 1.665312
0.834200 1.659590
0.834400 1.653876
0.834600 1.648168
0.834800 1.642468
0.835000 1.636775
0.835200 1.631089
0.835400 1.625411
0.835600 1.619741
0.835800 1.614079
0.836000 1.608424
0.836200 1.602778
0.836400 1.597139
0.836600 1.591509
0.836800 1.585887
0.837000 1.580274
0.837200 1.574669
0.837400 1.569073
0.837600 1.563486
0.837800 1.557908
0.838000 1.552338
0.838200 1.546778
0.838400 1.541227
0.838600 1.535685
0.838800 1.530153
0.839000 1.524630
0.839200 1.519117
0.839400 1.513613
0.839600 1.508119
0.839800 1.502635
0.840000 1.497162
0.840200 1.491698
0.840400 1.486244
0.840600 1.480801
0.840800 1.475368
0.841000 1.469946
0.841200 1.464534
0.841400 1.459133
0.841600 1.453743
0.841800 1.448363
0.842000 1.442995
0.842200 1.437637
0.842400 1.432291
0.842600 1.426956
0.842800 1.421632
0.843000 1.416319
0.843200 1.411018
0.843400 1.405729
0.843600 1.400451
0.843800 1.395185
0.844000 1.389930
0.844200 1.384688
0.844400 1.379457
0.844600 1.374239
0.844800 1.369033
0.845000 1.363838
0.845200 1.358657
0.845400 1.353487
0.845600 1.348330
0.845800 1.343186
0.846000 1.338054
0.846200 1.332935
0.846400 1.327828
0.846600 1.322734
0.846800 1.317653
0.847000 1.312586
0.847200 1.307531
0.847400 1.302489
0.847600 1.297460
0.847800 1.292445
0.848000 1.287443
0.848200 1.282454
0.848400 1.277479
0.848600 1.272517
0.848800 1.267569
0.849000 1.262635
0.849200 1.257714
0.849400 1.252807
0.849600 1.247914
0.849800 1.243034
0.850000 1.238169
0.850200 1.233317
0.850400 1.228480
0.850600 1.223657
0.850800 1.218847
0.851000 1.214053
0.851200 1.209272
0.851400 1.204506
0.851600 1.199754
0.851800 1.195016
0.852000 1.190293
0.852200 1.185585
0.852400 1.180891
0.852600 1.176212
0.852800 1.171548
0.853000 1.166898
0.853200 1.162263
0.853400 1.157643
0.853600 1.153038
0.853800 1.148448
0.854000 1.143873
0.854200 1.139313
0.854400 1.134768
0.854600 1.130238
0.854800 1.125723
0.855000 1.121224
0.855200 1.116740
0.855400 1.112271
0.855600 1.107817
0.855800 1.103379
0.856000 1.098956
0.856200 1.094548
0.856400 1.090156
0.856600 1.085780
0.856800 1.081419
0.857000 1.077074
0.857200 1.072744
0.857400 1.068430
0.857600 1.064132
0.857800 1.059849
0.858000 1.055582
0.858200 1.051331
0.858400 1.047096
0.858600 1.042877
0.858800 1.038673
0.859000 1.034485
0.859200 1.030314
0.859400 1.026158
0.859600 1.022018
0.859800 1.017895
0.860000 1.013787
0.860200 1.009695
0.860400 1.005620
0.860600 1.001560
0.860800 0.997517
0.861000 0.993490
0.861200 0.989479
0.861400 0.985484
0.861600 0.981505
0.861800 0.977543
0.862000 0.973597
0.862200 0.969667
0.862400 0.965753
0.862600 0.961856
0.862800 0.957975
0.863000 0.954110
0.863200 0.950262
0.863400 0.946430
0.863600 0.942614
0.863800 0.938815
0.864000 0.935032
0.864200 0.931266
0.864400 0.927516
0.864600 0.923782
0.864800 0.920065
0.865000 0.916365
0.865200 0.912680
0.865400 0.909013
0.865600 0.905361
0.865800 0.901727
0.866000 0.898108
0.866200 0.894506
0.866400 0.890921
0.866600 0.887352
0.866800 0.883800
0.867000 0.880264
0.867200 0.876745
0.867400 0.873242
0.867600 0.869756
0.867800 0.866286
0.868000 0.862832
0.868200 0.859396
0.868400 0.855975
0.868600 0.852572
0.868800 0.849184
0.869000 0.845814
0.869200 0.842460
0.869400 0.839122
0.869600 0.835801
0.869800 0.832496
0.870000 0.829208
0.870200 0.825936
0.870400 0.822681
0.870600 0.819442
0.870800 0.816220
0.871000 0.813014
0.871200 0.809824
0.871400 0.806651
0.871600 0.803495
0.871800 0.800355
0.872000 0.797231
0.872200 0.794124
0.872400 0.791033
0.872600 0.787958
0.872800 0.784900
0.873000 0.781858
0.873200 0.778833
0.873400 0.775823
0.873600 0.772831
0.873800 0.769854
0.874000 0.766894
0.874200 0.763950
0.874400 0.761022
0.874600 0.758111
0.874800 0.755216
0.875000 0.752337
0.875200 0.749474
0.875400 0.746627
0.875600 0.743797
0.875800 0.740982
0.876000 0.738184
0.876200 0.735402
0.876400 0.732636
0.876600 0.729886
0.876800 0.727152
0.877000 0.724434
0.877200 0.721732
0.877400 0.719046
0.877600 0.716376
0.877800 0.713722
0.878000 0.711084
0.878200 0.708462
0.878400 0.705855
0.878600 0.703265
0.878800 0.700690
0.879000 0.698131
0.879200 0.695588
0.879400 0.693060
0.879600 0.690548
0.879800 0.688052
0.880000 0.685572
0.880200 0.683107
0.880400 0.680658
0.880600 0.678225
0.880800 0.675807
0.881000 0.673404
0.881200 0.671017
0.881400 0.668645
0.881600 0.666289
0.881800 0.663949
0.882000 0.661623
0.882200 0.659313
0.882400 0.657019
0.882600 0.654739
0.882800 0.652475
0.883000 0.650226
0.883200 0.647993
0.883400 0.645774
0.883600 0.643571
0.883800 0.641382
0.884000 0.639209
0.884200 0.637051
0.884400 0.634908
0.884600 0.632779
0.884800 0.630666
0.885000 0.628568
0.885200 0.626484
0.885400 0.624415
0.885600 0.622361
0.885800 0.620322
0.886000 0.618298
0.886200 0.616288
0.886400 0.614293
0.886600 0.612312
0.886800 0.610346
0.887000 0.608395
0.887200 0.606458
0.887400 0.604535
0.887600 0.602627
0.887800 0.600734
0.888000 0.598854
0.888200 0.596989
0.888400 0.595139
0.888600 0.593302
0.888800 0.591480
0.889000 0.589672
0.889200 0.587878
0.889400 0.586098
0.889600 0.584332
0.889800 0.582580
0.890000 0.580842
0.890200 0.579118
0.890400 0.577408
0.890600 0.575712
0.890800 0.574030
0.891000 0.572361
0.891200 0.570706
0.891400 0.569065
0.891600 0.567437
0.891800 0.565823
0.892000 0.564223
0.892200 0.562636
0.892400 0.561062
0.892600 0.559502
0.892800 0.557956
0.893000 0.556422
0.893200 0.554902
0.893400 0.553396
0.893600 0.551902
0.893800 0.550422
0.894000 0.548955
0.894200 0.547501
0.894400 0.546059
0.894600 0.544631
0.894800 0.543216
0.895000 0.541814
0.895200 0.540425
0.895400 0.539048
0.895600 0.537685
0.895800 0.536334
0.896000 0.534996
0.896200 0.533670
0.896400 0.532357
0.896600 0.531057
0.896800 0.529769
0.897000 0.528494
0.897200 0.527231
0.897400 0.525980
0.897600 0.524742
0.897800 0.523516
0.898000 0.522302
0.898200 0.521101
0.898400 0.519912
0.898600 0.518734
0.898800 0.517569
0.899000 0.516416
0.899200 0.515275
0.899400 0.514146
0.899600 0.513029
0.899800 0.511923
0.900000 0.510830
0.900200 0.509748
0.900400 0.508678
0.900600 0.507620
0.900800 0.506573
0.901000 0.505538
0.901200 0.504514
0.901400 0.503502
0.901600 0.502501
0.901800 0.501511
0.902000 0.500533
0.902200 0.499567
0.902400 0.498611
0.902600 0.497667
0.902800 0.496734
0.903000 0.495812
0.903200 0.494901
0.903400 0.494001
0.903600 0.493112
0.903800 0.492234
0.904000 0.491367
0.904200 0.490511
0.904400 0.489665
0.904600 0.488831
0.904800 0.488007
0.905000 0.487193
0.905200 0.486391
0.905400 0.485598
0.905600 0.484817
0.905800 0.484046
0.906000 0.483285
0.906200 0.482534
0.906400 0.481794
0.906600 0.481065
0.906800 0.480345
0.907000 0.479636
0.907200 0.478937
0.907400 0.478248
0.907600 0.477569
0.907800 0.476900
0.908000 0.476241
0.908200 0.475592
0.908400 0.474953
0.908600 0.474323
0.908800 0.473704
0.909000 0.473094
0.909200 0.472494
0.909400 0.471903
0.909600 0.471322
0.909800 0.470751
0.910000 0.470189
0.910200 0.469637
0.910400 0.469094
0.910600 0.468560
0.910800 0.468036
0.911000 0.467521
0.911200 0.467016
0.911400 0.466519
0.911600 0.466032
0.911800 0.465554
0.912000 0.465085
0.912200 0.464624
0.912400 0.464173
0.912600 0.463731
0.912800 0.463298
0.913000 0.462873
0.913200 0.462458
0.913400 0.462051
0.913600 0.461652
0.913800 0.461263
0.914000 0.460882
0.914200 0.460509
0.914400 0.460146
0.914600 0.459790
0.914800 0.459443
0.915000 0.459105
0.915200 0.458775
0.915400 0.458453
0.915600 0.458139
0.915800 0.457834
0.916000 0.457537
0.916200 0.457248
0.916400 0.456967
0.916600 0.456694
0.916800 0.456429
0.917000 0.456172
0.917200 0.455923
0.917400 0.455682
0.917600 0.455449
0.917800 0.455223
0.918000 0.455006
0.918200 0.454796
0.918400 0.454593
0.918600 0.454399
0.918800 0.454211
0.919000 0.454032
0.919200 0.453860
0.919400 0.453695
0.919600 0.453538
0.919800 0.453388
0.920000 0.453246
0.920200 0.453111
0.920400 0.452983
0.920600 0.452862
0.920800 0.452748
0.921000 0.452642
0.921200 0.452543
0.921400 0.452450
0.921600 0.452365
0.921800 0.452287
0.922000 0.452215
0.922200 0.452151
0.922400 0.452093
0.922600 0.452043
0.922800 0.451998
0.923000 0.451961
0.923200 0.451930
0.923400 0.451906
0.923600 0.451889
0.923800 0.451878
0.924000 0.451874
0.924200 0.451876
0.924400 0.451885
0.924600 0.451900
0.924800 0.451921
0.925000 0.451949
0.925200 0.451983
0.925400 0.452024
0.925600 0.452070
0.925800 0.452123
0.926000 0.452182
0.926200 0.452247
0.926400 0.452318
0.926600 0.452395
0.926800 0.452478
0.927000 0.452567
0.927200 0.452662
0.927400 0.452763
0.927600 0.452870
0.927800 0.452982
0.928000 0.453101
0.928200 0.453225
0.928400 0.453354
0.928600 0.453490
0.928800 0.453631
0.929000 0.453777
0.929200 0.453930
0.929400 0.454087
0.929600 0.454251
0.929800 0.454419
0.930000 0.454593
0.930200 0.454773
0.930400 0.454957
0.930600 0.455147
0.930800 0.455343
0.931000 0.455543
0.931200 0.455749
0.931400 0.455960
0.931600 0.456176
0.931800 0.456397
0.932000 0.456624
0.932200 0.456855
0.932400 0.457091
0.932600 0.457333
0.932800 0.457579
0.933000 0.457830
0.933200 0.458086
0.933400 0.458347
0.933600 0.458612
0.933800 0.458882
0.934000 0.459158
0.934200 0.459437
0.934400 0.459722
0.934600 0.460011
0.934800 0.460305
0.935000 0.460603
0.935200 0.460906
0.935400 0.461213
0.935600 0.461525
0.935800 0.461841
0.936000 0.462161
0.936200 0.462486
0.936400 0.462816
0.936600 0.463149
0.936800 0.463487
0.937000 0.463830
0.937200 0.464176
0.937400 0.464527
0.937600 0.464882
0.937800 0.465240
0.938000 0.465603
0.938200 0.465971
0.938400 0.466342
0.938600 0.466717
0.938800 0.467096
0.939000 0.467479
0.939200 0.467866
0.939400 0.468257
0.939600 0.468652
0.939800 0.469051
0.940000 0.469453
0.940200 0.469859
0.940400 0.470269
0.940600 0.470683
0.940800 0.471100
0.941000 0.471521
0.941200 0.471946
0.941400 0.472374
0.941600 0.472806
0.941800 0.473242
0.942000 0.473680
0.942200 0.474123
0.942400 0.474569
0.942600 0.475018
0.942800 0.475471
0.943000 0.475927
0.943200 0.476387
0.943400 0.476850
0.943600 0.477316
0.943800 0.477785
0.944000 0.478258
0.944200 0.478734
0.944400 0.479213
0.944600 0.479696
0.944800 0.480181
0.945000 0.480670
0.945200 0.481161
0.945400 0.481656
0.945600 0.482154
0.945800 0.482655
0.946000 0.483159
0.946200 0.483666
0.946400 0.484176
0.946600 0.484688
0.946800 0.485204
0.947000 0.485722
0.947200 0.486244
0.947400 0.486768
0.947600 0.487295
0.947800 0.487825
0.948000 0.488357
0.948200 0.488893
0.948400 0.489431
0.948600 0.489971
0.948800 0.490515
0.949000 0.491061
0.949200 0.491609
0.949400 0.492160
0.949600 0.492714
0.949800 0.493270
0.950000 0.493829
0.950200 0.494390
0.950400 0.494954
0.950600 0.495521
0.950800 0.496089
0.951000 0.496660
0.951200 0.497234
0.951400 0.497810
0.951600 0.498388
0.951800 0.498968
0.952000 0.499551
0.952200 0.500136
0.952400 0.500724
0.952600 0.501313
0.952800 0.501905
0.953000 0.502499
0.953200 0.503095
0.953400 0.503693
0.953600 0.504294
0.953800 0.504896
0.954000 0.505501
0.954200 0.506108
0.954400 0.506717
0.954600 0.507327
0.954800 0.507940
0.955000 0.508555
0.955200 0.509172
0.955400 0.509790
0.955600 0.510411
0.955800 0.511034
0.956000 0.511658
0.956200 0.512284
0.956400 0.512913
0.956600 0.513543
0.956800 0.514174
0.957000 0.514808
0.957200 0.515443
0.957400 0.516081
0.957600 0.516719
0.957800 0.517360
0.958000 0.518002
0.958200 0.518646
0.958400 0.519292
0.958600 0.519939
0.958800 0.520588
0.959000 0.521239
0.959200 0.521891
0.959400 0.522545
0.959600 0.523200
0.959800 0.523857
0.960000 0.524515
0.960200 0.525175
0.960400 0.525836
0.960600 0.526499
0.960800 0.527163
0.961000 0.527829
0.961200 0.528496
0.961400 0.529164
0.961600 0.529834
0.961800 0.530505
0.962000 0.531178
0.962200 0.531852
0.962400 0.532527
0.962600 0.533204
0.962800 0.533881
0.963000 0.534560
0.963200 0.535241
0.963400 0.535922
0.963600 0.536605
0.963800 0.537289
0.964000 0.537974
0.964200 0.538661
0.964400 0.539348
0.964600 0.540037
0.964800 0.540726
0.965000 0.541417
0.965200 0.542109
0.965400 0.542802
0.965600 0.543496
0.965800 0.544192
0.966000 0.544888
0.966200 0.545585
0.966400 0.546283
0.966600 0.546982
0.966800 0.547683
0.967000 0.548384
0.967200 0.549086
0.967400 0.549789
0.967600 0.550493
0.967800 0.551197
0.968000 0.551903
0.968200 0.552610
0.968400 0.553317
0.968600 0.554025
0.968800 0.554735
0.969000 0.555445
0.969200 0.556155
0.969400 0.556867
0.969600 0.557579
0.969800 0.558292
0.970000 0.559006
0.970200 0.559721
0.970400 0.560436
0.970600 0.561152
0.970800 0.561869
0.971000 0.562586
0.971200 0.563304
0.971400 0.564023
0.971600 0.564742
0.971800 0.565462
0.972000 0.566182
0.972200 0.566904
0.972400 0.567625
0.972600 0.568348
0.972800 0.569071
0.973000 0.569794
0.973200 0.570518
0.973400 0.571243
0.973600 0.571968
0.973800 0.572693
0.974000 0.573419
0.974200 0.574146
0.974400 0.574873
0.974600 0.575600
0.974800 0.576328
0.975000 0.577057
0.975200 0.577785
0.975400 0.578515
0.975600 0.579244
0.975800 0.579974
0.976000 0.580705
0.976200 0.581435
0.976400 0.582166
0.976600 0.582898
0.976800 0.583629
0.977000 0.584361
0.977200 0.585094
0.977400 0.585826
0.977600 0.586559
0.977800 0.587292
0.978000 0.588026
0.978200 0.588760
0.978400 0.589494
0.978600 0.590228
0.978800 0.590962
0.979000 0.591697
0.979200 0.592431
0.979400 0.593166
0.979600 0.593902
0.979800 0.594637
0.980000 0.595372
0.980200 0.596108
0.980400 0.596844
0.980600 0.597580
0.980800 0.598316
0.981000 0.599052
0.981200 0.599788
0.981400 0.600524
0.981600 0.601260
0.981800 0.601997
0.982000 0.602733
0.982200 0.603470
0.982400 0.604206
0.982600 0.604943
0.982800 0.605679
0.983000 0.606416
0.983200 0.607152
0.983400 0.607889
0.983600 0.608625
0.983800 0.609362
0.984000 0.610098
0.984200 0.610835
0.984400 0.611571
0.984600 0.612307
0.984800 0.613043
0.985000 0.613779
0.985200 0.614515
0.985400 0.615251
0.985600 0.615987
0.985800 0.616723
0.986000 0.617458
0.986200 0.618193
0.986400 0.618928
0.986600 0.619663
0.986800 0.620398
0.987000 0.621133
0.987200 0.621867
0.987400 0.622601
0.987600 0.623335
0.987800 0.624069
0.988000 0.624803
0.988200 0.625536
0.988400 0.626269
0.988600 0.627002
0.988800 0.627735
0.989000 0.628467
0.989200 0.629199
0.989400 0.629931
0.989600 0.630662
0.989800 0.631393
0.990000 0.632124
0.990200 0.632855
0.990400 0.633585
0.990600 0.634315
0.990800 0.635044
0.991000 0.635773
0.991200 0.636502
0.991400 0.637230
0.991600 0.637958
0.991800 0.638686
0.992000 0.639413
0.992200 0.640140
0.992400 0.640866
0.992600 0.641592
0.992800 0.642318
0.993000 0.643043
0.993200 0.643768
0.993400 0.644492
0.993600 0.645216
0.993800 0.645939
0.994000 0.646662
0.994200 0.647385
0.994400 0.648106
0.994600 0.648828
0.994800 0.649549
0.995000 0.650269
0.995200 0.650989
0.995400 0.651708
0.995600 0.652427
0.995800 0.653145
0.996000 0.653863
0.996200 0.654580
0.996400 0.655297
0.996600 0.656013
0.996800 0.656729
0.997000 0.657443
0.997200 0.658158
0.997400 0.658871
0.997600 0.659584
0.997800 0.660297
0.998000 0.661009
0.998200 0.661720
0.998400 0.662431
0.998600 0.663141
0.998800 0.663850
0.999000 0.664559
0.999200 0.665267
0.999400 0.665974
0.999600 0.666681
0.999800 0.667387
