0.000000 0.000000
0.000200 0.000000
0.000400 0.000000
0.000600 0.000000
0.000800 0.000000
0.001000 0.000000
0.001200 0.000000
0.001400 0.000000
0.001600 0.000000
0.001800 0.000000
0.002000 0.000000
0.002200 0.000000
0.002400 0.000000
0.002600 0.000000
0.002800 0.000000
0.003000 0.000000
0.003200 0.000000
0.003400 0.000000
0.003600 0.000000
0.003800 0.000000
0.004000 0.000000
0.004200 0.000000
0.004400 0.000000
0.004600 0.000000
0.004800 0.000000
0.005000 0.000000
0.005200 0.000000
0.005400 0.000000
0.005600 0.000000
0.005800 0.000000
0.006000 0.000000
0.006200 0.000000
0.006400 0.000000
0.006600 0.000000
0.006800 0.000000
0.007000 0.000000
0.007200 0.000000
0.007400 0.000000
0.007600 0.000000
0.007800 0.000000
0.008000 0.000000
0.008200 0.000000
0.008400 0.000000
0.008600 0.000000
0.008800 0.000000
0.009000 0.000000
0.009200 0.000000
0.009400 0.000000
0.009600 0.000000
0.009800 0.000000
0.010000 0.000000
0.010200 0.000000
0.010400 0.000000
0.010600 0.000000
0.010800 0.000000
0.011000 0.000000
0.011200 0.000000
0.011400 0.000000
0.011600 0.000000
0.011800 0.000000
0.012000 0.000000
0.012200 0.000000
0.012400 0.000000
0.012600 0.000000
0.012800 0.000000
0.013000 0.000000
0.013200 0.000000
0.013400 0.000000
0.013600 0.000000
0.013800 0.000000
0.014000 0.000000
0.014200 0.000000
0.014400 0.000000
0.014600 0.000000
0.014800 0.000000
0.015000 0.000000
0.015200 0.000000
0.015400 0.000000
0.015600 0.000000
0.015800 0.000000
0.016000 0.000000
0.016200 0.000000
0.016400 0.000000
0.016600 0.000000
0.016800 0.000000
0.017000 0.000000
0.017200 0.000000
0.017400 0.000000
0.017600 0.000000
0.017800 0.000000
0.018000 0.000000
0.018200 0.000000
0.018400 0.000000
0.018600 0.000000
0.018800 0.000000
0.019000 0.000000
0.019200 0.000000
0.019400 0.000000
0.019600 0.000000
0.019800 0.000000
0.020000 0.000000
0.020200 0.000000
0.020400 0.000000
0.020600 0.000000
0.020800 0.000000
0.021000 0.000000
0.021200 0.000000
0.021400 0.000000
0.021600 0.000000
0.021800 0.000000
0.022000 0.000000
0.022200 0.000000
0.022400 0.000000
0.022600 0.000000
0.022800 0.000000
0.023000 0.000000
0.023200 0.000000
0.023400 0.000000
0.023600 0.000000
0.023800 0.000000
0.024000 0.000000
0.024200 0.000000
0.024400 0.000000
0.024600 0.000000
0.024800 0.000000
0.025000 0.000000
0.025200 0.000000
0.025400 0.000000
0.025600 0.000000
0.025800 0.000000
0.026000 0.000000
0.026200 0.000000
0.026400 0.000000
0.026600 0.000000
0.026800 0.000000
0.027000 0.000000
0.027200 0.000000
0.027400 0.000000
0.027600 0.000000
0.027800 0.000000
0.028000 0.000000
0.028200 0.000000
0.028400 0.000000
0.028600 0.000000
0.028800 0.000000
0.029000 0.000000
0.029200 0.000000
0.029400 0.000000
0.029600 0.000000
0.029800 0.000000
0.030000 0.000000
0.030200 0.000000
0.030400 0.000000
0.030600 0.000000
0.030800 0.000000
0.031000 0.000000
0.031200 0.000000
0.031400 0.000000
0.031600 0.000000
0.031800 0.000000
0.032000 0.000000
0.032200 0.000000
0.032400 0.000000
0.032600 0.000000
0.032800 0.000000
0.033000 0.000000
0.033200 0.000000
0.033400 0.000000
0.033600 0.000000
0.033800 0.000000
0.034000 0.000000
0.034200 0.000000
0.034400 0.000000
0.034600 0.000000
0.034800 0.000000
0.035000 0.000000
0.035200 0.000000
0.035400 0.000000
0.035600 0.000000
0.035800 0.000000
0.036000 0.000000
0.036200 0.000000
0.036400 0.000000
0.036600 0.000000
0.036800 0.000000
0.037000 0.000000
0.037200 0.000000
0.037400 0.000000
0.037600 0.000000
0.037800 0.000000
0.038000 0.000000
0.038200 0.000000
0.038400 0.000000
0.038600 0.000000
0.038800 0.000000
0.039000 0.000000
0.039200 0.000000
0.039400 0.000000
0.039600 0.000000
0.039800 0.000000
0.040000 0.000000
0.040200 0.000000
0.040400 0.000000
0.040600 0.000000
0.040800 0.000000
0.041000 0.000000
0.041200 0.000000
0.041400 0.000000
0.041600 0.000000
0.041800 0.000000
0.042000 0.000000
0.042200 0.000000
0.042400 0.000000
0.042600 0.000000
0.042800 0.000000
0.043000 0.000000
0.043200 0.000000
0.043400 0.000000
0.043600 0.000000
0.043800 0.000000
0.044000 0.000000
0.044200 0.000000
0.044400 0.000000
0.044600 0.000000
0.044800 0.000000
0.045000 0.000000
0.045200 0.000000
0.045400 0.000000
0.045600 0.000000
0.045800 0.000000
0.046000 0.000000
0.046200 0.000000
0.046400 0.000000
0.046600 0.000000
0.046800 0.000000
0.047000 0.000000
0.047200 0.000000
0.047400 0.000000
0.047600 0.000000
0.047800 0.000000
0.048000 0.000000
0.048200 0.000000
0.048400 0.000000
0.048600 0.000000
0.048800 0.000000
0.049000 0.000000
0.049200 0.000000
0.049400 0.000000
0.049600 0.000000
0.049800 0.000000
0.050000 0.000000
0.050200 0.000000
0.050400 0.000000
0.050600 0.000000
0.050800 0.000000
0.051000 0.000000
0.051200 0.000000
0.051400 0.000000
0.051600 0.000000
0.051800 0.000000
0.052000 0.000000
0.052200 0.000000
0.052400 0.000000
0.052600 0.000000
0.052800 0.000000
0.053000 0.000000
0.053200 0.000000
0.053400 0.000000
0.053600 0.000000
0.053800 0.000000
0.054000 0.000000
0.054200 0.000000
0.054400 0.000000
0.054600 0.000000
0.054800 0.000000
0.055000 0.000000
0.055200 0.000000
0.055400 0.000000
0.055600 0.000000
0.055800 0.000000
0.056000 0.000000
0.056200 0.000000
0.056400 0.000000
0.056600 0.000000
0.056800 0.000000
0.057000 0.000000
0.057200 0.000000
0.057400 0.000000
0.057600 0.000000
0.057800 0.000000
0.058000 0.000000
0.058200 0.000000
0.058400 0.000000
0.058600 0.000000
0.058800 0.000000
0.059000 0.000000
0.059200 0.000000
0.059400 0.000000
0.059600 0.000000
0.059800 0.000000
0.060000 0.000000
0.060200 0.000000
0.060400 0.000000
0.060600 0.000000
0.060800 0.000000
0.061000 0.000000
0.061200 0.000000
0.061400 0.000000
0.061600 0.000000
0.061800 0.000000
0.062000 0.000000
0.062200 0.000000
0.062400 0.000000
0.062600 0.000000
0.062800 0.000000
0.063000 0.000000
0.063200 0.000000
0.063400 0.000000
0.063600 0.000000
0.063800 0.000000
0.064000 0.000000
0.064200 0.000000
0.064400 0.000000
0.064600 0.000000
0.064800 0.000000
0.065000 0.000000
0.065200 0.000000
0.065400 0.000000
0.065600 0.000000
0.065800 0.000000
0.066000 0.000000
0.066200 0.000000
0.066400 0.000000
0.066600 0.000000
0.066800 0.000000
0.067000 0.000000
0.067200 0.000000
0.067400 0.000000
0.067600 0.000000
0.067800 0.000000
0.068000 0.000000
0.068200 0.000000
0.068400 0.000000
0.068600 0.000000
0.068800 0.000000
0.069000 0.000000
0.069200 0.000000
0.069400 0.000000
0.069600 0.000000
0.069800 0.000000
0.070000 0.000000
0.070200 0.000000
0.070400 0.000000
0.070600 0.000000
0.070800 0.000000
0.071000 0.000000
0.071200 0.000000
0.071400 0.000000
0.071600 0.000000
0.071800 0.000000
0.072000 0.000000
0.072200 0.000000
0.072400 0.000000
0.072600 0.000000
0.072800 0.000000
0.073000 0.000000
0.073200 0.000000
0.073400 0.000000
0.073600 0.000000
0.073800 0.000000
0.074000 0.000000
0.074200 0.000000
0.074400 0.000000
0.074600 0.000000
0.074800 0.000000
0.075000 0.000000
0.075200 0.000000
0.075400 0.000000
0.075600 0.000000
0.075800 0.000000
0.076000 0.000000
0.076200 0.000000
0.076400 0.000000
0.076600 0.000000
0.076800 0.000000
0.077000 0.000000
0.077200 0.000000
0.077400 0.000000
0.077600 0.000000
0.077800 0.000000
0.078000 0.000000
0.078200 0.000000
0.078400 0.000000
0.078600 0.000000
0.078800 0.000000
0.079000 0.000000
0.079200 0.000000
0.079400 0.000000
0.079600 0.000000
0.079800 0.000000
0.080000 0.000000
0.080200 0.000000
0.080400 0.000000
0.080600 0.000000
0.080800 0.000000
0.081000 0.000000
0.081200 0.000000
0.081400 0.000000
0.081600 0.000000
0.081800 0.000000
0.082000 0.000000
0.082200 0.000000
0.082400 0.000000
0.082600 0.000000
0.082800 0.000000
0.083000 0.000000
0.083200 0.000000
0.083400 0.000000
0.083600 0.000000
0.083800 0.000000
0.084000 0.000000
0.084200 0.000000
0.084400 0.000000
0.084600 0.000000
0.084800 0.000000
0.085000 0.000000
0.085200 0.000000
0.085400 0.000000
0.085600 0.000000
0.085800 0.000000
0.086000 0.000000
0.086200 0.000000
0.086400 0.000000
0.086600 0.000000
0.086800 0.000000
0.087000 0.000000
0.087200 0.000000
0.087400 0.000000
0.087600 0.000000
0.087800 0.000000
0.088000 0.000000
0.088200 0.000000
0.088400 0.000000
0.088600 0.000000
0.088800 0.000000
0.089000 0.000000
0.089200 0.000000
0.089400 0.000000
0.089600 0.000000
0.089800 0.000000
0.090000 0.000000
0.090200 0.000000
0.090400 0.000000
0.090600 0.000000
0.090800 0.000000
0.091000 0.000000
0.091200 0.000000
0.091400 0.000000
0.091600 0.000000
0.091800 0.000000
0.092000 0.000000
0.092200 0.000000
0.092400 0.000000
0.092600 0.000000
0.092800 0.000000
0.093000 0.000000
0.093200 0.000000
0.093400 0.000000
0.093600 0.000000
0.093800 0.000000
0.094000 0.000000
0.094200 0.000000
0.094400 0.000000
0.094600 0.000000
0.094800 0.000000
0.095000 0.000000
0.095200 0.000000
0.095400 0.000000
0.095600 0.000000
0.095800 0.000000
0.096000 0.000000
0.096200 0.000000
0.096400 0.000000
0.096600 0.000000
0.096800 0.000000
0.097000 0.000000
0.097200 0.000000
0.097400 0.000000
0.097600 0.000000
0.097800 0.000000
0.098000 0.000000
0.098200 0.000000
0.098400 0.000000
0.098600 0.000000
0.098800 0.000000
0.099000 0.000000
0.099200 0.000000
0.099400 0.000000
0.099600 0.000000
0.099800 0.000000
0.100000 0.000000
0.100200 0.000000
0.100400 0.000000
0.100600 0.000000
0.100800 0.000000
0.101000 0.000000
0.101200 0.000000
0.101400 0.000000
0.101600 0.000000
0.101800 0.000000
0.102000 0.000000
0.102200 0.000000
0.102400 0.000000
0.102600 0.000000
0.102800 0.000000
0.103000 0.000000
0.103200 0.000000
0.103400 0.000000
0.103600 0.000000
0.103800 0.000000
0.104000 0.000000
0.104200 0.000000
0.104400 0.000000
0.104600 0.000000
0.104800 0.000000
0.105000 0.000000
0.105200 0.000000
0.105400 0.000000
0.105600 0.000000
0.105800 0.000000
0.106000 0.000000
0.106200 0.000000
0.106400 0.000000
0.106600 0.000000
0.106800 0.000000
0.107000 0.000000
0.107200 0.000000
0.107400 0.000000
0.107600 0.000000
0.107800 0.000000
0.108000 0.000000
0.108200 0.000000
0.108400 0.000000
0.108600 0.000000
0.108800 0.000000
0.109000 0.000000
0.109200 0.000000
0.109400 0.000000
0.109600 0.000000
0.109800 0.000000
0.110000 0.000000
0.110200 0.000000
0.110400 0.000000
0.110600 0.000000
0.110800 0.000000
0.111000 0.000000
0.111200 0.000000
0.111400 0.000000
0.111600 0.000000
0.111800 0.000000
0.112000 0.000000
0.112200 0.000000
0.112400 0.000000
0.112600 0.000000
0.112800 0.000000
0.113000 0.000000
0.113200 0.000000
0.113400 0.000000
0.113600 0.000000
0.113800 0.000000
0.114000 0.000000
0.114200 0.000000
0.114400 0.000000
0.114600 0.000000
0.114800 0.000000
0.115000 0.000000
0.115200 0.000000
0.115400 0.000000
0.115600 0.000000
0.115800 0.000000
0.116000 0.000000
0.116200 0.000000
0.116400 0.000000
0.116600 0.000000
0.116800 0.000000
0.117000 0.000000
0.117200 0.000000
0.117400 0.000000
0.117600 0.000000
0.117800 0.000000
0.118000 0.000000
0.118200 0.000000
0.118400 0.000000
0.118600 0.000000
0.118800 0.000000
0.119000 0.000000
0.119200 0.000000
0.119400 0.000000
0.119600 0.000000
0.119800 0.000000
0.120000 0.000000
0.120200 0.000000
0.120400 0.000000
0.120600 0.000000
0.120800 0.000000
0.121000 0.000000
0.121200 0.000000
0.121400 0.000000
0.121600 0.000000
0.121800 0.000000
0.122000 0.000000
0.122200 0.000000
0.122400 0.000000
0.122600 0.000000
0.122800 0.000000
0.123000 0.000000
0.123200 0.000000
0.123400 0.000000
0.123600 0.000000
0.123800 0.000000
0.124000 0.000000
0.124200 0.000000
0.124400 0.000000
0.124600 0.000000
0.124800 0.000000
0.125000 0.000000
0.125200 0.000000
0.125400 0.000000
0.125600 0.000000
0.125800 0.000000
0.126000 0.000000
0.126200 0.000000
0.126400 0.000000
0.126600 0.000000
0.126800 0.000000
0.127000 0.000000
0.127200 0.000000
0.127400 0.000000
0.127600 0.000000
0.127800 0.000000
0.128000 0.000000
0.128200 0.000000
0.128400 0.000000
0.128600 0.000000
0.128800 0.000000
0.129000 0.000000
0.129200 0.000000
0.129400 0.000000
0.129600 0.000000
0.129800 0.000000
0.130000 0.000000
0.130200 0.000000
0.130400 0.000000
0.130600 0.000000
0.130800 0.000000
0.131000 0.000000
0.131200 0.000000
0.131400 0.000000
0.131600 0.000000
0.131800 0.000000
0.132000 0.000000
0.132200 0.000000
0.132400 0.000000
0.132600 0.000000
0.132800 0.000000
0.133000 0.000000
0.133200 0.000000
0.133400 0.000000
0.133600 0.000000
0.133800 0.000000
0.134000 0.000000
0.134200 0.000000
0.134400 0.000000
0.134600 0.000000
0.134800 0.000000
0.135000 0.000000
0.135200 0.000000
0.135400 0.000000
0.135600 0.000000
0.135800 0.000000
0.136000 0.000000
0.136200 0.000000
0.136400 0.000000
0.136600 0.000000
0.136800 0.000000
0.137000 0.000000
0.137200 0.000000
0.137400 0.000000
0.137600 0.000000
0.137800 0.000000
0.138000 0.000000
0.138200 0.000000
0.138400 0.000000
0.138600 0.000000
0.138800 0.000000
0.139000 0.000000
0.139200 0.000000
0.139400 0.000000
0.139600 0.000000
0.139800 0.000000
0.140000 0.000000
0.140200 0.000000
0.140400 0.000000
0.140600 0.000000
0.140800 0.000000
0.141000 0.000000
0.141200 0.000000
0.141400 0.000000
0.141600 0.000000
0.141800 0.000000
0.142000 0.000000
0.142200 0.000000
0.142400 0.000000
0.142600 0.000000
0.142800 0.000000
0.143000 0.000000
0.143200 0.000000
0.143400 0.000000
0.143600 0.000000
0.143800 0.000000
0.144000 0.000000
0.144200 0.000000
0.144400 0.000000
0.144600 0.000000
0.144800 0.000000
0.145000 0.000000
0.145200 0.000000
0.145400 0.000000
0.145600 0.000000
0.145800 0.000000
0.146000 0.000000
0.146200 0.000000
0.146400 0.000000
0.146600 0.000000
0.146800 0.000000
0.147000 0.000000
0.147200 0.000000
0.147400 0.000000
0.147600 0.000000
0.147800 0.000000
0.148000 0.000000
0.148200 0.000000
0.148400 0.000000
0.148600 0.000000
0.148800 0.000000
0.149000 0.000000
0.149200 0.000000
0.149400 0.000000
0.149600 0.000000
0.149800 0.000000
0.150000 0.000000
0.150200 0.000000
0.150400 0.000000
0.150600 0.000000
0.150800 0.000000
0.151000 0.000000
0.151200 0.000000
0.151400 0.000000
0.151600 0.000000
0.151800 0.000000
0.152000 0.000000
0.152200 0.000000
0.152400 0.000000
0.152600 0.000000
0.152800 0.000000
0.153000 0.000000
0.153200 0.000000
0.153400 0.000000
0.153600 0.000000
0.153800 0.000000
0.154000 0.000000
0.154200 0.000000
0.154400 0.000000
0.154600 0.000000
0.154800 0.000000
0.155000 0.000000
0.155200 0.000000
0.155400 0.000000
0.155600 0.000000
0.155800 0.000000
0.156000 0.000000
0.156200 0.000000
0.156400 0.000000
0.156600 0.000000
0.156800 0.000000
0.157000 0.000000
0.157200 0.000000
0.157400 0.000000
0.157600 0.000000
0.157800 0.000000
0.158000 0.000000
0.158200 0.000000
0.158400 0.000000
0.158600 0.000000
0.158800 0.000000
0.159000 0.000000
0.159200 0.000000
0.159400 0.000000
0.159600 0.000000
0.159800 0.000000
0.160000 0.000000
0.160200 0.000000
0.160400 0.000000
0.160600 0.000000
0.160800 0.000000
0.161000 0.000000
0.161200 0.000000
0.161400 0.000000
0.161600 0.000000
0.161800 0.000000
0.162000 0.000000
0.162200 0.000000
0.162400 0.000000
0.162600 0.000000
0.162800 0.000000
0.163000 0.000000
0.163200 0.000000
0.163400 0.000000
0.163600 0.000000
0.163800 0.000000
0.164000 0.000000
0.164200 0.000000
0.164400 0.000000
0.164600 0.000000
0.164800 0.000000
0.165000 0.000000
0.165200 0.000000
0.165400 0.000000
0.165600 0.000000
0.165800 0.000000
0.166000 0.000000
0.166200 0.000000
0.166400 0.000000
0.166600 0.000000
0.166800 0.000000
0.167000 0.000000
0.167200 0.000000
0.167400 0.000000
0.167600 0.000000
0.167800 0.000000
0.168000 0.000000
0.168200 0.000000
0.168400 0.000000
0.168600 0.000000
0.168800 0.000000
0.169000 0.000000
0.169200 0.000000
0.169400 0.000000
0.169600 0.000000
0.169800 0.000000
0.170000 0.000000
0.170200 0.000000
0.170400 0.000000
0.170600 0.000000
0.170800 0.000000
0.171000 0.000000
0.171200 0.000000
0.171400 0.000000
0.171600 0.000000
0.171800 0.000000
0.172000 0.000000
0.172200 0.000000
0.172400 0.000000
0.172600 0.000000
0.172800 0.000000
0.173000 0.000000
0.173200 0.000000
0.173400 0.000000
0.173600 0.000000
0.173800 0.000000
0.174000 0.000000
0.174200 0.000000
0.174400 0.000000
0.174600 0.000000
0.174800 0.000000
0.175000 0.000000
0.175200 0.000000
0.175400 0.000000
0.175600 0.000000
0.175800 0.000000
0.176000 0.000000
0.176200 0.000000
0.176400 0.000000
0.176600 0.000000
0.176800 0.000000
0.177000 0.000000
0.177200 0.000000
0.177400 0.000000
0.177600 0.000000
0.177800 0.000000
0.178000 0.000000
0.178200 0.000000
0.178400 0.000000
0.178600 0.000000
0.178800 0.000000
0.179000 0.000000
0.179200 0.000000
0.179400 0.000000
0.179600 0.000000
0.179800 0.000000
0.180000 0.000000
0.180200 0.000000
0.180400 0.000000
0.180600 0.000000
0.180800 0.000000
0.181000 0.000000
0.181200 0.000000
0.181400 0.000000
0.181600 0.000000
0.181800 0.000000
0.182000 0.000000
0.182200 0.000000
0.182400 0.000000
0.182600 0.000000
0.182800 0.000000
0.183000 0.000000
0.183200 0.000000
0.183400 0.000000
0.183600 0.000000
0.183800 0.000000
0.184000 0.000000
0.184200 0.000000
0.184400 0.000000
0.184600 0.000000
0.184800 0.000000
0.185000 0.000000
0.185200 0.000000
0.185400 0.000000
0.185600 0.000000
0.185800 0.000000
0.186000 0.000000
0.186200 0.000000
0.186400 0.000000
0.186600 0.000000
0.186800 0.000000
0.187000 0.000000
0.187200 0.000000
0.187400 0.000000
0.187600 0.000000
0.187800 0.000000
0.188000 0.000000
0.188200 0.000000
0.188400 0.000000
0.188600 0.000000
0.188800 0.000000
0.189000 0.000000
0.189200 0.000000
0.189400 0.000000
0.189600 0.000000
0.189800 0.000000
0.190000 0.000000
0.190200 0.000000
0.190400 0.000000
0.190600 0.000000
0.190800 0.000000
0.191000 0.000000
0.191200 0.000000
0.191400 0.000000
0.191600 0.000000
0.191800 0.000000
0.192000 0.000000
0.192200 0.000000
0.192400 0.000000
0.192600 0.000000
0.192800 0.000000
0.193000 0.000000
0.193200 0.000000
0.193400 0.000000
0.193600 0.000000
0.193800 0.000000
0.194000 0.000000
0.194200 0.000000
0.194400 0.000000
0.194600 0.000000
0.194800 0.000000
0.195000 0.000000
0.195200 0.000000
0.195400 0.000000
0.195600 0.000000
0.195800 0.000000
0.196000 0.000000
0.196200 0.000000
0.196400 0.000000
0.196600 0.000000
0.196800 0.000000
0.197000 0.000000
0.197200 0.000000
0.197400 0.000000
0.197600 0.000000
0.197800 0.000000
0.198000 0.000000
0.198200 0.000000
0.198400 0.000000
0.198600 0.000000
0.198800 0.000000
0.199000 0.000000
0.199200 0.000000
0.199400 0.000000
0.199600 0.000000
0.199800 0.000000
0.200000 0.000000
0.200200 0.000000
0.200400 0.000000
0.200600 0.000000
0.200800 0.000000
0.201000 0.000000
0.201200 0.000000
0.201400 0.000000
0.201600 0.000000
0.201800 0.000000
0.202000 0.000000
0.202200 0.000000
0.202400 0.000000
0.202600 0.000000
0.202800 0.000000
0.203000 0.000000
0.203200 0.000000
0.203400 0.000000
0.203600 0.000000
0.203800 0.000000
0.204000 0.000000
0.204200 0.000000
0.204400 0.000000
0.204600 0.000000
0.204800 0.000000
0.205000 0.000000
0.205200 0.000000
0.205400 0.000000
0.205600 0.000000
0.205800 0.000000
0.206000 0.000000
0.206200 0.000000
0.206400 0.000000
0.206600 0.000000
0.206800 0.000000
0.207000 0.000000
0.207200 0.000000
0.207400 0.000000
0.207600 0.000000
0.207800 0.000000
0.208000 0.000000
0.208200 0.000000
0.208400 0.000000
0.208600 0.000000
0.208800 0.000000
0.209000 0.000000
0.209200 0.000000
0.209400 0.000000
0.209600 0.000000
0.209800 0.000000
0.210000 0.000000
0.210200 0.000000
0.210400 0.000000
0.210600 0.000000
0.210800 0.000000
0.211000 0.000000
0.211200 0.000000
0.211400 0.000000
0.211600 0.000000
0.211800 0.000000
0.212000 0.000000
0.212200 0.000000
0.212400 0.000000
0.212600 0.000000
0.212800 0.000000
0.213000 0.000000
0.213200 0.000000
0.213400 0.000000
0.213600 0.000000
0.213800 0.000000
0.214000 0.000000
0.214200 0.000000
0.214400 0.000000
0.214600 0.000000
0.214800 0.000000
0.215000 0.000000
0.215200 0.000000
0.215400 0.000000
0.215600 0.000000
0.215800 0.000000
0.216000 0.000000
0.216200 0.000000
0.216400 0.000000
0.216600 0.000000
0.216800 0.000000
0.217000 0.000000
0.217200 0.000000
0.217400 0.000000
0.217600 0.000000
0.217800 0.000000
0.218000 0.000000
0.218200 0.000000
0.218400 0.000000
0.218600 0.000000
0.218800 0.000000
0.219000 0.000000
0.219200 0.000000
0.219400 0.000000
0.219600 0.000000
0.219800 0.000000
0.220000 0.000000
0.220200 0.000000
0.220400 0.000000
0.220600 0.000000
0.220800 0.000000
0.221000 0.000000
0.221200 0.000000
0.221400 0.000000
0.221600 0.000000
0.221800 0.000000
0.222000 0.000000
0.222200 0.000000
0.222400 0.000000
0.222600 0.000000
0.222800 0.000000
0.223000 0.000000
0.223200 0.000000
0.223400 0.000000
0.223600 0.000000
0.223800 0.000000
0.224000 0.000000
0.224200 0.000000
0.224400 0.000000
0.224600 0.000000
0.224800 0.000000
0.225000 0.000000
0.225200 0.000000
0.225400 0.000000
0.225600 0.000000
0.225800 0.000000
0.226000 0.000000
0.226200 0.000000
0.226400 0.000000
0.226600 0.000000
0.226800 0.000000
0.227000 0.000000
0.227200 0.000000
0.227400 0.000000
0.227600 0.000000
0.227800 0.000000
0.228000 0.000000
0.228200 0.000000
0.228400 0.000000
0.228600 0.000000
0.228800 0.000000
0.229000 0.000000
0.229200 0.000000
0.229400 0.000000
0.229600 0.000000
0.229800 0.000000
0.230000 0.000000
0.230200 0.000000
0.230400 0.000000
0.230600 0.000000
0.230800 0.000000
0.231000 0.000000
0.231200 0.000000
0.231400 0.000000
0.231600 0.000000
0.231800 0.000000
0.232000 0.000000
0.232200 0.000000
0.232400 0.000000
0.232600 0.000000
0.232800 0.000000
0.233000 0.000000
0.233200 0.000000
0.233400 0.000000
0.233600 0.000000
0.233800 0.000000
0.234000 0.000000
0.234200 0.000000
0.234400 0.000000
0.234600 0.000000
0.234800 0.000000
0.235000 0.000000
0.235200 0.000000
0.235400 0.000000
0.235600 0.000000
0.235800 0.000000
0.236000 0.000000
0.236200 0.000000
0.236400 0.000000
0.236600 0.000000
0.236800 0.000000
0.237000 0.000000
0.237200 0.000000
0.237400 0.000000
0.237600 0.000000
0.237800 0.000000
0.238000 0.000000
0.238200 0.000001
0.238400 0.000001
0.238600 0.000001
0.238800 0.000001
0.239000 0.000001
0.239200 0.000001
0.239400 0.000001
0.239600 0.000001
0.239800 0.000001
0.240000 0.000001
0.240200 0.000001
0.240400 0.000001
0.240600 0.000001
0.240800 0.000001
0.241000 0.000001
0.241200 0.000001
0.241400 0.000001
0.241600 0.000001
0.241800 0.000001
0.242000 0.000001
0.242200 0.000001
0.242400 0.000001
0.242600 0.000001
0.242800 0.000001
0.243000 0.000001
0.243200 0.000001
0.243400 0.000001
0.243600 0.000001
0.243800 0.000001
0.244000 0.000001
0.244200 0.000001
0.244400 0.000001
0.244600 0.000001
0.244800 0.000001
0.245000 0.000001
0.245200 0.000001
0.245400 0.000001
0.245600 0.000001
0.245800 0.000002
0.246000 0.000002
0.246200 0.000002
0.246400 0.000002
0.246600 0.000002
0.246800 0.000002
0.247000 0.000002
0.247200 0.000002
0.247400 0.000002
0.247600 0.000002
0.247800 0.000002
0.248000 0.000002
0.248200 0.000002
0.248400 0.000002
0.248600 0.000002
0.248800 0.000002
0.249000 0.000002
0.249200 0.000002
0.249400 0.000002
0.249600 0.000003
0.249800 0.000003
0.250000 0.000003
0.250200 0.000003
0.250400 0.000003
0.250600 0.000003
0.250800 0.000003
0.251000 0.000003
0.251200 0.000003
0.251400 0.000003
0.251600 0.000003
0.251800 0.000003
0.252000 0.000004
0.252200 0.000004
0.252400 0.000004
0.252600 0.000004
0.252800 0.000004
0.253000 0.000004
0.253200 0.000004
0.253400 0.000004
0.253600 0.000004
0.253800 0.000005
0.254000 0.000005
0.254200 0.000005
0.254400 0.000005
0.254600 0.000005
0.254800 0.000005
0.255000 0.000005
0.255200 0.000006
0.255400 0.000006
0.255600 0.000006
0.255800 0.000006
0.256000 0.000006
0.256200 0.000006
0.256400 0.000007
0.256600 0.000007
0.256800 0.000007
0.257000 0.000007
0.257200 0.000007
0.257400 0.000007
0.257600 0.000008
0.257800 0.000008
0.258000 0.000008
0.258200 0.000008
0.258400 0.000009
0.258600 0.000009
0.258800 0.000009
0.259000 0.000009
0.259200 0.000009
0.259400 0.000010
0.259600 0.000010
0.259800 0.000010
0.260000 0.000011
0.260200 0.000011
0.260400 0.000011
0.260600 0.000011
0.260800 0.000012
0.261000 0.000012
0.261200 0.000012
0.261400 0.000013
0.261600 0.000013
0.261800 0.000013
0.262000 0.000014
0.262200 0.000014
0.262400 0.000014
0.262600 0.000015
0.262800 0.000015
0.263000 0.000016
0.263200 0.000016
0.263400 0.000016
0.263600 0.000017
0.263800 0.000017
0.264000 0.000018
0.264200 0.000018
0.264400 0.000019
0.264600 0.000019
0.264800 0.000020
0.265000 0.000020
0.265200 0.000021
0.265400 0.000021
0.265600 0.000022
0.265800 0.000022
0.266000 0.000023
0.266200 0.000023
0.266400 0.000024
0.266600 0.000025
0.266800 0.000025
0.267000 0.000026
0.267200 0.000027
0.267400 0.000027
0.267600 0.000028
0.267800 0.000029
0.268000 0.000029
0.268200 0.000030
0.268400 0.000031
0.268600 0.000032
0.268800 0.000033
0.269000 0.000033
0.269200 0.000034
0.269400 0.000035
0.269600 0.000036
0.269800 0.000037
0.270000 0.000038
0.270200 0.000039
0.270400 0.000040
0.270600 0.000041
0.270800 0.000042
0.271000 0.000043
0.271200 0.000044
0.271400 0.000045
0.271600 0.000046
0.271800 0.000047
0.272000 0.000049
0.272200 0.000050
0.272400 0.000051
0.272600 0.000052
0.272800 0.000054
0.273000 0.000055
0.273200 0.000056
0.273400 0.000058
0.273600 0.000059
0.273800 0.000061
0.274000 0.000062
0.274200 0.000064
0.274400 0.000065
0.274600 0.000067
0.274800 0.000068
0.275000 0.000070
0.275200 0.000072
0.275400 0.000074
0.275600 0.000075
0.275800 0.000077
0.276000 0.000079
0.276200 0.000081
0.276400 0.000083
0.276600 0.000085
0.276800 0.000087
0.277000 0.000089
0.277200 0.000091
0.277400 0.000094
0.277600 0.000096
0.277800 0.000098
0.278000 0.000100
0.278200 0.000103
0.278400 0.000105
0.278600 0.000108
0.278800 0.000110
0.279000 0.000113
0.279200 0.000116
0.279400 0.000119
0.279600 0.000121
0.279800 0.000124
0.280000 0.000127
0.280200 0.000130
0.280400 0.000133
0.280600 0.000137
0.280800 0.000140
0.281000 0.000143
0.281200 0.000147
0.281400 0.000150
0.281600 0.000154
0.281800 0.000157
0.282000 0.000161
0.282200 0.000165
0.282400 0.000169
0.282600 0.000173
0.282800 0.000177
0.283000 0.000181
0.283200 0.000185
0.283400 0.000189
0.283600 0.000194
0.283800 0.000198
0.284000 0.000203
0.284200 0.000208
0.284400 0.000213
0.284600 0.000218
0.284800 0.000223
0.285000 0.000228
0.285200 0.000233
0.285400 0.000238
0.285600 0.000244
0.285800 0.000250
0.286000 0.000255
0.286200 0.000261
0.286400 0.000267
0.286600 0.000274
0.286800 0.000280
0.287000 0.000286
0.287200 0.000293
0.287400 0.000300
0.287600 0.000307
0.287800 0.000314
0.288000 0.000321
0.288200 0.000328
0.288400 0.000336
0.288600 0.000343
0.288800 0.000351
0.289000 0.000359
0.289200 0.000367
0.289400 0.000376
0.289600 0.000384
0.289800 0.000393
0.290000 0.000402
0.290200 0.000411
0.290400 0.000421
0.290600 0.000430
0.290800 0.000440
0.291000 0.000450
0.291200 0.000460
0.291400 0.000471
0.291600 0.000482
0.291800 0.000493
0.292000 0.000504
0.292200 0.000515
0.292400 0.000527
0.292600 0.000539
0.292800 0.000551
0.293000 0.000564
0.293200 0.000576
0.293400 0.000590
0.293600 0.000603
0.293800 0.000617
0.294000 0.000631
0.294200 0.000645
0.294400 0.000660
0.294600 0.000675
0.294800 0.000690
0.295000 0.000706
0.295200 0.000722
0.295400 0.000738
0.295600 0.000755
0.295800 0.000772
0.296000 0.000790
0.296200 0.000808
0.296400 0.000826
0.296600 0.000845
0.296800 0.000864
0.297000 0.000884
0.297200 0.000904
0.297400 0.000925
0.297600 0.000946
0.297800 0.000968
0.298000 0.000990
0.298200 0.001013
0.298400 0.001036
0.298600 0.001060
0.298800 0.001084
0.299000 0.001109
0.299200 0.001135
0.299400 0.001161
0.299600 0.001188
0.299800 0.001216
0.300000 0.001244
0.300200 0.001273
0.300400 0.001302
0.300600 0.001333
0.300800 0.001364
0.301000 0.001396
0.301200 0.001429
0.301400 0.001462
0.301600 0.001497
0.301800 0.001532
0.302000 0.001569
0.302200 0.001606
0.302400 0.001644
0.302600 0.001683
0.302800 0.001723
0.303000 0.001765
0.303200 0.001807
0.303400 0.001850
0.303600 0.001895
0.303800 0.001941
0.304000 0.001988
0.304200 0.002036
0.304400 0.002086
0.304600 0.002137
0.304800 0.002190
0.305000 0.002243
0.305200 0.002299
0.305400 0.002356
0.305600 0.002414
0.305800 0.002474
0.306000 0.002536
0.306200 0.002600
0.306400 0.002665
0.306600 0.002732
0.306800 0.002802
0.307000 0.002873
0.307200 0.002946
0.307400 0.003021
0.307600 0.003099
0.307800 0.003179
0.308000 0.003261
0.308200 0.003346
0.308400 0.003433
0.308600 0.003522
0.308800 0.003615
0.309000 0.003710
0.309200 0.003808
0.309400 0.003909
0.309600 0.004013
0.309800 0.004120
0.310000 0.004230
0.310200 0.004344
0.310400 0.004462
0.310600 0.004583
0.310800 0.004707
0.311000 0.004836
0.311200 0.004968
0.311400 0.005105
0.311600 0.005246
0.311800 0.005391
0.312000 0.005541
0.312200 0.005696
0.312400 0.005855
0.312600 0.006020
0.312800 0.006190
0.313000 0.006365
0.313200 0.006546
0.313400 0.006733
0.313600 0.006925
0.313800 0.007124
0.314000 0.007329
0.314200 0.007541
0.314400 0.007760
0.314600 0.007985
0.314800 0.008218
0.315000 0.008459
0.315200 0.008707
0.315400 0.008964
0.315600 0.009229
0.315800 0.009502
0.316000 0.009785
0.316200 0.010076
0.316400 0.010378
0.316600 0.010689
0.316800 0.011010
0.317000 0.011342
0.317200 0.011685
0.317400 0.012038
0.317600 0.012404
0.317800 0.012782
0.318000 0.013172
0.318200 0.013574
0.318400 0.013991
0.318600 0.014420
0.318800 0.014864
0.319000 0.015323
0.319200 0.015796
0.319400 0.016285
0.319600 0.016790
0.319800 0.017312
0.320000 0.017851
0.320200 0.018407
0.320400 0.018982
0.320600 0.019576
0.320800 0.020189
0.321000 0.020822
0.321200 0.021476
0.321400 0.022151
0.321600 0.022848
0.321800 0.023568
0.322000 0.024311
0.322200 0.025078
0.322400 0.025871
0.322600 0.026688
0.322800 0.027533
0.323000 0.028405
0.323200 0.029304
0.323400 0.030233
0.323600 0.031192
0.323800 0.032181
0.324000 0.033202
0.324200 0.034256
0.324400 0.035343
0.324600 0.036466
0.324800 0.037623
0.325000 0.038818
0.325200 0.040050
0.325400 0.041321
0.325600 0.042632
0.325800 0.043985
0.326000 0.045380
0.326200 0.046818
0.326400 0.048302
0.326600 0.049831
0.326800 0.051409
0.327000 0.053035
0.327200 0.054711
0.327400 0.056439
0.327600 0.058220
0.327800 0.060055
0.328000 0.061947
0.328200 0.063896
0.328400 0.065905
0.328600 0.067974
0.328800 0.070106
0.329000 0.072302
0.329200 0.074564
0.329400 0.076893
0.329600 0.079292
0.329800 0.081762
0.330000 0.084306
0.330200 0.086924
0.330400 0.089619
0.330600 0.092394
0.330800 0.095249
0.331000 0.098188
0.331200 0.101211
0.331400 0.104323
0.331600 0.107523
0.331800 0.110816
0.332000 0.114202
0.332200 0.117685
0.332400 0.121267
0.332600 0.124949
0.332800 0.128736
0.333000 0.132628
0.333200 0.136629
0.333400 0.140741
0.333600 0.144968
0.333800 0.149310
0.334000 0.153772
0.334200 0.158355
0.334400 0.163064
0.334600 0.167899
0.334800 0.172866
0.335000 0.177965
0.335200 0.183201
0.335400 0.188577
0.335600 0.194095
0.335800 0.199758
0.336000 0.205570
0.336200 0.211534
0.336400 0.217652
0.336600 0.223930
0.336800 0.230368
0.337000 0.236972
0.337200 0.243744
0.337400 0.250689
0.337600 0.257808
0.337800 0.265106
0.338000 0.272587
0.338200 0.280254
0.338400 0.288110
0.338600 0.296160
0.338800 0.304406
0.339000 0.312854
0.339200 0.321506
0.339400 0.330367
0.339600 0.339439
0.339800 0.348728
0.340000 0.358237
0.340200 0.367970
0.340400 0.377931
0.340600 0.388124
0.340800 0.398553
0.341000 0.409222
0.341200 0.420135
0.341400 0.431296
0.341600 0.442710
0.341800 0.454380
0.342000 0.466311
0.342200 0.478507
0.342400 0.490973
0.342600 0.503711
0.342800 0.516727
0.343000 0.530025
0.343200 0.543609
0.343400 0.557483
0.343600 0.571652
0.343800 0.586120
0.344000 0.600891
0.344200 0.615969
0.344400 0.631359
0.344600 0.647065
0.344800 0.663090
0.345000 0.679441
0.345200 0.696120
0.345400 0.713132
0.345600 0.730481
0.345800 0.748171
0.346000 0.766206
0.346200 0.784591
0.346400 0.803330
0.346600 0.822427
0.346800 0.841885
0.347000 0.861709
0.347200 0.881902
0.347400 0.902469
0.347600 0.923414
0.347800 0.944740
0.348000 0.966452
0.348200 0.988552
0.348400 1.011044
0.348600 1.033933
0.348800 1.057222
0.349000 1.080914
0.349200 1.105012
0.349400 1.129520
0.349600 1.154442
0.349800 1.179779
0.350000 1.205537
0.350200 1.231717
0.350400 1.258322
0.350600 1.285355
0.350800 1.312820
0.351000 1.340718
0.351200 1.369053
0.351400 1.397826
0.351600 1.427039
0.351800 1.456696
0.352000 1.486799
0.352200 1.517348
0.352400 1.548346
0.352600 1.579795
0.352800 1.611697
0.353000 1.644052
0.353200 1.676862
0.353400 1.710128
0.353600 1.743852
0.353800 1.778033
0.354000 1.812674
0.354200 1.847773
0.354400 1.883333
0.354600 1.919352
0.354800 1.955832
0.355000 1.992771
0.355200 2.030170
0.355400 2.068029
0.355600 2.106346
0.355800 2.145121
0.356000 2.184352
0.356200 2.224040
0.356400 2.264181
0.356600 2.304776
0.356800 2.345821
0.357000 2.387316
0.357200 2.429257
0.357400 2.471643
0.357600 2.514471
0.357800 2.557738
0.358000 2.601441
0.358200 2.645577
0.358400 2.690143
0.358600 2.735135
0.358800 2.780549
0.359000 2.826381
0.359200 2.872627
0.359400 2.919283
0.359600 2.966343
0.359800 3.013802
0.360000 3.061656
0.360200 3.109899
0.360400 3.158526
0.360600 3.207530
0.360800 3.256905
0.361000 3.306646
0.361200 3.356745
0.361400 3.407196
0.361600 3.457992
0.361800 3.509125
0.362000 3.560588
0.362200 3.612374
0.362400 3.664474
0.362600 3.716880
0.362800 3.769584
0.363000 3.822577
0.363200 3.875850
0.363400 3.929395
0.363600 3.983201
0.363800 4.037260
0.364000 4.091562
0.364200 4.146096
0.364400 4.200853
0.364600 4.255822
0.364800 4.310993
0.365000 4.366354
0.365200 4.421895
0.365400 4.477604
0.365600 4.533471
0.365800 4.589483
0.366000 4.645628
0.366200 4.701895
0.366400 4.758271
0.366600 4.814745
0.366800 4.871303
0.367000 4.927932
0.367200 4.984621
0.367400 5.041355
0.367600 5.098121
0.367800 5.154907
0.368000 5.211699
0.368200 5.268482
0.368400 5.325244
0.368600 5.381969
0.368800 5.438645
0.369000 5.495257
0.369200 5.551790
0.369400 5.608230
0.369600 5.664563
0.369800 5.720774
0.370000 5.776848
0.370200 5.832771
0.370400 5.888527
0.370600 5.944101
0.370800 5.999479
0.371000 6.054646
0.371200 6.109585
0.371400 6.164283
0.371600 6.218723
0.371800 6.272891
0.372000 6.326771
0.372200 6.380348
0.372400 6.433607
0.372600 6.486532
0.372800 6.539108
0.373000 6.591320
0.373200 6.643152
0.373400 6.694589
0.373600 6.745617
0.373800 6.796219
0.374000 6.846381
0.374200 6.896087
0.374400 6.945324
0.374600 6.994075
0.374800 7.042326
0.375000 7.090063
0.375200 7.137270
0.375400 7.183934
0.375600 7.230039
0.375800 7.275572
0.376000 7.320519
0.376200 7.364865
0.376400 7.408596
0.376600 7.451700
0.376800 7.494162
0.377000 7.535970
0.377200 7.577109
0.377400 7.617568
0.377600 7.657333
0.377800 7.696391
0.378000 7.734731
0.378200 7.772341
0.378400 7.809207
0.378600 7.845320
0.378800 7.880666
0.379000 7.915236
0.379200 7.949018
0.379400 7.982001
0.379600 8.014176
0.379800 8.045531
0.380000 8.076057
0.380200 8.105745
0.380400 8.134584
0.380600 8.162567
0.380800 8.189685
0.381000 8.215928
0.381200 8.241289
0.381400 8.265761
0.381600 8.289335
0.381800 8.312005
0.382000 8.333764
0.382200 8.354605
0.382400 8.374522
0.382600 8.393510
0.382800 8.411562
0.383000 8.428675
0.383200 8.444842
0.383400 8.460061
0.383600 8.474326
0.383800 8.487634
0.384000 8.499982
0.384200 8.511366
0.384400 8.521785
0.384600 8.531236
0.384800 8.539717
0.385000 8.547226
0.385200 8.553763
0.385400 8.559327
0.385600 8.563917
0.385800 8.567533
0.386000 8.570176
0.386200 8.571847
0.386400 8.572546
0.386600 8.572275
0.386800 8.571036
0.387000 8.568831
0.387200 8.565663
0.387400 8.561535
0.387600 8.556449
0.387800 8.550410
0.388000 8.543422
0.388200 8.535488
0.388400 8.526614
0.388600 8.516805
0.388800 8.506066
0.389000 8.494403
0.389200 8.481823
0.389400 8.468330
0.389600 8.453933
0.389800 8.438638
0.390000 8.422453
0.390200 8.405386
0.390400 8.387443
0.390600 8.368635
0.390800 8.348970
0.391000 8.328456
0.391200 8.307102
0.391400 8.284919
0.391600 8.261916
0.391800 8.238103
0.392000 8.213491
0.392200 8.188090
0.392400 8.161911
0.392600 8.134964
0.392800 8.107263
0.393000 8.078817
0.393200 8.049640
0.393400 8.019742
0.393600 7.989137
0.393800 7.957836
0.394000 7.925853
0.394200 7.893200
0.394400 7.859890
0.394600 7.825936
0.394800 7.791353
0.395000 7.756153
0.395200 7.720350
0.395400 7.683957
0.395600 7.646990
0.395800 7.609462
0.396000 7.571388
0.396200 7.532780
0.396400 7.493656
0.396600 7.454027
0.396800 7.413910
0.397000 7.373320
0.397200 7.332270
0.397400 7.290775
0.397600 7.248852
0.397800 7.206514
0.398000 7.163777
0.398200 7.120655
0.398400 7.077165
0.398600 7.033320
0.398800 6.989136
0.399000 6.944628
0.399200 6.899812
0.399400 6.854702
0.399600 6.809313
0.399800 6.763661
0.400000 6.717760
0.400200 6.671626
0.400400 6.625273
0.400600 6.578717
0.400800 6.531971
0.401000 6.485051
0.401200 6.437972
0.401400 6.390747
0.401600 6.343392
0.401800 6.295921
0.402000 6.248348
0.402200 6.200687
0.402400 6.152953
0.402600 6.105159
0.402800 6.057319
0.403000 6.009447
0.403200 5.961556
0.403400 5.913660
0.403600 5.865772
0.403800 5.817905
0.404000 5.770071
0.404200 5.722285
0.404400 5.674558
0.404600 5.626902
0.404800 5.579331
0.405000 5.531855
0.405200 5.484488
0.405400 5.437240
0.405600 5.390123
0.405800 5.343149
0.406000 5.296328
0.406200 5.249671
0.406400 5.203190
0.406600 5.156894
0.406800 5.110794
0.407000 5.064900
0.407200 5.019222
0.407400 4.973769
0.407600 4.928551
0.407800 4.883577
0.408000 4.838855
0.408200 4.794396
0.408400 4.750206
0.408600 4.706295
0.408800 4.662670
0.409000 4.619340
0.409200 4.576311
0.409400 4.533592
0.409600 4.491189
0.409800 4.449109
0.410000 4.407359
0.410200 4.365945
0.410400 4.324874
0.410600 4.284152
0.410800 4.243783
0.411000 4.203774
0.411200 4.164130
0.411400 4.124856
0.411600 4.085957
0.411800 4.047437
0.412000 4.009301
0.412200 3.971553
0.412400 3.934196
0.412600 3.897235
0.412800 3.860673
0.413000 3.824513
0.413200 3.788759
0.413400 3.753412
0.413600 3.718476
0.413800 3.683953
0.414000 3.649845
0.414200 3.616154
0.414400 3.582883
0.414600 3.550032
0.414800 3.517603
0.415000 3.485597
0.415200 3.454015
0.415400 3.422858
0.415600 3.392127
0.415800 3.361821
0.416000 3.331942
0.416200 3.302489
0.416400 3.273463
0.416600 3.244862
0.416800 3.216687
0.417000 3.188937
0.417200 3.161611
0.417400 3.134709
0.417600 3.108228
0.417800 3.082169
0.418000 3.056529
0.418200 3.031307
0.418400 3.006502
0.418600 2.982111
0.418800 2.958133
0.419000 2.934565
0.419200 2.911406
0.419400 2.888654
0.419600 2.866305
0.419800 2.844357
0.420000 2.822808
0.420200 2.801654
0.420400 2.780893
0.420600 2.760523
0.420800 2.740539
0.421000 2.720939
0.421200 2.701719
0.421400 2.682877
0.421600 2.664408
0.421800 2.646310
0.422000 2.628578
0.422200 2.611209
0.422400 2.594199
0.422600 2.577545
0.422800 2.561242
0.423000 2.545287
0.423200 2.529676
0.423400 2.514404
0.423600 2.499468
0.423800 2.484863
0.424000 2.470585
0.424200 2.456631
0.424400 2.442995
0.424600 2.429674
0.424800 2.416663
0.425000 2.403958
0.425200 2.391554
0.425400 2.379447
0.425600 2.367633
0.425800 2.356107
0.426000 2.344864
0.426200 2.333901
0.426400 2.323212
0.426600 2.312794
0.426800 2.302641
0.427000 2.292750
0.427200 2.283115
0.427400 2.273732
0.427600 2.264597
0.427800 2.255705
0.428000 2.247051
0.428200 2.238632
0.428400 2.230442
0.428600 2.222477
0.428800 2.214733
0.429000 2.207205
0.429200 2.199889
0.429400 2.192781
0.429600 2.185875
0.429800 2.179168
0.430000 2.172656
0.430200 2.166333
0.430400 2.160196
0.430600 2.154241
0.430800 2.148463
0.431000 2.142857
0.431200 2.137421
0.431400 2.132149
0.431600 2.127038
0.431800 2.122083
0.432000 2.117281
0.432200 2.112627
0.432400 2.108118
0.432600 2.103750
0.432800 2.099518
0.433000 2.095419
0.433200 2.091450
0.433400 2.087605
0.433600 2.083883
0.433800 2.080278
0.434000 2.076788
0.434200 2.073408
0.434400 2.070136
0.434600 2.066967
0.434800 2.063899
0.435000 2.060928
0.435200 2.058050
0.435400 2.055263
0.435600 2.052562
0.435800 2.049945
0.436000 2.047409
0.436200 2.044951
0.436400 2.042567
0.436600 2.040254
0.436800 2.038010
0.437000 2.035831
0.437200 2.033715
0.437400 2.031658
0.437600 2.029659
0.437800 2.027714
0.438000 2.025821
0.438200 2.023976
0.438400 2.022178
0.438600 2.020424
0.438800 2.018711
0.439000 2.017036
0.439200 2.015399
0.439400 2.013795
0.439600 2.012223
0.439800 2.010681
0.440000 2.009166
0.440200 2.007676
0.440400 2.006209
0.440600 2.004763
0.440800 2.003336
0.441000 2.001926
0.441200 2.000530
0.441400 1.999148
0.441600 1.997776
0.441800 1.996414
0.442000 1.995060
0.442200 1.993711
0.442400 1.992366
0.442600 1.991023
0.442800 1.989682
0.443000 1.988339
0.443200 1.986994
0.443400 1.985645
0.443600 1.984291
0.443800 1.982930
0.444000 1.981561
0.444200 1.980182
0.444400 1.978793
0.444600 1.977391
0.444800 1.975976
0.445000 1.974546
0.445200 1.973101
0.445400 1.971638
0.445600 1.970158
0.445800 1.968658
0.446000 1.967139
0.446200 1.965598
0.446400 1.964035
0.446600 1.962448
0.446800 1.960838
0.447000 1.959203
0.447200 1.957542
0.447400 1.955854
0.447600 1.954139
0.447800 1.952396
0.448000 1.950623
0.448200 1.948821
0.448400 1.946989
0.448600 1.945126
0.448800 1.943231
0.449000 1.941303
0.449200 1.939343
0.449400 1.937349
0.449600 1.935321
0.449800 1.933259
0.450000 1.931161
0.450200 1.929028
0.450400 1.926859
0.450600 1.924654
0.450800 1.922412
0.451000 1.920132
0.451200 1.917815
0.451400 1.915460
0.451600 1.913067
0.451800 1.910635
0.452000 1.908164
0.452200 1.905654
0.452400 1.903105
0.452600 1.900516
0.452800 1.897887
0.453000 1.895218
0.453200 1.892509
0.453400 1.889759
0.453600 1.886969
0.453800 1.884138
0.454000 1.881266
0.454200 1.878353
0.454400 1.875399
0.454600 1.872404
0.454800 1.869368
0.455000 1.866290
0.455200 1.863171
0.455400 1.860011
0.455600 1.856809
0.455800 1.853566
0.456000 1.850282
0.456200 1.846956
0.456400 1.843589
0.456600 1.840181
0.456800 1.836732
0.457000 1.833241
0.457200 1.829710
0.457400 1.826137
0.457600 1.822524
0.457800 1.818870
0.458000 1.815175
0.458200 1.811440
0.458400 1.807664
0.458600 1.803849
0.458800 1.799993
0.459000 1.796097
0.459200 1.792161
0.459400 1.788186
0.459600 1.784171
0.459800 1.780118
0.460000 1.776025
0.460200 1.771894
0.460400 1.767723
0.460600 1.763515
0.460800 1.759269
0.461000 1.754984
0.461200 1.750662
0.461400 1.746303
0.461600 1.741906
0.461800 1.737473
0.462000 1.733003
0.462200 1.728497
0.462400 1.723954
0.462600 1.719376
0.462800 1.714763
0.463000 1.710114
0.463200 1.705430
0.463400 1.700712
0.463600 1.695959
0.463800 1.691173
0.464000 1.686352
0.464200 1.681499
0.464400 1.676612
0.464600 1.671693
0.464800 1.666741
0.465000 1.661758
0.465200 1.656743
0.465400 1.651696
0.465600 1.646618
0.465800 1.641510
0.466000 1.636371
0.466200 1.631203
0.466400 1.626005
0.466600 1.620777
0.466800 1.615521
0.467000 1.610237
0.467200 1.604924
0.467400 1.599583
0.467600 1.594215
0.467800 1.588820
0.468000 1.583399
0.468200 1.577951
0.468400 1.572477
0.468600 1.566978
0.468800 1.561453
0.469000 1.555904
0.469200 1.550331
0.469400 1.544733
0.469600 1.539113
0.469800 1.533468
0.470000 1.527802
0.470200 1.522112
0.470400 1.516401
0.470600 1.510668
0.470800 1.504914
0.471000 1.499140
0.471200 1.493344
0.471400 1.487529
0.471600 1.481694
0.471800 1.475840
0.472000 1.469968
0.472200 1.464076
0.472400 1.458167
0.472600 1.452240
0.472800 1.446297
0.473000 1.440336
0.473200 1.434359
0.473400 1.428366
0.473600 1.422357
0.473800 1.416333
0.474000 1.410295
0.474200 1.404242
0.474400 1.398175
0.474600 1.392094
0.474800 1.386000
0.475000 1.379894
0.475200 1.373775
0.475400 1.367645
0.475600 1.361502
0.475800 1.355349
0.476000 1.349185
0.476200 1.343010
0.476400 1.336825
0.476600 1.330631
0.476800 1.324428
0.477000 1.318216
0.477200 1.311995
0.477400 1.305767
0.477600 1.299531
0.477800 1.293288
0.478000 1.287037
0.478200 1.280781
0.478400 1.274518
0.478600 1.268250
0.478800 1.261976
0.479000 1.255698
0.479200 1.249415
0.479400 1.243128
0.479600 1.236837
0.479800 1.230543
0.480000 1.224246
0.480200 1.217946
0.480400 1.211644
0.480600 1.205340
0.480800 1.199034
0.481000 1.192727
0.481200 1.186420
0.481400 1.180112
0.481600 1.173804
0.481800 1.167497
0.482000 1.161190
0.482200 1.154884
0.482400 1.148579
0.482600 1.142276
0.482800 1.135975
0.483000 1.129677
0.483200 1.123381
0.483400 1.117089
0.483600 1.110799
0.483800 1.104514
0.484000 1.098233
0.484200 1.091956
0.484400 1.085684
0.484600 1.079417
0.484800 1.073156
0.485000 1.066900
0.485200 1.060651
0.485400 1.054408
0.485600 1.048171
0.485800 1.041942
0.486000 1.035720
0.486200 1.029506
0.486400 1.023300
0.486600 1.017102
0.486800 1.010912
0.487000 1.004732
0.487200 0.998561
0.487400 0.992399
0.487600 0.986247
0.487800 0.980105
0.488000 0.973973
0.488200 0.967852
0.488400 0.961742
0.488600 0.955643
0.488800 0.949556
0.489000 0.943481
0.489200 0.937417
0.489400 0.931366
0.489600 0.925327
0.489800 0.919301
0.490000 0.913289
0.490200 0.907289
0.490400 0.901303
0.490600 0.895332
0.490800 0.889374
0.491000 0.883430
0.491200 0.877501
0.491400 0.871587
0.491600 0.865688
0.491800 0.859805
0.492000 0.853936
0.492200 0.848084
0.492400 0.842248
0.492600 0.836427
0.492800 0.830624
0.493000 0.824837
0.493200 0.819066
0.493400 0.813313
0.493600 0.807577
0.493800 0.801859
0.494000 0.796158
0.494200 0.790476
0.494400 0.784811
0.494600 0.779164
0.494800 0.773537
0.495000 0.767927
0.495200 0.762337
0.495400 0.756765
0.495600 0.751213
0.495800 0.745680
0.496000 0.740167
0.496200 0.734674
0.496400 0.729200
0.496600 0.723746
0.496800 0.718313
0.497000 0.712900
0.497200 0.707508
0.497400 0.702136
0.497600 0.696785
0.497800 0.691455
0.498000 0.686146
0.498200 0.680858
0.498400 0.675592
0.498600 0.670348
0.498800 0.665125
0.499000 0.659923
0.499200 0.654744
0.499400 0.649587
0.499600 0.644452
0.499800 0.639339
0.500000 0.634249
0.500200 0.629181
0.500400 0.624136
0.500600 0.619113
0.500800 0.614114
0.501000 0.609137
0.501200 0.604183
0.501400 0.599253
0.501600 0.594345
0.501800 0.589461
0.502000 0.584601
0.502200 0.579763
0.502400 0.574950
0.502600 0.570160
0.502800 0.565394
0.503000 0.560651
0.503200 0.555933
0.503400 0.551238
0.503600 0.546567
0.503800 0.541921
0.504000 0.537298
0.504200 0.532700
0.504400 0.528126
0.504600 0.523576
0.504800 0.519050
0.505000 0.514549
0.505200 0.510072
0.505400 0.505620
0.505600 0.501193
0.505800 0.496789
0.506000 0.492411
0.506200 0.488057
0.506400 0.483728
0.506600 0.479423
0.506800 0.475143
0.507000 0.470888
0.507200 0.466657
0.507400 0.462452
0.507600 0.458271
0.507800 0.454115
0.508000 0.449983
0.508200 0.445877
0.508400 0.441795
0.508600 0.437738
0.508800 0.433706
0.509000 0.429699
0.509200 0.425717
0.509400 0.421759
0.509600 0.417826
0.509800 0.413919
0.510000 0.410036
0.510200 0.406177
0.510400 0.402344
0.510600 0.398535
0.510800 0.394751
0.511000 0.390992
0.511200 0.387257
0.511400 0.383547
0.511600 0.379862
0.511800 0.376202
0.512000 0.372566
0.512200 0.368954
0.512400 0.365368
0.512600 0.361805
0.512800 0.358268
0.513000 0.354754
0.513200 0.351265
0.513400 0.347800
0.513600 0.344360
0.513800 0.340944
0.514000 0.337552
0.514200 0.334185
0.514400 0.330841
0.514600 0.327522
0.514800 0.324226
0.515000 0.320955
0.515200 0.317707
0.515400 0.314483
0.515600 0.311283
0.515800 0.308107
0.516000 0.304955
0.516200 0.301826
0.516400 0.298720
0.516600 0.295639
0.516800 0.292580
0.517000 0.289545
0.517200 0.286533
0.517400 0.283545
0.517600 0.280579
0.517800 0.277637
0.518000 0.274717
0.518200 0.271821
0.518400 0.268947
0.518600 0.266096
0.518800 0.263268
0.519000 0.260462
0.519200 0.257679
0.519400 0.254919
0.519600 0.252180
0.519800 0.249464
0.520000 0.246771
0.520200 0.244099
0.520400 0.241449
0.520600 0.238821
0.520800 0.236215
0.521000 0.233631
0.521200 0.231068
0.521400 0.228527
0.521600 0.226008
0.521800 0.223510
0.522000 0.221033
0.522200 0.218577
0.522400 0.216143
0.522600 0.213729
0.522800 0.211336
0.523000 0.208964
0.523200 0.206613
0.523400 0.204283
0.523600 0.201973
0.523800 0.199683
0.524000 0.197413
0.524200 0.195164
0.524400 0.192935
0.524600 0.190726
0.524800 0.188537
0.525000 0.186368
0.525200 0.184218
0.525400 0.182088
0.525600 0.179977
0.525800 0.177886
0.526000 0.175814
0.526200 0.173761
0.526400 0.171727
0.526600 0.169712
0.526800 0.167716
0.527000 0.165739
0.527200 0.163780
0.527400 0.161840
0.527600 0.159919
0.527800 0.158015
0.528000 0.156130
0.528200 0.154263
0.528400 0.152413
0.528600 0.150582
0.528800 0.148768
0.529000 0.146972
0.529200 0.145194
0.529400 0.143433
0.529600 0.141689
0.529800 0.139963
0.530000 0.138253
0.530200 0.136561
0.530400 0.134885
0.530600 0.133226
0.530800 0.131584
0.531000 0.129958
0.531200 0.128349
0.531400 0.126756
0.531600 0.125179
0.531800 0.123618
0.532000 0.122073
0.532200 0.120544
0.532400 0.119031
0.532600 0.117534
0.532800 0.116051
0.533000 0.114585
0.533200 0.113133
0.533400 0.111697
0.533600 0.110276
0.533800 0.108870
0.534000 0.107479
0.534200 0.106102
0.534400 0.104740
0.534600 0.103393
0.534800 0.102060
0.535000 0.100741
0.535200 0.099437
0.535400 0.098146
0.535600 0.096870
0.535800 0.095607
0.536000 0.094358
0.536200 0.093123
0.536400 0.091902
0.536600 0.090693
0.536800 0.089499
0.537000 0.088317
0.537200 0.087148
0.537400 0.085993
0.537600 0.084850
0.537800 0.083720
0.538000 0.082603
0.538200 0.081498
0.538400 0.080406
0.538600 0.079326
0.538800 0.078259
0.539000 0.077203
0.539200 0.076160
0.539400 0.075129
0.539600 0.074109
0.539800 0.073101
0.540000 0.072105
0.540200 0.071121
0.540400 0.070147
0.540600 0.069186
0.540800 0.068235
0.541000 0.067295
0.541200 0.066367
0.541400 0.065450
0.541600 0.064543
0.541800 0.063647
0.542000 0.062762
0.542200 0.061887
0.542400 0.061023
0.542600 0.060169
0.542800 0.059325
0.543000 0.058491
0.543200 0.057668
0.543400 0.056854
0.543600 0.056051
0.543800 0.055257
0.544000 0.054473
0.544200 0.053698
0.544400 0.052933
0.544600 0.052177
0.544800 0.051431
0.545000 0.050694
0.545200 0.049966
0.545400 0.049247
0.545600 0.048537
0.545800 0.047836
0.546000 0.047143
0.546200 0.046459
0.546400 0.045784
0.546600 0.045118
0.546800 0.044460
0.547000 0.043810
0.547200 0.043168
0.547400 0.042535
0.547600 0.041910
0.547800 0.041293
0.548000 0.040683
0.548200 0.040082
0.548400 0.039488
0.548600 0.038902
0.548800 0.038324
0.549000 0.037753
0.549200 0.037189
0.549400 0.036633
0.549600 0.036084
0.549800 0.035543
0.550000 0.035008
0.550200 0.034481
0.550400 0.033960
0.550600 0.033447
0.550800 0.032940
0.551000 0.032440
0.551200 0.031947
0.551400 0.031460
0.551600 0.030980
0.551800 0.030506
0.552000 0.030038
0.552200 0.029577
0.552400 0.029123
0.552600 0.028674
0.552800 0.028231
0.553000 0.027795
0.553200 0.027364
0.553400 0.026940
0.553600 0.026521
0.553800 0.026108
0.554000 0.025701
0.554200 0.025299
0.554400 0.024903
0.554600 0.024512
0.554800 0.024127
0.555000 0.023747
0.555200 0.023373
0.555400 0.023003
0.555600 0.022639
0.555800 0.022280
0.556000 0.021926
0.556200 0.021577
0.556400 0.021233
0.556600 0.020894
0.556800 0.020560
0.557000 0.020231
0.557200 0.019906
0.557400 0.019586
0.557600 0.019270
0.557800 0.018959
0.558000 0.018653
0.558200 0.018351
0.558400 0.018053
0.558600 0.017760
0.558800 0.017471
0.559000 0.017186
0.559200 0.016905
0.559400 0.016628
0.559600 0.016356
0.559800 0.016087
0.560000 0.015823
0.560200 0.015562
0.560400 0.015305
0.560600 0.015052
0.560800 0.014803
0.561000 0.014557
0.561200 0.014315
0.561400 0.014077
0.561600 0.013842
0.561800 0.013611
0.562000 0.013384
0.562200 0.013159
0.562400 0.012938
0.562600 0.012721
0.562800 0.012507
0.563000 0.012296
0.563200 0.012088
0.563400 0.011883
0.563600 0.011682
0.563800 0.011483
0.564000 0.011288
0.564200 0.011096
0.564400 0.010906
0.564600 0.010720
0.564800 0.010536
0.565000 0.010356
0.565200 0.010178
0.565400 0.010003
0.565600 0.009830
0.565800 0.009660
0.566000 0.009493
0.566200 0.009329
0.566400 0.009167
0.566600 0.009008
0.566800 0.008851
0.567000 0.008697
0.567200 0.008545
0.567400 0.008396
0.567600 0.008248
0.567800 0.008104
0.568000 0.007961
0.568200 0.007821
0.568400 0.007683
0.568600 0.007548
0.568800 0.007414
0.569000 0.007283
0.569200 0.007154
0.569400 0.007026
0.569600 0.006901
0.569800 0.006778
0.570000 0.006657
0.570200 0.006538
0.570400 0.006421
0.570600 0.006306
0.570800 0.006193
0.571000 0.006081
0.571200 0.005972
0.571400 0.005864
0.571600 0.005758
0.571800 0.005654
0.572000 0.005551
0.572200 0.005450
0.572400 0.005351
0.572600 0.005254
0.572800 0.005158
0.573000 0.005063
0.573200 0.004971
0.573400 0.004880
0.573600 0.004790
0.573800 0.004702
0.574000 0.004615
0.574200 0.004530
0.574400 0.004447
0.574600 0.004364
0.574800 0.004283
0.575000 0.004204
0.575200 0.004126
0.575400 0.004049
0.575600 0.003974
0.575800 0.003899
0.576000 0.003826
0.576200 0.003755
0.576400 0.003684
0.576600 0.003615
0.576800 0.003547
0.577000 0.003480
0.577200 0.003415
0.577400 0.003350
0.577600 0.003287
0.577800 0.003224
0.578000 0.003163
0.578200 0.003103
0.578400 0.003044
0.578600 0.002986
0.578800 0.002929
0.579000 0.002873
0.579200 0.002818
0.579400 0.002764
0.579600 0.002711
0.579800 0.002659
0.580000 0.002608
0.580200 0.002557
0.580400 0.002508
0.580600 0.002459
0.580800 0.002412
0.581000 0.002365
0.581200 0.002319
0.581400 0.002274
0.581600 0.002230
0.581800 0.002186
0.582000 0.002143
0.582200 0.002101
0.582400 0.002060
0.582600 0.002020
0.582800 0.001980
0.583000 0.001941
0.583200 0.001903
0.583400 0.001865
0.583600 0.001828
0.583800 0.001792
0.584000 0.001757
0.584200 0.001722
0.584400 0.001688
0.584600 0.001654
0.584800 0.001621
0.585000 0.001589
0.585200 0.001557
0.585400 0.001526
0.585600 0.001495
0.585800 0.001465
0.586000 0.001436
0.586200 0.001407
0.586400 0.001378
0.586600 0.001351
0.586800 0.001323
0.587000 0.001297
0.587200 0.001270
0.587400 0.001244
0.587600 0.001219
0.587800 0.001194
0.588000 0.001170
0.588200 0.001146
0.588400 0.001123
0.588600 0.001100
0.588800 0.001077
0.589000 0.001055
0.589200 0.001033
0.589400 0.001012
0.589600 0.000991
0.589800 0.000971
0.590000 0.000951
0.590200 0.000931
0.590400 0.000912
0.590600 0.000893
0.590800 0.000874
0.591000 0.000856
0.591200 0.000838
0.591400 0.000821
0.591600 0.000804
0.591800 0.000787
0.592000 0.000770
0.592200 0.000754
0.592400 0.000738
0.592600 0.000723
0.592800 0.000708
0.593000 0.000693
0.593200 0.000678
0.593400 0.000664
0.593600 0.000650
0.593800 0.000636
0.594000 0.000622
0.594200 0.000609
0.594400 0.000596
0.594600 0.000584
0.594800 0.000571
0.595000 0.000559
0.595200 0.000547
0.595400 0.000535
0.595600 0.000524
0.595800 0.000513
0.596000 0.000501
0.596200 0.000491
0.596400 0.000480
0.596600 0.000470
0.596800 0.000460
0.597000 0.000450
0.597200 0.000440
0.597400 0.000430
0.597600 0.000421
0.597800 0.000412
0.598000 0.000403
0.598200 0.000394
0.598400 0.000385
0.598600 0.000377
0.598800 0.000369
0.599000 0.000361
0.599200 0.000353
0.599400 0.000345
0.599600 0.000337
0.599800 0.000330
0.600000 0.000323
0.600200 0.000316
0.600400 0.000309
0.600600 0.000302
0.600800 0.000295
0.601000 0.000289
0.601200 0.000282
0.601400 0.000276
0.601600 0.000270
0.601800 0.000264
0.602000 0.000258
0.602200 0.000252
0.602400 0.000246
0.602600 0.000241
0.602800 0.000235
0.603000 0.000230
0.603200 0.000225
0.603400 0.000220
0.603600 0.000215
0.603800 0.000210
0.604000 0.000205
0.604200 0.000201
0.604400 0.000196
0.604600 0.000192
0.604800 0.000187
0.605000 0.000183
0.605200 0.000179
0.605400 0.000175
0.605600 0.000171
0.605800 0.000167
0.606000 0.000163
0.606200 0.000159
0.606400 0.000156
0.606600 0.000152
0.606800 0.000149
0.607000 0.000145
0.607200 0.000142
0.607400 0.000139
0.607600 0.000135
0.607800 0.000132
0.608000 0.000129
0.608200 0.000126
0.608400 0.000123
0.608600 0.000120
0.608800 0.000118
0.609000 0.000115
0.609200 0.000112
0.609400 0.000109
0.609600 0.000107
0.609800 0.000104
0.610000 0.000102
0.610200 0.000100
0.610400 0.000097
0.610600 0.000095
0.610800 0.000093
0.611000 0.000091
0.611200 0.000088
0.611400 0.000086
0.611600 0.000084
0.611800 0.000082
0.612000 0.000080
0.612200 0.000078
0.612400 0.000077
0.612600 0.000075
0.612800 0.000073
0.613000 0.000071
0.613200 0.000069
0.613400 0.000068
0.613600 0.000066
0.613800 0.000065
0.614000 0.000063
0.614200 0.000062
0.614400 0.000060
0.614600 0.000059
0.614800 0.000057
0.615000 0.000056
0.615200 0.000054
0.615400 0.000053
0.615600 0.000052
0.615800 0.000051
0.616000 0.000049
0.616200 0.000048
0.616400 0.000047
0.616600 0.000046
0.616800 0.000045
0.617000 0.000044
0.617200 0.000043
0.617400 0.000042
0.617600 0.000040
0.617800 0.000040
0.618000 0.000039
0.618200 0.000038
0.618400 0.000037
0.618600 0.000036
0.618800 0.000035
0.619000 0.000034
0.619200 0.000033
0.619400 0.000032
0.619600 0.000032
0.619800 0.000031
0.620000 0.000030
0.620200 0.000029
0.620400 0.000029
0.620600 0.000028
0.620800 0.000027
0.621000 0.000026
0.621200 0.000026
0.621400 0.000025
0.621600 0.000024
0.621800 0.000024
0.622000 0.000023
0.622200 0.000023
0.622400 0.000022
0.622600 0.000022
0.622800 0.000021
0.623000 0.000020
0.623200 0.000020
0.623400 0.000019
0.623600 0.000019
0.623800 0.000018
0.624000 0.000018
0.624200 0.000018
0.624400 0.000017
0.624600 0.000017
0.624800 0.000016
0.625000 0.000016
0.625200 0.000015
0.625400 0.000015
0.625600 0.000015
0.625800 0.000014
0.626000 0.000014
0.626200 0.000014
0.626400 0.000013
0.626600 0.000013
0.626800 0.000013
0.627000 0.000012
0.627200 0.000012
0.627400 0.000012
0.627600 0.000011
0.627800 0.000011
0.628000 0.000011
0.628200 0.000010
0.628400 0.000010
0.628600 0.000010
0.628800 0.000010
0.629000 0.000009
0.629200 0.000009
0.629400 0.000009
0.629600 0.000009
0.629800 0.000008
0.630000 0.000008
0.630200 0.000008
0.630400 0.000008
0.630600 0.000008
0.630800 0.000007
0.631000 0.000007
0.631200 0.000007
0.631400 0.000007
0.631600 0.000007
0.631800 0.000006
0.632000 0.000006
0.632200 0.000006
0.632400 0.000006
0.632600 0.000006
0.632800 0.000006
0.633000 0.000005
0.633200 0.000005
0.633400 0.000005
0.633600 0.000005
0.633800 0.000005
0.634000 0.000005
0.634200 0.000005
0.634400 0.000005
0.634600 0.000004
0.634800 0.000004
0.635000 0.000004
0.635200 0.000004
0.635400 0.000004
0.635600 0.000004
0.635800 0.000004
0.636000 0.000004
0.636200 0.000004
0.636400 0.000003
0.636600 0.000003
0.636800 0.000003
0.637000 0.000003
0.637200 0.000003
0.637400 0.000003
0.637600 0.000003
0.637800 0.000003
0.638000 0.000003
0.638200 0.000003
0.638400 0.000003
0.638600 0.000003
0.638800 0.000002
0.639000 0.000002
0.639200 0.000002
0.639400 0.000002
0.639600 0.000002
0.639800 0.000002
0.640000 0.000002
0.640200 0.000002
0.640400 0.000002
0.640600 0.000002
0.640800 0.000002
0.641000 0.000002
0.641200 0.000002
0.641400 0.000002
0.641600 0.000002
0.641800 0.000002
0.642000 0.000002
0.642200 0.000002
0.642400 0.000001
0.642600 0.000001
0.642800 0.000001
0.643000 0.000001
0.643200 0.000001
0.643400 0.000001
0.643600 0.000001
0.643800 0.000001
0.644000 0.000001
0.644200 0.000001
0.644400 0.000001
0.644600 0.000001
0.644800 0.000001
0.645000 0.000001
0.645200 0.000001
0.645400 0.000001
0.645600 0.000001
0.645800 0.000001
0.646000 0.000001
0.646200 0.000001
0.646400 0.000001
0.646600 0.000001
0.646800 0.000001
0.647000 0.000001
0.647200 0.000001
0.647400 0.000001
0.647600 0.000001
0.647800 0.000001
0.648000 0.000001
0.648200 0.000001
0.648400 0.000001
0.648600 0.000001
0.648800 0.000001
0.649000 0.000001
0.649200 0.000001
0.649400 0.000001
0.649600 0.000001
0.649800 0.000001
0.650000 0.000000
0.650200 0.000000
0.650400 0.000000
0.650600 0.000000
0.650800 0.000000
0.651000 0.000000
0.651200 0.000000
0.651400 0.000000
0.651600 0.000000
0.651800 0.000000
0.652000 0.000000
0.652200 0.000000
0.652400 0.000000
0.652600 0.000000
0.652800 0.000000
0.653000 0.000000
0.653200 0.000000
0.653400 0.000000
0.653600 0.000000
0.653800 0.000000
0.654000 0.000000
0.654200 0.000000
0.654400 0.000000
0.654600 0.000000
0.654800 0.000000
0.655000 0.000000
0.655200 0.000000
0.655400 0.000000
0.655600 0.000000
0.655800 0.000000
0.656000 0.000000
0.656200 0.000000
0.656400 0.000000
0.656600 0.000000
0.656800 0.000000
0.657000 0.000000
0.657200 0.000000
0.657400 0.000000
0.657600 0.000000
0.657800 0.000000
0.658000 0.000000
0.658200 0.000000
0.658400 0.000000
0.658600 0.000000
0.658800 0.000000
0.659000 0.000000
0.659200 0.000000
0.659400 0.000000
0.659600 0.000000
0.659800 0.000000
0.660000 0.000000
0.660200 0.000000
0.660400 0.000000
0.660600 0.000000
0.660800 0.000000
0.661000 0.000000
0.661200 0.000000
0.661400 0.000000
0.661600 0.000000
0.661800 0.000000
0.662000 0.000000
0.662200 0.000000
0.662400 0.000000
0.662600 0.000000
0.662800 0.000000
0.663000 0.000000
0.663200 0.000000
0.663400 0.000000
0.663600 0.000000
0.663800 0.000000
0.664000 0.000000
0.664200 0.000000
0.664400 0.000000
0.664600 0.000000
0.664800 0.000000
0.665000 0.000000
0.665200 0.000000
0.665400 0.000000
0.665600 0.000000
0.665800 0.000000
0.666000 0.000000
0.666200 0.000000
0.666400 0.000000
0.666600 0.000000
0.666800 0.000000
0.667000 0.000000
0.667200 0.000000
0.667400 0.000000
0.667600 0.000000
0.667800 0.000000
0.668000 0.000000
0.668200 0.000000
0.668400 0.000000
0.668600 0.000000
0.668800 0.000000
0.669000 0.000000
0.669200 0.000000
0.669400 0.000000
0.669600 0.000000
0.669800 0.000000
0.670000 0.000000
0.670200 0.000000
0.670400 0.000000
0.670600 0.000000
0.670800 0.000000
0.671000 0.000000
0.671200 0.000000
0.671400 0.000000
0.671600 0.000000
0.671800 0.000000
0.672000 0.000000
0.672200 0.000000
0.672400 0.000000
0.672600 0.000000
0.672800 0.000000
0.673000 0.000000
0.673200 0.000000
0.673400 0.000000
0.673600 0.000000
0.673800 0.000000
0.674000 0.000000
0.674200 0.000000
0.674400 0.000000
0.674600 0.000000
0.674800 0.000000
0.675000 0.000000
0.675200 0.000000
0.675400 0.000000
0.675600 0.000000
0.675800 0.000000
0.676000 0.000000
0.676200 0.000000
0.676400 0.000000
0.676600 0.000000
0.676800 0.000000
0.677000 0.000000
0.677200 0.000000
0.677400 0.000000
0.677600 0.000000
0.677800 0.000000
0.678000 0.000000
0.678200 0.000000
0.678400 0.000000
0.678600 0.000000
0.678800 0.000000
0.679000 0.000000
0.679200 0.000000
0.679400 0.000000
0.679600 0.000000
0.679800 0.000000
0.680000 0.000000
0.680200 0.000000
0.680400 0.000000
0.680600 0.000000
0.680800 0.000000
0.681000 0.000000
0.681200 0.000000
0.681400 0.000000
0.681600 0.000000
0.681800 0.000000
0.682000 0.000000
0.682200 0.000000
0.682400 0.000000
0.682600 0.000000
0.682800 0.000000
0.683000 0.000000
0.683200 0.000000
0.683400 0.000000
0.683600 0.000000
0.683800 0.000000
0.684000 0.000000
0.684200 0.000000
0.684400 0.000000
0.684600 0.000000
0.684800 0.000000
0.685000 0.000000
0.685200 0.000000
0.685400 0.000000
0.685600 0.000000
0.685800 0.000000
0.686000 0.000000
0.686200 0.000000
0.686400 0.000000
0.686600 0.000000
0.686800 0.000000
0.687000 0.000000
0.687200 0.000000
0.687400 0.000000
0.687600 0.000000
0.687800 0.000000
0.688000 0.000000
0.688200 0.000000
0.688400 0.000000
0.688600 0.000000
0.688800 0.000000
0.689000 0.000000
0.689200 0.000000
0.689400 0.000000
0.689600 0.000000
0.689800 0.000000
0.690000 0.000000
0.690200 0.000000
0.690400 0.000000
0.690600 0.000000
0.690800 0.000000
0.691000 0.000000
0.691200 0.000000
0.691400 0.000000
0.691600 0.000000
0.691800 0.000000
0.692000 0.000000
0.692200 0.000000
0.692400 0.000000
0.692600 0.000000
0.692800 0.000000
0.693000 0.000000
0.693200 0.000000
0.693400 0.000000
0.693600 0.000000
0.693800 0.000000
0.694000 0.000000
0.694200 0.000000
0.694400 0.000000
0.694600 0.000000
0.694800 0.000000
0.695000 0.000000
0.695200 0.000000
0.695400 0.000000
0.695600 0.000000
0.695800 0.000000
0.696000 0.000000
0.696200 0.000000
0.696400 0.000000
0.696600 0.000000
0.696800 0.000000
0.697000 0.000000
0.697200 0.000000
0.697400 0.000000
0.697600 0.000000
0.697800 0.000000
0.698000 0.000000
0.698200 0.000000
0.698400 0.000000
0.698600 0.000000
0.698800 0.000000
0.699000 0.000000
0.699200 0.000000
0.699400 0.000000
0.699600 0.000000
0.699800 0.000000
0.700000 0.000000
0.700200 0.000000
0.700400 0.000000
0.700600 0.000000
0.700800 0.000000
0.701000 0.000000
0.701200 0.000000
0.701400 0.000000
0.701600 0.000000
0.701800 0.000000
0.702000 0.000000
0.702200 0.000000
0.702400 0.000000
0.702600 0.000000
0.702800 0.000000
0.703000 0.000000
0.703200 0.000000
0.703400 0.000000
0.703600 0.000000
0.703800 0.000000
0.704000 0.000000
0.704200 0.000000
0.704400 0.000000
0.704600 0.000000
0.704800 0.000000
0.705000 0.000000
0.705200 0.000000
0.705400 0.000000
0.705600 0.000000
0.705800 0.000000
0.706000 0.000000
0.706200 0.000000
0.706400 0.000000
0.706600 0.000000
0.706800 0.000000
0.707000 0.000000
0.707200 0.000000
0.707400 0.000000
0.707600 0.000000
0.707800 0.000000
0.708000 0.000000
0.708200 0.000000
0.708400 0.000000
0.708600 0.000000
0.708800 0.000000
0.709000 0.000000
0.709200 0.000000
0.709400 0.000000
0.709600 0.000000
0.709800 0.000000
0.710000 0.000000
0.710200 0.000000
0.710400 0.000000
0.710600 0.000000
0.710800 0.000000
0.711000 0.000000
0.711200 0.000000
0.711400 0.000000
0.711600 0.000000
0.711800 0.000000
0.712000 0.000000
0.712200 0.000000
0.712400 0.000000
0.712600 0.000000
0.712800 0.000000
0.713000 0.000000
0.713200 0.000000
0.713400 0.000000
0.713600 0.000000
0.713800 0.000000
0.714000 0.000000
0.714200 0.000000
0.714400 0.000000
0.714600 0.000000
0.714800 0.000000
0.715000 0.000000
0.715200 0.000000
0.715400 0.000000
0.715600 0.000000
0.715800 0.000000
0.716000 0.000000
0.716200 0.000000
0.716400 0.000000
0.716600 0.000000
0.716800 0.000000
0.717000 0.000000
0.717200 0.000000
0.717400 0.000000
0.717600 0.000000
0.717800 0.000000
0.718000 0.000000
0.718200 0.000000
0.718400 0.000000
0.718600 0.000000
0.718800 0.000000
0.719000 0.000000
0.719200 0.000000
0.719400 0.000000
0.719600 0.000000
0.719800 0.000000
0.720000 0.000000
0.720200 0.000000
0.720400 0.000000
0.720600 0.000000
0.720800 0.000000
0.721000 0.000000
0.721200 0.000000
0.721400 0.000000
0.721600 0.000000
0.721800 0.000000
0.722000 0.000000
0.722200 0.000000
0.722400 0.000000
0.722600 0.000000
0.722800 0.000000
0.723000 0.000000
0.723200 0.000000
0.723400 0.000000
0.723600 0.000000
0.723800 0.000000
0.724000 0.000000
0.724200 0.000000
0.724400 0.000000
0.724600 0.000000
0.724800 0.000000
0.725000 0.000000
0.725200 0.000000
0.725400 0.000000
0.725600 0.000000
0.725800 0.000000
0.726000 0.000000
0.726200 0.000000
0.726400 0.000000
0.726600 0.000000
0.726800 0.000000
0.727000 0.000000
0.727200 0.000000
0.727400 0.000000
0.727600 0.000000
0.727800 0.000000
0.728000 0.000000
0.728200 0.000000
0.728400 0.000000
0.728600 0.000000
0.728800 0.000000
0.729000 0.000000
0.729200 0.000000
0.729400 0.000000
0.729600 0.000000
0.729800 0.000000
0.730000 0.000000
0.730200 0.000000
0.730400 0.000000
0.730600 0.000000
0.730800 0.000000
0.731000 0.000000
0.731200 0.000000
0.731400 0.000000
0.731600 0.000000
0.731800 0.000000
0.732000 0.000000
0.732200 0.000000
0.732400 0.000000
0.732600 0.000000
0.732800 0.000000
0.733000 0.000000
0.733200 0.000000
0.733400 0.000000
0.733600 0.000000
0.733800 0.000000
0.734000 0.000000
0.734200 0.000000
0.734400 0.000000
0.734600 0.000000
0.734800 0.000000
0.735000 0.000000
0.735200 0.000000
0.735400 0.000000
0.735600 0.000000
0.735800 0.000000
0.736000 0.000000
0.736200 0.000000
0.736400 0.000000
0.736600 0.000000
0.736800 0.000000
0.737000 0.000000
0.737200 0.000000
0.737400 0.000000
0.737600 0.000000
0.737800 0.000000
0.738000 0.000000
0.738200 0.000000
0.738400 0.000000
0.738600 0.000000
0.738800 0.000000
0.739000 0.000000
0.739200 0.000000
0.739400 0.000000
0.739600 0.000000
0.739800 0.000000
0.740000 0.000000
0.740200 0.000000
0.740400 0.000000
0.740600 0.000000
0.740800 0.000000
0.741000 0.000000
0.741200 0.000000
0.741400 0.000000
0.741600 0.000000
0.741800 0.000000
0.742000 0.000000
0.742200 0.000000
0.742400 0.000000
0.742600 0.000000
0.742800 0.000000
0.743000 0.000000
0.743200 0.000000
0.743400 0.000000
0.743600 0.000000
0.743800 0.000000
0.744000 0.000000
0.744200 0.000000
0.744400 0.000000
0.744600 0.000000
0.744800 0.000000
0.745000 0.000000
0.745200 0.000000
0.745400 0.000000
0.745600 0.000000
0.745800 0.000000
0.746000 0.000000
0.746200 0.000000
0.746400 0.000000
0.746600 0.000000
0.746800 0.000000
0.747000 0.000000
0.747200 0.000000
0.747400 0.000000
0.747600 0.000000
0.747800 0.000000
0.748000 0.000000
0.748200 0.000000
0.748400 0.000000
0.748600 0.000000
0.748800 0.000000
0.749000 0.000000
0.749200 0.000000
0.749400 0.000000
0.749600 0.000000
0.749800 0.000000
0.750000 0.000000
0.750200 0.000000
0.750400 0.000000
0.750600 0.000000
0.750800 0.000000
0.751000 0.000000
0.751200 0.000000
0.751400 0.000000
0.751600 0.000000
0.751800 0.000000
0.752000 0.000000
0.752200 0.000000
0.752400 0.000000
0.752600 0.000000
0.752800 0.000000
0.753000 0.000000
0.753200 0.000000
0.753400 0.000000
0.753600 0.000000
0.753800 0.000000
0.754000 0.000000
0.754200 0.000000
0.754400 0.000000
0.754600 0.000000
0.754800 0.000000
0.755000 0.000000
0.755200 0.000000
0.755400 0.000000
0.755600 0.000000
0.755800 0.000000
0.756000 0.000000
0.756200 0.000000
0.756400 0.000000
0.756600 0.000000
0.756800 0.000000
0.757000 0.000000
0.757200 0.000000
0.757400 0.000000
0.757600 0.000000
0.757800 0.000000
0.758000 0.000000
0.758200 0.000000
0.758400 0.000000
0.758600 0.000000
0.758800 0.000000
0.759000 0.000000
0.759200 0.000000
0.759400 0.000000
0.759600 0.000000
0.759800 0.000000
0.760000 0.000000
0.760200 0.000000
0.760400 0.000000
0.760600 0.000000
0.760800 0.000000
0.761000 0.000000
0.761200 0.000000
0.761400 0.000000
0.761600 0.000000
0.761800 0.000000
0.762000 0.000000
0.762200 0.000000
0.762400 0.000000
0.762600 0.000000
0.762800 0.000000
0.763000 0.000000
0.763200 0.000000
0.763400 0.000000
0.763600 0.000000
0.763800 0.000000
0.764000 0.000000
0.764200 0.000000
0.764400 0.000000
0.764600 0.000000
0.764800 0.000000
0.765000 0.000000
0.765200 0.000000
0.765400 0.000000
0.765600 0.000000
0.765800 0.000000
0.766000 0.000000
0.766200 0.000000
0.766400 0.000000
0.766600 0.000001
0.766800 0.000001
0.767000 0.000001
0.767200 0.000001
0.767400 0.000001
0.767600 0.000001
0.767800 0.000001
0.768000 0.000001
0.768200 0.000001
0.768400 0.000001
0.768600 0.000001
0.768800 0.000001
0.769000 0.000001
0.769200 0.000001
0.769400 0.000001
0.769600 0.000002
0.769800 0.000002
0.770000 0.000002
0.770200 0.000002
0.770400 0.000002
0.770600 0.000002
0.770800 0.000002
0.771000 0.000002
0.771200 0.000003
0.771400 0.000003
0.771600 0.000003
0.771800 0.000003
0.772000 0.000004
0.772200 0.000004
0.772400 0.000004
0.772600 0.000004
0.772800 0.000005
0.773000 0.000005
0.773200 0.000005
0.773400 0.000006
0.773600 0.000006
0.773800 0.000006
0.774000 0.000007
0.774200 0.000007
0.774400 0.000008
0.774600 0.000008
0.774800 0.000009
0.775000 0.000010
0.775200 0.000010
0.775400 0.000011
0.775600 0.000012
0.775800 0.000013
0.776000 0.000013
0.776200 0.000014
0.776400 0.000015
0.776600 0.000016
0.776800 0.000017
0.777000 0.000019
0.777200 0.000020
0.777400 0.000021
0.777600 0.000022
0.777800 0.000024
0.778000 0.000026
0.778200 0.000027
0.778400 0.000029
0.778600 0.000031
0.778800 0.000033
0.779000 0.000035
0.779200 0.000037
0.779400 0.000040
0.779600 0.000042
0.779800 0.000045
0.780000 0.000048
0.780200 0.000051
0.780400 0.000054
0.780600 0.000058
0.780800 0.000061
0.781000 0.000065
0.781200 0.000069
0.781400 0.000074
0.781600 0.000079
0.781800 0.000083
0.782000 0.000089
0.782200 0.000094
0.782400 0.000100
0.782600 0.000106
0.782800 0.000113
0.783000 0.000120
0.783200 0.000127
0.783400 0.000135
0.783600 0.000143
0.783800 0.000152
0.784000 0.000161
0.784200 0.000171
0.784400 0.000182
0.784600 0.000193
0.784800 0.000204
0.785000 0.000217
0.785200 0.000230
0.785400 0.000243
0.785600 0.000258
0.785800 0.000273
0.786000 0.000290
0.786200 0.000307
0.786400 0.000325
0.786600 0.000344
0.786800 0.000364
0.787000 0.000385
0.787200 0.000408
0.787400 0.000432
0.787600 0.000457
0.787800 0.000483
0.788000 0.000511
0.788200 0.000540
0.788400 0.000571
0.788600 0.000604
0.788800 0.000639
0.789000 0.000675
0.789200 0.000713
0.789400 0.000753
0.789600 0.000796
0.789800 0.000841
0.790000 0.000888
0.790200 0.000937
0.790400 0.000990
0.790600 0.001045
0.790800 0.001103
0.791000 0.001163
0.791200 0.001228
0.791400 0.001295
0.791600 0.001366
0.791800 0.001440
0.792000 0.001519
0.792200 0.001601
0.792400 0.001688
0.792600 0.001779
0.792800 0.001874
0.793000 0.001975
0.793200 0.002080
0.793400 0.002191
0.793600 0.002307
0.793800 0.002429
0.794000 0.002557
0.794200 0.002692
0.794400 0.002833
0.794600 0.002981
0.794800 0.003136
0.795000 0.003299
0.795200 0.003470
0.795400 0.003649
0.795600 0.003836
0.795800 0.004033
0.796000 0.004239
0.796200 0.004455
0.796400 0.004681
0.796600 0.004918
0.796800 0.005166
0.797000 0.005426
0.797200 0.005698
0.797400 0.005983
0.797600 0.006280
0.797800 0.006592
0.798000 0.006918
0.798200 0.007259
0.798400 0.007616
0.798600 0.007989
0.798800 0.008379
0.799000 0.008786
0.799200 0.009212
0.799400 0.009657
0.799600 0.010122
0.799800 0.010607
0.800000 0.011115
0.800200 0.011644
0.800400 0.012197
0.800600 0.012774
0.800800 0.013377
0.801000 0.014005
0.801200 0.014661
0.801400 0.015345
0.801600 0.016059
0.801800 0.016803
0.802000 0.017579
0.802200 0.018388
0.802400 0.019231
0.802600 0.020109
0.802800 0.021024
0.803000 0.021978
0.803200 0.022971
0.803400 0.024005
0.803600 0.025082
0.803800 0.026204
0.804000 0.027371
0.804200 0.028585
0.804400 0.029849
0.804600 0.031163
0.804800 0.032531
0.805000 0.033953
0.805200 0.035432
0.805400 0.036969
0.805600 0.038568
0.805800 0.040228
0.806000 0.041954
0.806200 0.043747
0.806400 0.045610
0.806600 0.047544
0.806800 0.049553
0.807000 0.051638
0.807200 0.053803
0.807400 0.056049
0.807600 0.058381
0.807800 0.060800
0.808000 0.063309
0.808200 0.065911
0.808400 0.068609
0.808600 0.071407
0.808800 0.074308
0.809000 0.077313
0.809200 0.080428
0.809400 0.083656
0.809600 0.086999
0.809800 0.090462
0.810000 0.094047
0.810200 0.097760
0.810400 0.101603
0.810600 0.105581
0.810800 0.109697
0.811000 0.113956
0.811200 0.118362
0.811400 0.122918
0.811600 0.127631
0.811800 0.132503
0.812000 0.137539
0.812200 0.142745
0.812400 0.148124
0.812600 0.153682
0.812800 0.159424
0.813000 0.165354
0.813200 0.171478
0.813400 0.177801
0.813600 0.184328
0.813800 0.191065
0.814000 0.198017
0.814200 0.205190
0.814400 0.212589
0.814600 0.220221
0.814800 0.228091
0.815000 0.236205
0.815200 0.244570
0.815400 0.253191
0.815600 0.262074
0.815800 0.271228
0.816000 0.280656
0.816200 0.290367
0.816400 0.300367
0.816600 0.310663
0.816800 0.321262
0.817000 0.332169
0.817200 0.343394
0.817400 0.354942
0.817600 0.366821
0.817800 0.379038
0.818000 0.391601
0.818200 0.404516
0.818400 0.417793
0.818600 0.431437
0.818800 0.445457
0.819000 0.459861
0.819200 0.474656
0.819400 0.489850
0.819600 0.505452
0.819800 0.521469
0.820000 0.537909
0.820200 0.554780
0.820400 0.572091
0.820600 0.589850
0.820800 0.608064
0.821000 0.626743
0.821200 0.645895
0.821400 0.665527
0.821600 0.685649
0.821800 0.706269
0.822000 0.727394
0.822200 0.749034
0.822400 0.771198
0.822600 0.793892
0.822800 0.817126
0.823000 0.840909
0.823200 0.865248
0.823400 0.890153
0.823600 0.915630
0.823800 0.941690
0.824000 0.968339
0.824200 0.995586
0.824400 1.023440
0.824600 1.051908
0.824800 1.080999
0.825000 1.110720
0.825200 1.141080
0.825400 1.172086
0.825600 1.203746
0.825800 1.236067
0.826000 1.269057
0.826200 1.302724
0.826400 1.337074
0.826600 1.372115
0.826800 1.407854
0.827000 1.444298
0.827200 1.481452
0.827400 1.519325
0.827600 1.557922
0.827800 1.597248
0.828000 1.637312
0.828200 1.678117
0.828400 1.719669
0.828600 1.761975
0.828800 1.805038
0.829000 1.848864
0.829200 1.893458
0.829400 1.938823
0.829600 1.984964
0.829800 2.031886
0.830000 2.079590
0.830200 2.128081
0.830400 2.177362
0.830600 2.227434
0.830800 2.278302
0.831000 2.329966
0.831200 2.382428
0.831400 2.435690
0.831600 2.489752
0.831800 2.544616
0.832000 2.600282
0.832200 2.656748
0.832400 2.714016
0.832600 2.772084
0.832800 2.830951
0.833000 2.890615
0.833200 2.951075
0.833400 3.012326
0.833600 3.074368
0.833800 3.137196
0.834000 3.200806
0.834200 3.265194
0.834400 3.330356
0.834600 3.396286
0.834800 3.462979
0.835000 3.530428
0.835200 3.598628
0.835400 3.667570
0.835600 3.737247
0.835800 3.807652
0.836000 3.878775
0.836200 3.950607
0.836400 4.023140
0.836600 4.096363
0.836800 4.170265
0.837000 4.244835
0.837200 4.320061
0.837400 4.395932
0.837600 4.472435
0.837800 4.549557
0.838000 4.627283
0.838200 4.705600
0.838400 4.784493
0.838600 4.863947
0.838800 4.943945
0.839000 5.024472
0.839200 5.105511
0.839400 5.187044
0.839600 5.269053
0.839800 5.351521
0.840000 5.434428
0.840200 5.517755
0.840400 5.601482
0.840600 5.685589
0.840800 5.770055
0.841000 5.854858
0.841200 5.939977
0.841400 6.025389
0.841600 6.111072
0.841800 6.197003
0.842000 6.283157
0.842200 6.369511
0.842400 6.456041
0.842600 6.542721
0.842800 6.629526
0.843000 6.716431
0.843200 6.803409
0.843400 6.890434
0.843600 6.977478
0.843800 7.064516
0.844000 7.151519
0.844200 7.238459
0.844400 7.325308
0.844600 7.412038
0.844800 7.498620
0.845000 7.585026
0.845200 7.671224
0.845400 7.757188
0.845600 7.842885
0.845800 7.928288
0.846000 8.013364
0.846200 8.098085
0.846400 8.182420
0.846600 8.266338
0.846800 8.349808
0.847000 8.432800
0.847200 8.515283
0.847400 8.597226
0.847600 8.678597
0.847800 8.759366
0.848000 8.839502
0.848200 8.918974
0.848400 8.997750
0.848600 9.075801
0.848800 9.153094
0.849000 9.229600
0.849200 9.305287
0.849400 9.380125
0.849600 9.454084
0.849800 9.527133
0.850000 9.599243
0.850200 9.670384
0.850400 9.740525
0.850600 9.809639
0.850800 9.877695
0.851000 9.944666
0.851200 10.010522
0.851400 10.075235
0.851600 10.138779
0.851800 10.201125
0.852000 10.262247
0.852200 10.322117
0.852400 10.380711
0.852600 10.438002
0.852800 10.493965
0.853000 10.548575
0.853200 10.601808
0.853400 10.653641
0.853600 10.704050
0.853800 10.753013
0.854000 10.800508
0.854200 10.846514
0.854400 10.891009
0.854600 10.933973
0.854800 10.975387
0.855000 11.015233
0.855200 11.053491
0.855400 11.090145
0.855600 11.125177
0.855800 11.158571
0.856000 11.190313
0.856200 11.220387
0.856400 11.248779
0.856600 11.275476
0.856800 11.300467
0.857000 11.323739
0.857200 11.345281
0.857400 11.365083
0.857600 11.383137
0.857800 11.399433
0.858000 11.413965
0.858200 11.426724
0.858400 11.437706
0.858600 11.446905
0.858800 11.454317
0.859000 11.459938
0.859200 11.463766
0.859400 11.465799
0.859600 11.466036
0.859800 11.464476
0.860000 11.461121
0.860200 11.455972
0.860400 11.449032
0.860600 11.440304
0.860800 11.429791
0.861000 11.417500
0.861200 11.403435
0.861400 11.387603
0.861600 11.370011
0.861800 11.350669
0.862000 11.329584
0.862200 11.306767
0.862400 11.282229
0.862600 11.255980
0.862800 11.228033
0.863000 11.198401
0.863200 11.167097
0.863400 11.134137
0.863600 11.099535
0.863800 11.063307
0.864000 11.025470
0.864200 10.986041
0.864400 10.945039
0.864600 10.902481
0.864800 10.858387
0.865000 10.812778
0.865200 10.765674
0.865400 10.717095
0.865600 10.667065
0.865800 10.615605
0.866000 10.562739
0.866200 10.508489
0.866400 10.452880
0.866600 10.395937
0.866800 10.337684
0.867000 10.278148
0.867200 10.217353
0.867400 10.155327
0.867600 10.092096
0.867800 10.027688
0.868000 9.962131
0.868200 9.895451
0.868400 9.827678
0.868600 9.758841
0.868800 9.688967
0.869000 9.618087
0.869200 9.546230
0.869400 9.473425
0.869600 9.399703
0.869800 9.325093
0.870000 9.249627
0.870200 9.173334
0.870400 9.096245
0.870600 9.018392
0.870800 8.939803
0.871000 8.860512
0.871200 8.780548
0.871400 8.699943
0.871600 8.618727
0.871800 8.536932
0.872000 8.454589
0.872200 8.371728
0.872400 8.288381
0.872600 8.204578
0.872800 8.120350
0.873000 8.035728
0.873200 7.950742
0.873400 7.865422
0.873600 7.779800
0.873800 7.693903
0.874000 7.607764
0.874200 7.521410
0.874400 7.434872
0.874600 7.348178
0.874800 7.261357
0.875000 7.174438
0.875200 7.087449
0.875400 7.000418
0.875600 6.913373
0.875800 6.826340
0.876000 6.739347
0.876200 6.652421
0.876400 6.565587
0.876600 6.478871
0.876800 6.392300
0.877000 6.305897
0.877200 6.219687
0.877400 6.133695
0.877600 6.047945
0.877800 5.962459
0.878000 5.877260
0.878200 5.792372
0.878400 5.707815
0.878600 5.623612
0.878800 5.539783
0.879000 5.456348
0.879200 5.373329
0.879400 5.290743
0.879600 5.208611
0.879800 5.126951
0.880000 5.045780
0.880200 4.965117
0.880400 4.884977
0.880600 4.805379
0.880800 4.726336
0.881000 4.647866
0.881200 4.569983
0.881400 4.492700
0.881600 4.416033
0.881800 4.339994
0.882000 4.264597
0.882200 4.189852
0.882400 4.115773
0.882600 4.042371
0.882800 3.969655
0.883000 3.897637
0.883200 3.826326
0.883400 3.755731
0.883600 3.685862
0.883800 3.616725
0.884000 3.548329
0.884200 3.480682
0.884400 3.413789
0.884600 3.347657
0.884800 3.282292
0.885000 3.217700
0.885200 3.153884
0.885400 3.090849
0.885600 3.028600
0.885800 2.967140
0.886000 2.906472
0.886200 2.846598
0.886400 2.787521
0.886600 2.729242
0.886800 2.671763
0.887000 2.615085
0.887200 2.559209
0.887400 2.504133
0.887600 2.449860
0.887800 2.396387
0.888000 2.343714
0.888200 2.291840
0.888400 2.240763
0.888600 2.190481
0.888800 2.140992
0.889000 2.092293
0.889200 2.044381
0.889400 1.997254
0.889600 1.950908
0.889800 1.905338
0.890000 1.860542
0.890200 1.816514
0.890400 1.773250
0.890600 1.730745
0.890800 1.688995
0.891000 1.647993
0.891200 1.607735
0.891400 1.568215
0.891600 1.529426
0.891800 1.491364
0.892000 1.454020
0.892200 1.417390
0.892400 1.381466
0.892600 1.346242
0.892800 1.311710
0.893000 1.277864
0.893200 1.244696
0.893400 1.212199
0.893600 1.180366
0.893800 1.149188
0.894000 1.118659
0.894200 1.088770
0.894400 1.059514
0.894600 1.030883
0.894800 1.002868
0.895000 0.975461
0.895200 0.948655
0.895400 0.922441
0.895600 0.896811
0.895800 0.871757
0.896000 0.847269
0.896200 0.823341
0.896400 0.799963
0.896600 0.777127
0.896800 0.754824
0.897000 0.733047
0.897200 0.711787
0.897400 0.691034
0.897600 0.670782
0.897800 0.651022
0.898000 0.631744
0.898200 0.612942
0.898400 0.594605
0.898600 0.576727
0.898800 0.559299
0.899000 0.542313
0.899200 0.525760
0.899400 0.509632
0.899600 0.493922
0.899800 0.478621
0.900000 0.463722
0.900200 0.449216
0.900400 0.435095
0.900600 0.421353
0.900800 0.407980
0.901000 0.394970
0.901200 0.382315
0.901400 0.370008
0.901600 0.358040
0.901800 0.346406
0.902000 0.335097
0.902200 0.324106
0.902400 0.313427
0.902600 0.303052
0.902800 0.292975
0.903000 0.283188
0.903200 0.273685
0.903400 0.264460
0.903600 0.255506
0.903800 0.246816
0.904000 0.238385
0.904200 0.230205
0.904400 0.222272
0.904600 0.214578
0.904800 0.207118
0.905000 0.199886
0.905200 0.192876
0.905400 0.186083
0.905600 0.179501
0.905800 0.173125
0.906000 0.166949
0.906200 0.160968
0.906400 0.155177
0.906600 0.149571
0.906800 0.144145
0.907000 0.138894
0.907200 0.133814
0.907400 0.128899
0.907600 0.124145
0.907800 0.119548
0.908000 0.115103
0.908200 0.110805
0.908400 0.106652
0.908600 0.102638
0.908800 0.098760
0.909000 0.095013
0.909200 0.091394
0.909400 0.087900
0.909600 0.084525
0.909800 0.081268
0.910000 0.078124
0.910200 0.075089
0.910400 0.072162
0.910600 0.069337
0.910800 0.066613
0.911000 0.063985
0.911200 0.061452
0.911400 0.059010
0.911600 0.056655
0.911800 0.054387
0.912000 0.052201
0.912200 0.050095
0.912400 0.048066
0.912600 0.046112
0.912800 0.044231
0.913000 0.042420
0.913200 0.040677
0.913400 0.038999
0.913600 0.037385
0.913800 0.035831
0.914000 0.034337
0.914200 0.032900
0.914400 0.031519
0.914600 0.030190
0.914800 0.028913
0.915000 0.027686
0.915200 0.026507
0.915400 0.025374
0.915600 0.024285
0.915800 0.023240
0.916000 0.022236
0.916200 0.021272
0.916400 0.020347
0.916600 0.019459
0.916800 0.018606
0.917000 0.017789
0.917200 0.017004
0.917400 0.016252
0.917600 0.015530
0.917800 0.014839
0.918000 0.014175
0.918200 0.013540
0.918400 0.012931
0.918600 0.012347
0.918800 0.011788
0.919000 0.011252
0.919200 0.010739
0.919400 0.010248
0.919600 0.009777
0.919800 0.009327
0.920000 0.008896
0.920200 0.008484
0.920400 0.008090
0.920600 0.007712
0.920800 0.007352
0.921000 0.007007
0.921200 0.006677
0.921400 0.006361
0.921600 0.006060
0.921800 0.005772
0.922000 0.005497
0.922200 0.005234
0.922400 0.004983
0.922600 0.004743
0.922800 0.004514
0.923000 0.004295
0.923200 0.004086
0.923400 0.003887
0.923600 0.003697
0.923800 0.003516
0.924000 0.003343
0.924200 0.003178
0.924400 0.003021
0.924600 0.002871
0.924800 0.002728
0.925000 0.002592
0.925200 0.002462
0.925400 0.002339
0.925600 0.002221
0.925800 0.002109
0.926000 0.002002
0.926200 0.001900
0.926400 0.001803
0.926600 0.001711
0.926800 0.001623
0.927000 0.001540
0.927200 0.001461
0.927400 0.001385
0.927600 0.001313
0.927800 0.001245
0.928000 0.001180
0.928200 0.001118
0.928400 0.001060
0.928600 0.001004
0.928800 0.000951
0.929000 0.000901
0.929200 0.000853
0.929400 0.000808
0.929600 0.000764
0.929800 0.000724
0.930000 0.000685
0.930200 0.000648
0.930400 0.000613
0.930600 0.000580
0.930800 0.000548
0.931000 0.000519
0.931200 0.000490
0.931400 0.000464
0.931600 0.000438
0.931800 0.000414
0.932000 0.000391
0.932200 0.000370
0.932400 0.000349
0.932600 0.000330
0.932800 0.000311
0.933000 0.000294
0.933200 0.000277
0.933400 0.000262
0.933600 0.000247
0.933800 0.000233
0.934000 0.000220
0.934200 0.000208
0.934400 0.000196
0.934600 0.000185
0.934800 0.000174
0.935000 0.000164
0.935200 0.000155
0.935400 0.000146
0.935600 0.000137
0.935800 0.000129
0.936000 0.000122
0.936200 0.000115
0.936400 0.000108
0.936600 0.000102
0.936800 0.000096
0.937000 0.000090
0.937200 0.000085
0.937400 0.000080
0.937600 0.000075
0.937800 0.000071
0.938000 0.000066
0.938200 0.000062
0.938400 0.000059
0.938600 0.000055
0.938800 0.000052
0.939000 0.000049
0.939200 0.000046
0.939400 0.000043
0.939600 0.000040
0.939800 0.000038
0.940000 0.000036
0.940200 0.000033
0.940400 0.000031
0.940600 0.000029
0.940800 0.000028
0.941000 0.000026
0.941200 0.000024
0.941400 0.000023
0.941600 0.000021
0.941800 0.000020
0.942000 0.000019
0.942200 0.000018
0.942400 0.000017
0.942600 0.000015
0.942800 0.000015
0.943000 0.000014
0.943200 0.000013
0.943400 0.000012
0.943600 0.000011
0.943800 0.000010
0.944000 0.000010
0.944200 0.000009
0.944400 0.000009
0.944600 0.000008
0.944800 0.000008
0.945000 0.000007
0.945200 0.000007
0.945400 0.000006
0.945600 0.000006
0.945800 0.000005
0.946000 0.000005
0.946200 0.000005
0.946400 0.000004
0.946600 0.000004
0.946800 0.000004
0.947000 0.000004
0.947200 0.000003
0.947400 0.000003
0.947600 0.000003
0.947800 0.000003
0.948000 0.000003
0.948200 0.000002
0.948400 0.000002
0.948600 0.000002
0.948800 0.000002
0.949000 0.000002
0.949200 0.000002
0.949400 0.000002
0.949600 0.000001
0.949800 0.000001
0.950000 0.000001
0.950200 0.000001
0.950400 0.000001
0.950600 0.000001
0.950800 0.000001
0.951000 0.000001
0.951200 0.000001
0.951400 0.000001
0.951600 0.000001
0.951800 0.000001
0.952000 0.000001
0.952200 0.000001
0.952400 0.000001
0.952600 0.000000
0.952800 0.000000
0.953000 0.000000
0.953200 0.000000
0.953400 0.000000
0.953600 0.000000
0.953800 0.000000
0.954000 0.000000
0.954200 0.000000
0.954400 0.000000
0.954600 0.000000
0.954800 0.000000
0.955000 0.000000
0.955200 0.000000
0.955400 0.000000
0.955600 0.000000
0.955800 0.000000
0.956000 0.000000
0.956200 0.000000
0.956400 0.000000
0.956600 0.000000
0.956800 0.000000
0.957000 0.000000
0.957200 0.000000
0.957400 0.000000
0.957600 0.000000
0.957800 0.000000
0.958000 0.000000
0.958200 0.000000
0.958400 0.000000
0.958600 0.000000
0.958800 0.000000
0.959000 0.000000
0.959200 0.000000
0.959400 0.000000
0.959600 0.000000
0.959800 0.000000
0.960000 0.000000
0.960200 0.000000
0.960400 0.000000
0.960600 0.000000
0.960800 0.000000
0.961000 0.000000
0.961200 0.000000
0.961400 0.000000
0.961600 0.000000
0.961800 0.000000
0.962000 0.000000
0.962200 0.000000
0.962400 0.000000
0.962600 0.000000
0.962800 0.000000
0.963000 0.000000
0.963200 0.000000
0.963400 0.000000
0.963600 0.000000
0.963800 0.000000
0.964000 0.000000
0.964200 0.000000
0.964400 0.000000
0.964600 0.000000
0.964800 0.000000
0.965000 0.000000
0.965200 0.000000
0.965400 0.000000
0.965600 0.000000
0.965800 0.000000
0.966000 0.000000
0.966200 0.000000
0.966400 0.000000
0.966600 0.000000
0.966800 0.000000
0.967000 0.000000
0.967200 0.000000
0.967400 0.000000
0.967600 0.000000
0.967800 0.000000
0.968000 0.000000
0.968200 0.000000
0.968400 0.000000
0.968600 0.000000
0.968800 0.000000
0.969000 0.000000
0.969200 0.000000
0.969400 0.000000
0.969600 0.000000
0.969800 0.000000
0.970000 0.000000
0.970200 0.000000
0.970400 0.000000
0.970600 0.000000
0.970800 0.000000
0.971000 0.000000
0.971200 0.000000
0.971400 0.000000
0.971600 0.000000
0.971800 0.000000
0.972000 0.000000
0.972200 0.000000
0.972400 0.000000
0.972600 0.000000
0.972800 0.000000
0.973000 0.000000
0.973200 0.000000
0.973400 0.000000
0.973600 0.000000
0.973800 0.000000
0.974000 0.000000
0.974200 0.000000
0.974400 0.000000
0.974600 0.000000
0.974800 0.000000
0.975000 0.000000
0.975200 0.000000
0.975400 0.000000
0.975600 0.000000
0.975800 0.000000
0.976000 0.000000
0.976200 0.000000
0.976400 0.000000
0.976600 0.000000
0.976800 0.000000
0.977000 0.000000
0.977200 0.000000
0.977400 0.000000
0.977600 0.000000
0.977800 0.000000
0.978000 0.000000
0.978200 0.000000
0.978400 0.000000
0.978600 0.000000
0.978800 0.000000
0.979000 0.000000
0.979200 0.000000
0.979400 0.000000
0.979600 0.000000
0.979800 0.000000
0.980000 0.000000
0.980200 0.000000
0.980400 0.000000
0.980600 0.000000
0.980800 0.000000
0.981000 0.000000
0.981200 0.000000
0.981400 0.000000
0.981600 0.000000
0.981800 0.000000
0.982000 0.000000
0.982200 0.000000
0.982400 0.000000
0.982600 0.000000
0.982800 0.000000
0.983000 0.000000
0.983200 0.000000
0.983400 0.000000
0.983600 0.000000
0.983800 0.000000
0.984000 0.000000
0.984200 0.000000
0.984400 0.000000
0.984600 0.000000
0.984800 0.000000
0.985000 0.000000
0.985200 0.000000
0.985400 0.000000
0.985600 0.000000
0.985800 0.000000
0.986000 0.000000
0.986200 0.000000
0.986400 0.000000
0.986600 0.000000
0.986800 0.000000
0.987000 0.000000
0.987200 0.000000
0.987400 0.000000
0.987600 0.000000
0.987800 0.000000
0.988000 0.000000
0.988200 0.000000
0.988400 0.000000
0.988600 0.000000
0.988800 0.000000
0.989000 0.000000
0.989200 0.000000
0.989400 0.000000
0.989600 0.000000
0.989800 0.000000
0.990000 0.000000
0.990200 0.000000
0.990400 0.000000
0.990600 0.000000
0.990800 0.000000
0.991000 0.000000
0.991200 0.000000
0.991400 0.000000
0.991600 0.000000
0.991800 0.000000
0.992000 0.000000
0.992200 0.000000
0.992400 0.000000
0.992600 0.000000
0.992800 0.000000
0.993000 0.000000
0.993200 0.000000
0.993400 0.000000
0.993600 0.000000
0.993800 0.000000
0.994000 0.000000
0.994200 0.000000
0.994400 0.000000
0.994600 0.000000
0.994800 0.000000
0.995000 0.000000
0.995200 0.000000
0.995400 0.000000
0.995600 0.000000
0.995800 0.000000
0.996000 0.000000
0.996200 0.000000
0.996400 0.000000
0.996600 0.000000
0.996800 0.000000
0.997000 0.000000
0.997200 0.000000
0.997400 0.000000
0.997600 0.000000
0.997800 0.000000
0.998000 0.000000
0.998200 0.000000
0.998400 0.000000
0.998600 0.000000
0.998800 0.000000
0.999000 0.000000
0.999200 0.000000
0.999400 0.000000
0.999600 0.000000
0.999800 0.000000
