0.000000 7.698452
0.000200 7.637602
0.000400 7.574977
0.000600 7.510696
0.000800 7.444881
0.001000 7.377655
0.001200 7.309140
0.001400 7.239461
0.001600 7.168740
0.001800 7.097100
0.002000 7.024665
0.002200 6.951554
0.002400 6.877887
0.002600 6.803784
0.002800 6.729359
0.003000 6.654726
0.003200 6.579998
0.003400 6.505281
0.003600 6.430683
0.003800 6.356305
0.004000 6.282247
0.004200 6.208603
0.004400 6.135465
0.004600 6.062922
0.004800 5.991056
0.005000 5.919948
0.005200 5.849674
0.005400 5.780303
0.005600 5.711904
0.005800 5.644538
0.006000 5.578265
0.006200 5.513136
0.006400 5.449203
0.006600 5.386510
0.006800 5.325096
0.007000 5.265000
0.007200 5.206253
0.007400 5.148883
0.007600 5.092913
0.007800 5.038365
0.008000 4.985254
0.008200 4.933592
0.008400 4.883388
0.008600 4.834648
0.008800 4.787374
0.009000 4.741565
0.009200 4.697215
0.009400 4.654319
0.009600 4.612867
0.009800 4.572845
0.010000 4.534238
0.010200 4.497031
0.010400 4.461204
0.010600 4.426734
0.010800 4.393600
0.011000 4.361776
0.011200 4.331237
0.011400 4.301955
0.011600 4.273902
0.011800 4.247046
0.012000 4.221359
0.012200 4.196808
0.012400 4.173362
0.012600 4.150987
0.012800 4.129651
0.013000 4.109320
0.013200 4.089961
0.013400 4.071541
0.013600 4.054025
0.013800 4.037381
0.014000 4.021574
0.014200 4.006573
0.014400 3.992344
0.014600 3.978855
0.014800 3.966074
0.015000 3.953971
0.015200 3.942513
0.015400 3.931672
0.015600 3.921418
0.015800 3.911722
0.016000 3.902555
0.016200 3.893892
0.016400 3.885705
0.016600 3.877969
0.016800 3.870659
0.017000 3.863751
0.017200 3.857221
0.017400 3.851048
0.017600 3.845210
0.017800 3.839685
0.018000 3.834455
0.018200 3.829500
0.018400 3.824801
0.018600 3.820342
0.018800 3.816105
0.019000 3.812075
0.019200 3.808236
0.019400 3.804574
0.019600 3.801075
0.019800 3.797727
0.020000 3.794516
0.020200 3.791431
0.020400 3.788460
0.020600 3.785594
0.020800 3.782822
0.021000 3.780136
0.021200 3.777525
0.021400 3.774982
0.021600 3.772499
0.021800 3.770069
0.022000 3.767685
0.022200 3.765340
0.022400 3.763028
0.022600 3.760744
0.022800 3.758482
0.023000 3.756238
0.023200 3.754007
0.023400 3.751784
0.023600 3.749566
0.023800 3.747349
0.024000 3.745129
0.024200 3.742903
0.024400 3.740669
0.024600 3.738424
0.024800 3.736164
0.025000 3.733889
0.025200 3.731595
0.025400 3.729281
0.025600 3.726945
0.025800 3.724585
0.026000 3.722200
0.026200 3.719788
0.026400 3.717348
0.026600 3.714880
0.026800 3.712381
0.027000 3.709850
0.027200 3.707288
0.027400 3.704694
0.027600 3.702065
0.027800 3.699403
0.028000 3.696706
0.028200 3.693973
0.028400 3.691205
0.028600 3.688401
0.028800 3.685560
0.029000 3.682683
0.029200 3.679768
0.029400 3.676817
0.029600 3.673827
0.029800 3.670800
0.030000 3.667736
0.030200 3.664633
0.030400 3.661492
0.030600 3.658313
0.030800 3.655095
0.031000 3.651840
0.031200 3.648546
0.031400 3.645214
0.031600 3.641843
0.031800 3.638434
0.032000 3.634987
0.032200 3.631502
0.032400 3.627978
0.032600 3.624416
0.032800 3.620817
0.033000 3.617179
0.033200 3.613503
0.033400 3.609790
0.033600 3.606038
0.033800 3.602249
0.034000 3.598423
0.034200 3.594559
0.034400 3.590657
0.034600 3.586719
0.034800 3.582743
0.035000 3.578730
0.035200 3.574680
0.035400 3.570594
0.035600 3.566471
0.035800 3.562311
0.036000 3.558115
0.036200 3.553882
0.036400 3.549614
0.036600 3.545310
0.036800 3.540969
0.037000 3.536593
0.037200 3.532182
0.037400 3.527735
0.037600 3.523252
0.037800 3.518735
0.038000 3.514182
0.038200 3.509595
0.038400 3.504973
0.038600 3.500316
0.038800 3.495625
0.039000 3.490900
0.039200 3.486141
0.039400 3.481348
0.039600 3.476521
0.039800 3.471660
0.040000 3.466766
0.040200 3.461839
0.040400 3.456879
0.040600 3.451885
0.040800 3.446859
0.041000 3.441800
0.041200 3.436709
0.041400 3.431585
0.041600 3.426429
0.041800 3.421241
0.042000 3.416022
0.042200 3.410770
0.042400 3.405488
0.042600 3.400174
0.042800 3.394828
0.043000 3.389452
0.043200 3.384045
0.043400 3.378608
0.043600 3.373140
0.043800 3.367642
0.044000 3.362113
0.044200 3.356555
0.044400 3.350967
0.044600 3.345350
0.044800 3.339703
0.045000 3.334027
0.045200 3.328322
0.045400 3.322588
0.045600 3.316826
0.045800 3.311035
0.046000 3.305215
0.046200 3.299368
0.046400 3.293493
0.046600 3.287590
0.046800 3.281659
0.047000 3.275702
0.047200 3.269717
0.047400 3.263705
0.047600 3.257666
0.047800 3.251601
0.048000 3.245509
0.048200 3.239391
0.048400 3.233247
0.048600 3.227077
0.048800 3.220882
0.049000 3.214661
0.049200 3.208415
0.049400 3.202144
0.049600 3.195848
0.049800 3.189527
0.050000 3.183182
0.050200 3.176812
0.050400 3.170419
0.050600 3.164002
0.050800 3.157560
0.051000 3.151096
0.051200 3.144608
0.051400 3.138097
0.051600 3.131563
0.051800 3.125007
0.052000 3.118428
0.052200 3.111827
0.052400 3.105203
0.052600 3.098558
0.052800 3.091891
0.053000 3.085202
0.053200 3.078493
0.053400 3.071762
0.053600 3.065010
0.053800 3.058238
0.054000 3.051445
0.054200 3.044632
0.054400 3.037798
0.054600 3.030945
0.054800 3.024073
0.055000 3.017180
0.055200 3.010269
0.055400 3.003338
0.055600 2.996389
0.055800 2.989421
0.056000 2.982434
0.056200 2.975430
0.056400 2.968407
0.056600 2.961367
0.056800 2.954308
0.057000 2.947233
0.057200 2.940140
0.057400 2.933030
0.057600 2.925904
0.057800 2.918761
0.058000 2.911601
0.058200 2.904425
0.058400 2.897234
0.058600 2.890026
0.058800 2.882803
0.059000 2.875565
0.059200 2.868311
0.059400 2.861043
0.059600 2.853760
0.059800 2.846462
0.060000 2.839150
0.060200 2.831824
0.060400 2.824484
0.060600 2.817130
0.060800 2.809763
0.061000 2.802383
0.061200 2.794989
0.061400 2.787583
0.061600 2.780164
0.061800 2.772732
0.062000 2.765288
0.062200 2.757832
0.062400 2.750365
0.062600 2.742885
0.062800 2.735394
0.063000 2.727892
0.063200 2.720379
0.063400 2.712856
0.063600 2.705321
0.063800 2.697776
0.064000 2.690221
0.064200 2.682656
0.064400 2.675081
0.064600 2.667497
0.064800 2.659903
0.065000 2.652300
0.065200 2.644688
0.065400 2.637067
0.065600 2.629437
0.065800 2.621799
0.066000 2.614153
0.066200 2.606499
0.066400 2.598838
0.066600 2.591168
0.066800 2.583492
0.067000 2.575808
0.067200 2.568117
0.067400 2.560419
0.067600 2.552715
0.067800 2.545004
0.068000 2.537288
0.068200 2.529565
0.068400 2.521836
0.068600 2.514102
0.068800 2.506363
0.069000 2.498618
0.069200 2.490868
0.069400 2.483113
0.069600 2.475354
0.069800 2.467591
0.070000 2.459823
0.070200 2.452051
0.070400 2.444275
0.070600 2.436496
0.070800 2.428713
0.071000 2.420927
0.071200 2.413138
0.071400 2.405346
0.071600 2.397551
0.071800 2.389754
0.072000 2.381955
0.072200 2.374153
0.072400 2.366349
0.072600 2.358544
0.072800 2.350737
0.073000 2.342929
0.073200 2.335120
0.073400 2.327309
0.073600 2.319498
0.073800 2.311686
0.074000 2.303874
0.074200 2.296061
0.074400 2.288248
0.074600 2.280436
0.074800 2.272623
0.075000 2.264811
0.075200 2.257000
0.075400 2.249190
0.075600 2.241380
0.075800 2.233572
0.076000 2.225765
0.076200 2.217960
0.076400 2.210156
0.076600 2.202354
0.076800 2.194554
0.077000 2.186757
0.077200 2.178962
0.077400 2.171169
0.077600 2.163379
0.077800 2.155592
0.078000 2.147808
0.078200 2.140028
0.078400 2.132250
0.078600 2.124477
0.078800 2.116707
0.079000 2.108941
0.079200 2.101179
0.079400 2.093422
0.079600 2.085668
0.079800 2.077920
0.080000 2.070176
0.080200 2.062437
0.080400 2.054703
0.080600 2.046974
0.080800 2.039251
0.081000 2.031533
0.081200 2.023821
0.081400 2.016115
0.081600 2.008414
0.081800 2.000720
0.082000 1.993033
0.082200 1.985351
0.082400 1.977677
0.082600 1.970009
0.082800 1.962348
0.083000 1.954694
0.083200 1.947048
0.083400 1.939408
0.083600 1.931777
0.083800 1.924153
0.084000 1.916537
0.084200 1.908928
0.084400 1.901328
0.084600 1.893737
0.084800 1.886153
0.085000 1.878578
0.085200 1.871012
0.085400 1.863455
0.085600 1.855906
0.085800 1.848367
0.086000 1.840837
0.086200 1.833316
0.086400 1.825805
0.086600 1.818304
0.086800 1.810812
0.087000 1.803330
0.087200 1.795858
0.087400 1.788397
0.087600 1.780946
0.087800 1.773505
0.088000 1.766075
0.088200 1.758655
0.088400 1.751246
0.088600 1.743849
0.088800 1.736462
0.089000 1.729086
0.089200 1.721722
0.089400 1.714370
0.089600 1.707028
0.089800 1.699699
0.090000 1.692381
0.090200 1.685076
0.090400 1.677782
0.090600 1.670501
0.090800 1.663231
0.091000 1.655975
0.091200 1.648730
0.091400 1.641499
0.091600 1.634280
0.091800 1.627074
0.092000 1.619880
0.092200 1.612700
0.092400 1.605534
0.092600 1.598380
0.092800 1.591240
0.093000 1.584113
0.093200 1.577000
0.093400 1.569900
0.093600 1.562815
0.093800 1.555743
0.094000 1.548685
0.094200 1.541642
0.094400 1.534612
0.094600 1.527597
0.094800 1.520597
0.095000 1.513611
0.095200 1.506639
0.095400 1.499682
0.095600 1.492740
0.095800 1.485813
0.096000 1.478900
0.096200 1.472003
0.096400 1.465121
0.096600 1.458254
0.096800 1.451403
0.097000 1.444567
0.097200 1.437746
0.097400 1.430941
0.097600 1.424152
0.097800 1.417378
0.098000 1.410621
0.098200 1.403879
0.098400 1.397153
0.098600 1.390443
0.098800 1.383750
0.099000 1.377072
0.099200 1.370411
0.099400 1.363766
0.099600 1.357138
0.099800 1.350526
0.100000 1.343931
0.100200 1.337353
0.100400 1.330791
0.100600 1.324246
0.100800 1.317718
0.101000 1.311207
0.101200 1.304713
0.101400 1.298236
0.101600 1.291776
0.101800 1.285334
0.102000 1.278908
0.102200 1.272501
0.102400 1.266110
0.102600 1.259737
0.102800 1.253381
0.103000 1.247043
0.103200 1.240723
0.103400 1.234420
0.103600 1.228135
0.103800 1.221868
0.104000 1.215619
0.104200 1.209388
0.104400 1.203175
0.104600 1.196979
0.104800 1.190802
0.105000 1.184643
0.105200 1.178502
0.105400 1.172379
0.105600 1.166275
0.105800 1.160189
0.106000 1.154121
0.106200 1.148072
0.106400 1.142041
0.106600 1.136028
0.106800 1.130035
0.107000 1.124059
0.107200 1.118103
0.107400 1.112165
0.107600 1.106245
0.107800 1.100345
0.108000 1.094463
0.108200 1.088600
0.108400 1.082756
0.108600 1.076931
0.108800 1.071124
0.109000 1.065337
0.109200 1.059569
0.109400 1.053819
0.109600 1.048089
0.109800 1.042378
0.110000 1.036686
0.110200 1.031013
0.110400 1.025359
0.110600 1.019724
0.110800 1.014109
0.111000 1.008512
0.111200 1.002935
0.111400 0.997378
0.111600 0.991839
0.111800 0.986320
0.112000 0.980821
0.112200 0.975340
0.112400 0.969880
0.112600 0.964438
0.112800 0.959016
0.113000 0.953613
0.113200 0.948230
0.113400 0.942867
0.113600 0.937523
0.113800 0.932198
0.114000 0.926893
0.114200 0.921607
0.114400 0.916341
0.114600 0.911095
0.114800 0.905868
0.115000 0.900661
0.115200 0.895473
0.115400 0.890305
0.115600 0.885157
0.115800 0.880028
0.116000 0.874919
0.116200 0.869830
0.116400 0.864760
0.116600 0.859710
0.116800 0.854680
0.117000 0.849669
0.117200 0.844678
0.117400 0.839706
0.117600 0.834755
0.117800 0.829823
0.118000 0.824910
0.118200 0.820018
0.118400 0.815145
0.118600 0.810291
0.118800 0.805458
0.119000 0.800644
0.119200 0.795850
0.119400 0.791075
0.119600 0.786321
0.119800 0.781586
0.120000 0.776870
0.120200 0.772175
0.120400 0.767499
0.120600 0.762842
0.120800 0.758206
0.121000 0.753589
0.121200 0.748991
0.121400 0.744414
0.121600 0.739855
0.121800 0.735317
0.122000 0.730798
0.122200 0.726299
0.122400 0.721820
0.122600 0.717360
0.122800 0.712920
0.123000 0.708499
0.123200 0.704098
0.123400 0.699717
0.123600 0.695355
0.123800 0.691013
0.124000 0.686690
0.124200 0.682387
0.124400 0.678103
0.124600 0.673839
0.124800 0.669595
0.125000 0.665370
0.125200 0.661164
0.125400 0.656978
0.125600 0.652811
0.125800 0.648664
0.126000 0.644537
0.126200 0.640429
0.126400 0.636340
0.126600 0.632271
0.126800 0.628221
0.127000 0.624191
0.127200 0.620180
0.127400 0.616188
0.127600 0.612216
0.127800 0.608263
0.128000 0.604330
0.128200 0.600416
0.128400 0.596521
0.128600 0.592646
0.128800 0.588790
0.129000 0.584953
0.129200 0.581136
0.129400 0.577338
0.129600 0.573559
0.129800 0.569800
0.130000 0.566060
0.130200 0.562339
0.130400 0.558637
0.130600 0.554955
0.130800 0.551292
0.131000 0.547649
0.131200 0.544024
0.131400 0.540419
0.131600 0.536833
0.131800 0.533267
0.132000 0.529719
0.132200 0.526191
0.132400 0.522683
0.132600 0.519193
0.132800 0.515723
0.133000 0.512272
0.133200 0.508841
0.133400 0.505428
0.133600 0.502035
0.133800 0.498661
0.134000 0.495307
0.134200 0.491972
0.134400 0.488656
0.134600 0.485360
0.134800 0.482083
0.135000 0.478825
0.135200 0.475587
0.135400 0.472368
0.135600 0.469168
0.135800 0.465988
0.136000 0.462828
0.136200 0.459687
0.136400 0.456565
0.136600 0.453463
0.136800 0.450381
0.137000 0.447318
0.137200 0.444275
0.137400 0.441251
0.137600 0.438248
0.137800 0.435263
0.138000 0.432299
0.138200 0.429354
0.138400 0.426430
0.138600 0.423525
0.138800 0.420640
0.139000 0.417775
0.139200 0.414930
0.139400 0.412106
0.139600 0.409301
0.139800 0.406517
0.140000 0.403752
0.140200 0.401009
0.140400 0.398285
0.140600 0.395582
0.140800 0.392900
0.141000 0.390238
0.141200 0.387597
0.141400 0.384976
0.141600 0.382376
0.141800 0.379798
0.142000 0.377240
0.142200 0.374703
0.142400 0.372188
0.142600 0.369694
0.142800 0.367221
0.143000 0.364770
0.143200 0.362340
0.143400 0.359932
0.143600 0.357545
0.143800 0.355181
0.144000 0.352839
0.144200 0.350519
0.144400 0.348221
0.144600 0.345945
0.144800 0.343692
0.145000 0.341462
0.145200 0.339255
0.145400 0.337070
0.145600 0.334909
0.145800 0.332771
0.146000 0.330656
0.146200 0.328565
0.146400 0.326498
0.146600 0.324454
0.146800 0.322435
0.147000 0.320440
0.147200 0.318470
0.147400 0.316524
0.147600 0.314603
0.147800 0.312707
0.148000 0.310836
0.148200 0.308991
0.148400 0.307171
0.148600 0.305377
0.148800 0.303610
0.149000 0.301868
0.149200 0.300154
0.149400 0.298466
0.149600 0.296805
0.149800 0.295171
0.150000 0.293565
0.150200 0.291987
0.150400 0.290437
0.150600 0.288915
0.150800 0.287421
0.151000 0.285957
0.151200 0.284522
0.151400 0.283116
0.151600 0.281740
0.151800 0.280394
0.152000 0.279079
0.152200 0.277794
0.152400 0.276540
0.152600 0.275317
0.152800 0.274127
0.153000 0.272968
0.153200 0.271841
0.153400 0.270747
0.153600 0.269687
0.153800 0.268659
0.154000 0.267666
0.154200 0.266706
0.154400 0.265781
0.154600 0.264891
0.154800 0.264037
0.155000 0.263218
0.155200 0.262435
0.155400 0.261689
0.155600 0.260979
0.155800 0.260307
0.156000 0.259673
0.156200 0.259077
0.156400 0.258520
0.156600 0.258002
0.156800 0.257523
0.157000 0.257085
0.157200 0.256687
0.157400 0.256330
0.157600 0.256014
0.157800 0.255741
0.158000 0.255509
0.158200 0.255321
0.158400 0.255176
0.158600 0.255075
0.158800 0.255019
0.159000 0.255007
0.159200 0.255041
0.159400 0.255121
0.159600 0.255248
0.159800 0.255422
0.160000 0.255643
0.160200 0.255913
0.160400 0.256231
0.160600 0.256599
0.160800 0.257016
0.161000 0.257484
0.161200 0.258004
0.161400 0.258574
0.161600 0.259197
0.161800 0.259873
0.162000 0.260602
0.162200 0.261386
0.162400 0.262224
0.162600 0.263117
0.162800 0.264066
0.163000 0.265071
0.163200 0.266134
0.163400 0.267254
0.163600 0.268433
0.163800 0.269671
0.164000 0.270968
0.164200 0.272325
0.164400 0.273744
0.164600 0.275224
0.164800 0.276766
0.165000 0.278371
0.165200 0.280039
0.165400 0.281772
0.165600 0.283569
0.165800 0.285432
0.166000 0.287361
0.166200 0.289357
0.166400 0.291420
0.166600 0.293551
0.166800 0.295751
0.167000 0.298021
0.167200 0.300360
0.167400 0.302770
0.167600 0.305252
0.167800 0.307805
0.168000 0.310432
0.168200 0.313131
0.168400 0.315905
0.168600 0.318753
0.168800 0.321676
0.169000 0.324676
0.169200 0.327751
0.169400 0.330904
0.169600 0.334135
0.169800 0.337445
0.170000 0.340833
0.170200 0.344301
0.170400 0.347850
0.170600 0.351479
0.170800 0.355190
0.171000 0.358983
0.171200 0.362859
0.171400 0.366818
0.171600 0.370861
0.171800 0.374988
0.172000 0.379201
0.172200 0.383499
0.172400 0.387883
0.172600 0.392353
0.172800 0.396911
0.173000 0.401557
0.173200 0.406290
0.173400 0.411113
0.173600 0.416024
0.173800 0.421026
0.174000 0.426117
0.174200 0.431299
0.174400 0.436572
0.174600 0.441936
0.174800 0.447392
0.175000 0.452941
0.175200 0.458582
0.175400 0.464316
0.175600 0.470143
0.175800 0.476064
0.176000 0.482079
0.176200 0.488188
0.176400 0.494392
0.176600 0.500691
0.176800 0.507085
0.177000 0.513574
0.177200 0.520159
0.177400 0.526839
0.177600 0.533616
0.177800 0.540488
0.178000 0.547457
0.178200 0.554522
0.178400 0.561684
0.178600 0.568942
0.178800 0.576297
0.179000 0.583749
0.179200 0.591297
0.179400 0.598942
0.179600 0.606684
0.179800 0.614522
0.180000 0.622456
0.180200 0.630488
0.180400 0.638615
0.180600 0.646838
0.180800 0.655157
0.181000 0.663573
0.181200 0.672083
0.181400 0.680689
0.181600 0.689390
0.181800 0.698185
0.182000 0.707075
0.182200 0.716058
0.182400 0.725135
0.182600 0.734306
0.182800 0.743569
0.183000 0.752924
0.183200 0.762371
0.183400 0.771909
0.183600 0.781537
0.183800 0.791256
0.184000 0.801064
0.184200 0.810960
0.184400 0.820945
0.184600 0.831017
0.184800 0.841176
0.185000 0.851420
0.185200 0.861749
0.185400 0.872162
0.185600 0.882659
0.185800 0.893238
0.186000 0.903898
0.186200 0.914639
0.186400 0.925459
0.186600 0.936357
0.186800 0.947333
0.187000 0.958385
0.187200 0.969512
0.187400 0.980712
0.187600 0.991986
0.187800 1.003331
0.188000 1.014746
0.188200 1.026230
0.188400 1.037782
0.188600 1.049400
0.188800 1.061083
0.189000 1.072829
0.189200 1.084637
0.189400 1.096506
0.189600 1.108433
0.189800 1.120418
0.190000 1.132459
0.190200 1.144554
0.190400 1.156701
0.190600 1.168899
0.190800 1.181146
0.191000 1.193441
0.191200 1.205782
0.191400 1.218166
0.191600 1.230592
0.191800 1.243058
0.192000 1.255563
0.192200 1.268103
0.192400 1.280679
0.192600 1.293286
0.192800 1.305924
0.193000 1.318590
0.193200 1.331283
0.193400 1.344000
0.193600 1.356739
0.193800 1.369498
0.194000 1.382274
0.194200 1.395067
0.194400 1.407872
0.194600 1.420689
0.194800 1.433515
0.195000 1.446347
0.195200 1.459184
0.195400 1.472023
0.195600 1.484861
0.195800 1.497697
0.196000 1.510527
0.196200 1.523350
0.196400 1.536163
0.196600 1.548964
0.196800 1.561750
0.197000 1.574519
0.197200 1.587268
0.197400 1.599994
0.197600 1.612696
0.197800 1.625370
0.198000 1.638015
0.198200 1.650627
0.198400 1.663204
0.198600 1.675744
0.198800 1.688243
0.199000 1.700700
0.199200 1.713111
0.199400 1.725474
0.199600 1.737787
0.199800 1.750046
0.200000 1.762250
0.200200 1.774395
0.200400 1.786479
0.200600 1.798499
0.200800 1.810453
0.201000 1.822338
0.201200 1.834152
0.201400 1.845891
0.201600 1.857553
0.201800 1.869136
0.202000 1.880636
0.202200 1.892052
0.202400 1.903381
0.202600 1.914619
0.202800 1.925765
0.203000 1.936816
0.203200 1.947769
0.203400 1.958622
0.203600 1.969372
0.203800 1.980017
0.204000 1.990554
0.204200 2.000980
0.204400 2.011294
0.204600 2.021492
0.204800 2.031573
0.205000 2.041533
0.205200 2.051371
0.205400 2.061083
0.205600 2.070668
0.205800 2.080124
0.206000 2.089447
0.206200 2.098636
0.206400 2.107689
0.206600 2.116602
0.206800 2.125374
0.207000 2.134003
0.207200 2.142487
0.207400 2.150822
0.207600 2.159009
0.207800 2.167043
0.208000 2.174923
0.208200 2.182648
0.208400 2.190214
0.208600 2.197621
0.208800 2.204866
0.209000 2.211948
0.209200 2.218864
0.209400 2.225613
0.209600 2.232193
0.209800 2.238602
0.210000 2.244839
0.210200 2.250902
0.210400 2.256789
0.210600 2.262500
0.210800 2.268031
0.211000 2.273383
0.211200 2.278553
0.211400 2.283540
0.211600 2.288343
0.211800 2.292960
0.212000 2.297391
0.212200 2.301633
0.212400 2.305687
0.212600 2.309550
0.212800 2.313222
0.213000 2.316702
0.213200 2.319989
0.213400 2.323081
0.213600 2.325979
0.213800 2.328680
0.214000 2.331186
0.214200 2.333494
0.214400 2.335604
0.214600 2.337515
0.214800 2.339228
0.215000 2.340741
0.215200 2.342054
0.215400 2.343167
0.215600 2.344079
0.215800 2.344790
0.216000 2.345300
0.216200 2.345609
0.216400 2.345716
0.216600 2.345622
0.216800 2.345326
0.217000 2.344828
0.217200 2.344129
0.217400 2.343228
0.217600 2.342126
0.217800 2.340824
0.218000 2.339321
0.218200 2.337617
0.218400 2.335714
0.218600 2.333611
0.218800 2.331309
0.219000 2.328809
0.219200 2.326112
0.219400 2.323217
0.219600 2.320126
0.219800 2.316839
0.220000 2.313357
0.220200 2.309682
0.220400 2.305813
0.220600 2.301753
0.220800 2.297501
0.221000 2.293059
0.221200 2.288429
0.221400 2.283610
0.221600 2.278606
0.221800 2.273415
0.222000 2.268041
0.222200 2.262485
0.222400 2.256747
0.222600 2.250829
0.222800 2.244732
0.223000 2.238459
0.223200 2.232011
0.223400 2.225389
0.223600 2.218594
0.223800 2.211630
0.224000 2.204497
0.224200 2.197196
0.224400 2.189731
0.224600 2.182102
0.224800 2.174312
0.225000 2.166363
0.225200 2.158255
0.225400 2.149993
0.225600 2.141576
0.225800 2.133008
0.226000 2.124291
0.226200 2.115426
0.226400 2.106416
0.226600 2.097263
0.226800 2.087969
0.227000 2.078536
0.227200 2.068967
0.227400 2.059263
0.227600 2.049428
0.227800 2.039463
0.228000 2.029371
0.228200 2.019154
0.228400 2.008814
0.228600 1.998355
0.228800 1.987777
0.229000 1.977085
0.229200 1.966280
0.229400 1.955364
0.229600 1.944341
0.229800 1.933212
0.230000 1.921980
0.230200 1.910649
0.230400 1.899219
0.230600 1.887695
0.230800 1.876077
0.231000 1.864370
0.231200 1.852575
0.231400 1.840696
0.231600 1.828734
0.231800 1.816692
0.232000 1.804573
0.232200 1.792380
0.232400 1.780115
0.232600 1.767781
0.232800 1.755379
0.233000 1.742914
0.233200 1.730388
0.233400 1.717802
0.233600 1.705160
0.233800 1.692465
0.234000 1.679718
0.234200 1.666923
0.234400 1.654082
0.234600 1.641197
0.234800 1.628272
0.235000 1.615309
0.235200 1.602309
0.235400 1.589277
0.235600 1.576214
0.235800 1.563122
0.236000 1.550005
0.236200 1.536865
0.236400 1.523704
0.236600 1.510525
0.236800 1.497330
0.237000 1.484121
0.237200 1.470901
0.237400 1.457673
0.237600 1.444438
0.237800 1.431200
0.238000 1.417959
0.238200 1.404720
0.238400 1.391483
0.238600 1.378251
0.238800 1.365027
0.239000 1.351813
0.239200 1.338610
0.239400 1.325421
0.239600 1.312248
0.239800 1.299094
0.240000 1.285960
0.240200 1.272848
0.240400 1.259761
0.240600 1.246700
0.240800 1.233667
0.241000 1.220665
0.241200 1.207694
0.241400 1.194759
0.241600 1.181859
0.241800 1.168997
0.242000 1.156174
0.242200 1.143393
0.242400 1.130655
0.242600 1.117963
0.242800 1.105316
0.243000 1.092718
0.243200 1.080170
0.243400 1.067673
0.243600 1.055229
0.243800 1.042840
0.244000 1.030507
0.244200 1.018231
0.244400 1.006015
0.244600 0.993858
0.244800 0.981763
0.245000 0.969732
0.245200 0.957764
0.245400 0.945863
0.245600 0.934028
0.245800 0.922261
0.246000 0.910563
0.246200 0.898936
0.246400 0.887380
0.246600 0.875897
0.246800 0.864487
0.247000 0.853152
0.247200 0.841893
0.247400 0.830709
0.247600 0.819604
0.247800 0.808577
0.248000 0.797628
0.248200 0.786760
0.248400 0.775973
0.248600 0.765267
0.248800 0.754643
0.249000 0.744102
0.249200 0.733645
0.249400 0.723272
0.249600 0.712984
0.249800 0.702781
0.250000 0.692664
0.250200 0.682633
0.250400 0.672689
0.250600 0.662833
0.250800 0.653064
0.251000 0.643384
0.251200 0.633792
0.251400 0.624288
0.251600 0.614874
0.251800 0.605550
0.252000 0.596315
0.252200 0.587170
0.252400 0.578115
0.252600 0.569150
0.252800 0.560275
0.253000 0.551492
0.253200 0.542798
0.253400 0.534196
0.253600 0.525684
0.253800 0.517263
0.254000 0.508933
0.254200 0.500693
0.254400 0.492544
0.254600 0.484486
0.254800 0.476518
0.255000 0.468640
0.255200 0.460853
0.255400 0.453156
0.255600 0.445549
0.255800 0.438031
0.256000 0.430603
0.256200 0.423264
0.256400 0.416014
0.256600 0.408853
0.256800 0.401781
0.257000 0.394796
0.257200 0.387899
0.257400 0.381090
0.257600 0.374367
0.257800 0.367732
0.258000 0.361182
0.258200 0.354719
0.258400 0.348341
0.258600 0.342048
0.258800 0.335839
0.259000 0.329715
0.259200 0.323674
0.259400 0.317717
0.259600 0.311842
0.259800 0.306049
0.260000 0.300337
0.260200 0.294707
0.260400 0.289157
0.260600 0.283687
0.260800 0.278297
0.261000 0.272985
0.261200 0.267751
0.261400 0.262595
0.261600 0.257516
0.261800 0.252513
0.262000 0.247586
0.262200 0.242734
0.262400 0.237957
0.262600 0.233253
0.262800 0.228622
0.263000 0.224064
0.263200 0.219578
0.263400 0.215163
0.263600 0.210819
0.263800 0.206544
0.264000 0.202339
0.264200 0.198202
0.264400 0.194132
0.264600 0.190130
0.264800 0.186194
0.265000 0.182324
0.265200 0.178519
0.265400 0.174778
0.265600 0.171101
0.265800 0.167486
0.266000 0.163934
0.266200 0.160443
0.266400 0.157013
0.266600 0.153643
0.266800 0.150332
0.267000 0.147080
0.267200 0.143885
0.267400 0.140748
0.267600 0.137668
0.267800 0.134643
0.268000 0.131673
0.268200 0.128758
0.268400 0.125896
0.268600 0.123087
0.268800 0.120331
0.269000 0.117626
0.269200 0.114971
0.269400 0.112367
0.269600 0.109813
0.269800 0.107307
0.270000 0.104850
0.270200 0.102439
0.270400 0.100076
0.270600 0.097759
0.270800 0.095487
0.271000 0.093260
0.271200 0.091076
0.271400 0.088937
0.271600 0.086840
0.271800 0.084785
0.272000 0.082772
0.272200 0.080799
0.272400 0.078867
0.272600 0.076974
0.272800 0.075120
0.273000 0.073305
0.273200 0.071527
0.273400 0.069786
0.273600 0.068082
0.273800 0.066413
0.274000 0.064780
0.274200 0.063182
0.274400 0.061618
0.274600 0.060087
0.274800 0.058589
0.275000 0.057124
0.275200 0.055691
0.275400 0.054288
0.275600 0.052917
0.275800 0.051576
0.276000 0.050264
0.276200 0.048982
0.276400 0.047728
0.276600 0.046502
0.276800 0.045304
0.277000 0.044133
0.277200 0.042988
0.277400 0.041870
0.277600 0.040777
0.277800 0.039709
0.278000 0.038666
0.278200 0.037647
0.278400 0.036652
0.278600 0.035680
0.278800 0.034731
0.279000 0.033804
0.279200 0.032899
0.279400 0.032015
0.279600 0.031153
0.279800 0.030311
0.280000 0.029490
0.280200 0.028688
0.280400 0.027905
0.280600 0.027142
0.280800 0.026397
0.281000 0.025671
0.281200 0.024962
0.281400 0.024271
0.281600 0.023597
0.281800 0.022940
0.282000 0.022299
0.282200 0.021674
0.282400 0.021065
0.282600 0.020471
0.282800 0.019892
0.283000 0.019328
0.283200 0.018779
0.283400 0.018243
0.283600 0.017721
0.283800 0.017213
0.284000 0.016718
0.284200 0.016235
0.284400 0.015766
0.284600 0.015308
0.284800 0.014863
0.285000 0.014429
0.285200 0.014007
0.285400 0.013596
0.285600 0.013196
0.285800 0.012806
0.286000 0.012427
0.286200 0.012058
0.286400 0.011700
0.286600 0.011351
0.286800 0.011011
0.287000 0.010681
0.287200 0.010359
0.287400 0.010047
0.287600 0.009743
0.287800 0.009447
0.288000 0.009160
0.288200 0.008881
0.288400 0.008609
0.288600 0.008345
0.288800 0.008089
0.289000 0.007839
0.289200 0.007597
0.289400 0.007362
0.289600 0.007133
0.289800 0.006911
0.290000 0.006695
0.290200 0.006485
0.290400 0.006282
0.290600 0.006084
0.290800 0.005892
0.291000 0.005706
0.291200 0.005525
0.291400 0.005349
0.291600 0.005179
0.291800 0.005013
0.292000 0.004853
0.292200 0.004697
0.292400 0.004546
0.292600 0.004399
0.292800 0.004256
0.293000 0.004118
0.293200 0.003985
0.293400 0.003855
0.293600 0.003729
0.293800 0.003607
0.294000 0.003488
0.294200 0.003373
0.294400 0.003262
0.294600 0.003154
0.294800 0.003050
0.295000 0.002948
0.295200 0.002850
0.295400 0.002755
0.295600 0.002663
0.295800 0.002574
0.296000 0.002487
0.296200 0.002403
0.296400 0.002322
0.296600 0.002244
0.296800 0.002167
0.297000 0.002094
0.297200 0.002022
0.297400 0.001953
0.297600 0.001886
0.297800 0.001822
0.298000 0.001759
0.298200 0.001699
0.298400 0.001640
0.298600 0.001583
0.298800 0.001528
0.299000 0.001475
0.299200 0.001424
0.299400 0.001374
0.299600 0.001326
0.299800 0.001279
0.300000 0.001235
0.300200 0.001191
0.300400 0.001149
0.300600 0.001108
0.300800 0.001069
0.301000 0.001031
0.301200 0.000995
0.301400 0.000959
0.301600 0.000925
0.301800 0.000892
0.302000 0.000860
0.302200 0.000829
0.302400 0.000799
0.302600 0.000770
0.302800 0.000743
0.303000 0.000716
0.303200 0.000690
0.303400 0.000665
0.303600 0.000640
0.303800 0.000617
0.304000 0.000595
0.304200 0.000573
0.304400 0.000552
0.304600 0.000532
0.304800 0.000512
0.305000 0.000493
0.305200 0.000475
0.305400 0.000457
0.305600 0.000440
0.305800 0.000424
0.306000 0.000408
0.306200 0.000393
0.306400 0.000378
0.306600 0.000364
0.306800 0.000351
0.307000 0.000338
0.307200 0.000325
0.307400 0.000313
0.307600 0.000301
0.307800 0.000290
0.308000 0.000279
0.308200 0.000268
0.308400 0.000258
0.308600 0.000248
0.308800 0.000239
0.309000 0.000230
0.309200 0.000221
0.309400 0.000213
0.309600 0.000204
0.309800 0.000197
0.310000 0.000189
0.310200 0.000182
0.310400 0.000175
0.310600 0.000168
0.310800 0.000162
0.311000 0.000156
0.311200 0.000150
0.311400 0.000144
0.311600 0.000138
0.311800 0.000133
0.312000 0.000128
0.312200 0.000123
0.312400 0.000118
0.312600 0.000113
0.312800 0.000109
0.313000 0.000105
0.313200 0.000101
0.313400 0.000097
0.313600 0.000093
0.313800 0.000089
0.314000 0.000086
0.314200 0.000083
0.314400 0.000079
0.314600 0.000076
0.314800 0.000073
0.315000 0.000071
0.315200 0.000068
0.315400 0.000065
0.315600 0.000063
0.315800 0.000060
0.316000 0.000058
0.316200 0.000056
0.316400 0.000053
0.316600 0.000051
0.316800 0.000049
0.317000 0.000047
0.317200 0.000046
0.317400 0.000044
0.317600 0.000042
0.317800 0.000040
0.318000 0.000039
0.318200 0.000037
0.318400 0.000036
0.318600 0.000034
0.318800 0.000033
0.319000 0.000032
0.319200 0.000031
0.319400 0.000029
0.319600 0.000028
0.319800 0.000027
0.320000 0.000026
0.320200 0.000025
0.320400 0.000024
0.320600 0.000023
0.320800 0.000022
0.321000 0.000022
0.321200 0.000021
0.321400 0.000020
0.321600 0.000019
0.321800 0.000018
0.322000 0.000018
0.322200 0.000017
0.322400 0.000016
0.322600 0.000016
0.322800 0.000015
0.323000 0.000015
0.323200 0.000014
0.323400 0.000014
0.323600 0.000013
0.323800 0.000013
0.324000 0.000012
0.324200 0.000012
0.324400 0.000011
0.324600 0.000011
0.324800 0.000010
0.325000 0.000010
0.325200 0.000010
0.325400 0.000009
0.325600 0.000009
0.325800 0.000009
0.326000 0.000008
0.326200 0.000008
0.326400 0.000008
0.326600 0.000007
0.326800 0.000007
0.327000 0.000007
0.327200 0.000007
0.327400 0.000007
0.327600 0.000006
0.327800 0.000006
0.328000 0.000006
0.328200 0.000006
0.328400 0.000005
0.328600 0.000005
0.328800 0.000005
0.329000 0.000005
0.329200 0.000005
0.329400 0.000005
0.329600 0.000004
0.329800 0.000004
0.330000 0.000004
0.330200 0.000004
0.330400 0.000004
0.330600 0.000004
0.330800 0.000004
0.331000 0.000004
0.331200 0.000003
0.331400 0.000003
0.331600 0.000003
0.331800 0.000003
0.332000 0.000003
0.332200 0.000003
0.332400 0.000003
0.332600 0.000003
0.332800 0.000003
0.333000 0.000003
0.333200 0.000003
0.333400 0.000002
0.333600 0.000002
0.333800 0.000002
0.334000 0.000002
0.334200 0.000002
0.334400 0.000002
0.334600 0.000002
0.334800 0.000002
0.335000 0.000002
0.335200 0.000002
0.335400 0.000002
0.335600 0.000002
0.335800 0.000002
0.336000 0.000002
0.336200 0.000002
0.336400 0.000002
0.336600 0.000002
0.336800 0.000002
0.337000 0.000001
0.337200 0.000001
0.337400 0.000001
0.337600 0.000001
0.337800 0.000001
0.338000 0.000001
0.338200 0.000001
0.338400 0.000001
0.338600 0.000001
0.338800 0.000001
0.339000 0.000001
0.339200 0.000001
0.339400 0.000001
0.339600 0.000001
0.339800 0.000001
0.340000 0.000001
0.340200 0.000001
0.340400 0.000001
0.340600 0.000001
0.340800 0.000001
0.341000 0.000001
0.341200 0.000001
0.341400 0.000001
0.341600 0.000001
0.341800 0.000001
0.342000 0.000001
0.342200 0.000001
0.342400 0.000001
0.342600 0.000001
0.342800 0.000001
0.343000 0.000001
0.343200 0.000001
0.343400 0.000001
0.343600 0.000001
0.343800 0.000001
0.344000 0.000001
0.344200 0.000001
0.344400 0.000001
0.344600 0.000001
0.344800 0.000001
0.345000 0.000001
0.345200 0.000001
0.345400 0.000001
0.345600 0.000001
0.345800 0.000001
0.346000 0.000001
0.346200 0.000001
0.346400 0.000001
0.346600 0.000000
0.346800 0.000000
0.347000 0.000000
0.347200 0.000000
0.347400 0.000000
0.347600 0.000000
0.347800 0.000000
0.348000 0.000000
0.348200 0.000000
0.348400 0.000000
0.348600 0.000000
0.348800 0.000000
0.349000 0.000000
0.349200 0.000000
0.349400 0.000000
0.349600 0.000000
0.349800 0.000000
0.350000 0.000000
0.350200 0.000000
0.350400 0.000000
0.350600 0.000000
0.350800 0.000000
0.351000 0.000000
0.351200 0.000000
0.351400 0.000000
0.351600 0.000000
0.351800 0.000000
0.352000 0.000000
0.352200 0.000000
0.352400 0.000000
0.352600 0.000000
0.352800 0.000000
0.353000 0.000000
0.353200 0.000000
0.353400 0.000000
0.353600 0.000000
0.353800 0.000000
0.354000 0.000000
0.354200 0.000000
0.354400 0.000000
0.354600 0.000000
0.354800 0.000000
0.355000 0.000000
0.355200 0.000000
0.355400 0.000000
0.355600 0.000000
0.355800 0.000000
0.356000 0.000000
0.356200 0.000000
0.356400 0.000000
0.356600 0.000000
0.356800 0.000000
0.357000 0.000000
0.357200 0.000000
0.357400 0.000000
0.357600 0.000000
0.357800 0.000000
0.358000 0.000000
0.358200 0.000000
0.358400 0.000000
0.358600 0.000000
0.358800 0.000000
0.359000 0.000000
0.359200 0.000000
0.359400 0.000000
0.359600 0.000000
0.359800 0.000000
0.360000 0.000000
0.360200 0.000000
0.360400 0.000000
0.360600 0.000000
0.360800 0.000000
0.361000 0.000000
0.361200 0.000000
0.361400 0.000000
0.361600 0.000000
0.361800 0.000000
0.362000 0.000000
0.362200 0.000000
0.362400 0.000000
0.362600 0.000000
0.362800 0.000000
0.363000 0.000000
0.363200 0.000000
0.363400 0.000000
0.363600 0.000000
0.363800 0.000000
0.364000 0.000000
0.364200 0.000000
0.364400 0.000000
0.364600 0.000000
0.364800 0.000000
0.365000 0.000000
0.365200 0.000000
0.365400 0.000000
0.365600 0.000000
0.365800 0.000000
0.366000 0.000000
0.366200 0.000000
0.366400 0.000000
0.366600 0.000000
0.366800 0.000000
0.367000 0.000000
0.367200 0.000000
0.367400 0.000000
0.367600 0.000000
0.367800 0.000000
0.368000 0.000000
0.368200 0.000000
0.368400 0.000000
0.368600 0.000000
0.368800 0.000000
0.369000 0.000000
0.369200 0.000000
0.369400 0.000000
0.369600 0.000000
0.369800 0.000000
0.370000 0.000000
0.370200 0.000000
0.370400 0.000000
0.370600 0.000000
0.370800 0.000000
0.371000 0.000000
0.371200 0.000000
0.371400 0.000000
0.371600 0.000000
0.371800 0.000000
0.372000 0.000000
0.372200 0.000000
0.372400 0.000000
0.372600 0.000000
0.372800 0.000000
0.373000 0.000000
0.373200 0.000000
0.373400 0.000000
0.373600 0.000000
0.373800 0.000000
0.374000 0.000000
0.374200 0.000000
0.374400 0.000000
0.374600 0.000000
0.374800 0.000000
0.375000 0.000000
0.375200 0.000000
0.375400 0.000000
0.375600 0.000000
0.375800 0.000000
0.376000 0.000000
0.376200 0.000000
0.376400 0.000000
0.376600 0.000000
0.376800 0.000000
0.377000 0.000000
0.377200 0.000000
0.377400 0.000000
0.377600 0.000000
0.377800 0.000000
0.378000 0.000000
0.378200 0.000000
0.378400 0.000000
0.378600 0.000000
0.378800 0.000000
0.379000 0.000000
0.379200 0.000000
0.379400 0.000000
0.379600 0.000000
0.379800 0.000000
0.380000 0.000000
0.380200 0.000000
0.380400 0.000000
0.380600 0.000000
0.380800 0.000000
0.381000 0.000000
0.381200 0.000000
0.381400 0.000000
0.381600 0.000000
0.381800 0.000000
0.382000 0.000000
0.382200 0.000000
0.382400 0.000000
0.382600 0.000000
0.382800 0.000000
0.383000 0.000000
0.383200 0.000000
0.383400 0.000000
0.383600 0.000000
0.383800 0.000000
0.384000 0.000000
0.384200 0.000000
0.384400 0.000000
0.384600 0.000000
0.384800 0.000000
0.385000 0.000000
0.385200 0.000000
0.385400 0.000000
0.385600 0.000000
0.385800 0.000000
0.386000 0.000000
0.386200 0.000000
0.386400 0.000000
0.386600 0.000000
0.386800 0.000000
0.387000 0.000000
0.387200 0.000000
0.387400 0.000000
0.387600 0.000000
0.387800 0.000000
0.388000 0.000000
0.388200 0.000000
0.388400 0.000000
0.388600 0.000000
0.388800 0.000000
0.389000 0.000000
0.389200 0.000000
0.389400 0.000000
0.389600 0.000000
0.389800 0.000000
0.390000 0.000000
0.390200 0.000000
0.390400 0.000000
0.390600 0.000000
0.390800 0.000000
0.391000 0.000000
0.391200 0.000000
0.391400 0.000000
0.391600 0.000000
0.391800 0.000000
0.392000 0.000000
0.392200 0.000000
0.392400 0.000000
0.392600 0.000000
0.392800 0.000000
0.393000 0.000000
0.393200 0.000000
0.393400 0.000000
0.393600 0.000000
0.393800 0.000000
0.394000 0.000000
0.394200 0.000000
0.394400 0.000000
0.394600 0.000000
0.394800 0.000000
0.395000 0.000000
0.395200 0.000000
0.395400 0.000000
0.395600 0.000000
0.395800 0.000000
0.396000 0.000000
0.396200 0.000000
0.396400 0.000000
0.396600 0.000000
0.396800 0.000000
0.397000 0.000000
0.397200 0.000000
0.397400 0.000000
0.397600 0.000000
0.397800 0.000000
0.398000 0.000000
0.398200 0.000000
0.398400 0.000000
0.398600 0.000000
0.398800 0.000000
0.399000 0.000000
0.399200 0.000000
0.399400 0.000000
0.399600 0.000000
0.399800 0.000000
0.400000 0.000000
0.400200 0.000000
0.400400 0.000000
0.400600 0.000000
0.400800 0.000000
0.401000 0.000000
0.401200 0.000000
0.401400 0.000000
0.401600 0.000000
0.401800 0.000000
0.402000 0.000000
0.402200 0.000000
0.402400 0.000000
0.402600 0.000000
0.402800 0.000000
0.403000 0.000000
0.403200 0.000000
0.403400 0.000000
0.403600 0.000000
0.403800 0.000000
0.404000 0.000000
0.404200 0.000000
0.404400 0.000000
0.404600 0.000000
0.404800 0.000000
0.405000 0.000000
0.405200 0.000000
0.405400 0.000000
0.405600 0.000000
0.405800 0.000000
0.406000 0.000000
0.406200 0.000000
0.406400 0.000000
0.406600 0.000000
0.406800 0.000000
0.407000 0.000000
0.407200 0.000000
0.407400 0.000000
0.407600 0.000000
0.407800 0.000000
0.408000 0.000000
0.408200 0.000000
0.408400 0.000000
0.408600 0.000000
0.408800 0.000000
0.409000 0.000000
0.409200 0.000000
0.409400 0.000000
0.409600 0.000000
0.409800 0.000000
0.410000 0.000000
0.410200 0.000000
0.410400 0.000000
0.410600 0.000000
0.410800 0.000000
0.411000 0.000000
0.411200 0.000000
0.411400 0.000000
0.411600 0.000000
0.411800 0.000000
0.412000 0.000000
0.412200 0.000000
0.412400 0.000000
0.412600 0.000000
0.412800 0.000000
0.413000 0.000000
0.413200 0.000000
0.413400 0.000000
0.413600 0.000000
0.413800 0.000000
0.414000 0.000000
0.414200 0.000000
0.414400 0.000000
0.414600 0.000000
0.414800 0.000000
0.415000 0.000000
0.415200 0.000000
0.415400 0.000000
0.415600 0.000000
0.415800 0.000000
0.416000 0.000000
0.416200 0.000000
0.416400 0.000000
0.416600 0.000000
0.416800 0.000000
0.417000 0.000000
0.417200 0.000000
0.417400 0.000000
0.417600 0.000000
0.417800 0.000000
0.418000 0.000000
0.418200 0.000000
0.418400 0.000000
0.418600 0.000000
0.418800 0.000000
0.419000 0.000000
0.419200 0.000000
0.419400 0.000000
0.419600 0.000000
0.419800 0.000000
0.420000 0.000000
0.420200 0.000000
0.420400 0.000000
0.420600 0.000000
0.420800 0.000000
0.421000 0.000000
0.421200 0.000000
0.421400 0.000000
0.421600 0.000000
0.421800 0.000000
0.422000 0.000000
0.422200 0.000000
0.422400 0.000000
0.422600 0.000000
0.422800 0.000000
0.423000 0.000000
0.423200 0.000000
0.423400 0.000000
0.423600 0.000000
0.423800 0.000000
0.424000 0.000000
0.424200 0.000000
0.424400 0.000000
0.424600 0.000000
0.424800 0.000000
0.425000 0.000000
0.425200 0.000000
0.425400 0.000000
0.425600 0.000000
0.425800 0.000000
0.426000 0.000000
0.426200 0.000000
0.426400 0.000000
0.426600 0.000000
0.426800 0.000000
0.427000 0.000000
0.427200 0.000000
0.427400 0.000000
0.427600 0.000000
0.427800 0.000000
0.428000 0.000000
0.428200 0.000000
0.428400 0.000000
0.428600 0.000000
0.428800 0.000000
0.429000 0.000000
0.429200 0.000000
0.429400 0.000000
0.429600 0.000000
0.429800 0.000000
0.430000 0.000000
0.430200 0.000000
0.430400 0.000000
0.430600 0.000000
0.430800 0.000000
0.431000 0.000000
0.431200 0.000000
0.431400 0.000000
0.431600 0.000000
0.431800 0.000000
0.432000 0.000000
0.432200 0.000000
0.432400 0.000000
0.432600 0.000000
0.432800 0.000000
0.433000 0.000000
0.433200 0.000000
0.433400 0.000000
0.433600 0.000000
0.433800 0.000000
0.434000 0.000000
0.434200 0.000000
0.434400 0.000000
0.434600 0.000000
0.434800 0.000000
0.435000 0.000000
0.435200 0.000000
0.435400 0.000000
0.435600 0.000000
0.435800 0.000000
0.436000 0.000000
0.436200 0.000000
0.436400 0.000000
0.436600 0.000000
0.436800 0.000000
0.437000 0.000000
0.437200 0.000000
0.437400 0.000000
0.437600 0.000000
0.437800 0.000000
0.438000 0.000000
0.438200 0.000000
0.438400 0.000000
0.438600 0.000000
0.438800 0.000000
0.439000 0.000000
0.439200 0.000000
0.439400 0.000000
0.439600 0.000000
0.439800 0.000000
0.440000 0.000000
0.440200 0.000000
0.440400 0.000000
0.440600 0.000000
0.440800 0.000000
0.441000 0.000000
0.441200 0.000000
0.441400 0.000000
0.441600 0.000000
0.441800 0.000000
0.442000 0.000000
0.442200 0.000000
0.442400 0.000000
0.442600 0.000000
0.442800 0.000000
0.443000 0.000000
0.443200 0.000000
0.443400 0.000000
0.443600 0.000000
0.443800 0.000000
0.444000 0.000000
0.444200 0.000000
0.444400 0.000000
0.444600 0.000000
0.444800 0.000000
0.445000 0.000000
0.445200 0.000000
0.445400 0.000000
0.445600 0.000000
0.445800 0.000000
0.446000 0.000000
0.446200 0.000000
0.446400 0.000000
0.446600 0.000000
0.446800 0.000000
0.447000 0.000000
0.447200 0.000000
0.447400 0.000000
0.447600 0.000000
0.447800 0.000000
0.448000 0.000000
0.448200 0.000000
0.448400 0.000000
0.448600 0.000000
0.448800 0.000000
0.449000 0.000000
0.449200 0.000000
0.449400 0.000000
0.449600 0.000000
0.449800 0.000000
0.450000 0.000000
0.450200 0.000000
0.450400 0.000000
0.450600 0.000000
0.450800 0.000000
0.451000 0.000000
0.451200 0.000000
0.451400 0.000000
0.451600 0.000000
0.451800 0.000000
0.452000 0.000000
0.452200 0.000000
0.452400 0.000000
0.452600 0.000000
0.452800 0.000000
0.453000 0.000000
0.453200 0.000000
0.453400 0.000000
0.453600 0.000000
0.453800 0.000000
0.454000 0.000000
0.454200 0.000000
0.454400 0.000000
0.454600 0.000000
0.454800 0.000000
0.455000 0.000000
0.455200 0.000000
0.455400 0.000000
0.455600 0.000000
0.455800 0.000000
0.456000 0.000000
0.456200 0.000000
0.456400 0.000000
0.456600 0.000000
0.456800 0.000000
0.457000 0.000000
0.457200 0.000000
0.457400 0.000000
0.457600 0.000000
0.457800 0.000000
0.458000 0.000000
0.458200 0.000000
0.458400 0.000000
0.458600 0.000000
0.458800 0.000000
0.459000 0.000000
0.459200 0.000000
0.459400 0.000000
0.459600 0.000000
0.459800 0.000000
0.460000 0.000000
0.460200 0.000000
0.460400 0.000000
0.460600 0.000000
0.460800 0.000000
0.461000 0.000000
0.461200 0.000000
0.461400 0.000000
0.461600 0.000000
0.461800 0.000000
0.462000 0.000000
0.462200 0.000000
0.462400 0.000000
0.462600 0.000000
0.462800 0.000000
0.463000 0.000000
0.463200 0.000000
0.463400 0.000000
0.463600 0.000000
0.463800 0.000000
0.464000 0.000000
0.464200 0.000000
0.464400 0.000000
0.464600 0.000000
0.464800 0.000000
0.465000 0.000000
0.465200 0.000000
0.465400 0.000000
0.465600 0.000000
0.465800 0.000000
0.466000 0.000000
0.466200 0.000000
0.466400 0.000000
0.466600 0.000000
0.466800 0.000000
0.467000 0.000000
0.467200 0.000000
0.467400 0.000000
0.467600 0.000000
0.467800 0.000000
0.468000 0.000000
0.468200 0.000000
0.468400 0.000000
0.468600 0.000000
0.468800 0.000000
0.469000 0.000000
0.469200 0.000000
0.469400 0.000000
0.469600 0.000000
0.469800 0.000000
0.470000 0.000000
0.470200 0.000000
0.470400 0.000000
0.470600 0.000000
0.470800 0.000000
0.471000 0.000000
0.471200 0.000000
0.471400 0.000000
0.471600 0.000000
0.471800 0.000000
0.472000 0.000000
0.472200 0.000000
0.472400 0.000000
0.472600 0.000000
0.472800 0.000000
0.473000 0.000000
0.473200 0.000000
0.473400 0.000000
0.473600 0.000000
0.473800 0.000000
0.474000 0.000000
0.474200 0.000000
0.474400 0.000000
0.474600 0.000000
0.474800 0.000000
0.475000 0.000000
0.475200 0.000000
0.475400 0.000000
0.475600 0.000000
0.475800 0.000000
0.476000 0.000000
0.476200 0.000000
0.476400 0.000000
0.476600 0.000000
0.476800 0.000000
0.477000 0.000000
0.477200 0.000000
0.477400 0.000000
0.477600 0.000000
0.477800 0.000000
0.478000 0.000000
0.478200 0.000000
0.478400 0.000000
0.478600 0.000000
0.478800 0.000000
0.479000 0.000000
0.479200 0.000000
0.479400 0.000000
0.479600 0.000000
0.479800 0.000000
0.480000 0.000000
0.480200 0.000000
0.480400 0.000000
0.480600 0.000000
0.480800 0.000000
0.481000 0.000000
0.481200 0.000000
0.481400 0.000000
0.481600 0.000000
0.481800 0.000000
0.482000 0.000000
0.482200 0.000000
0.482400 0.000000
0.482600 0.000000
0.482800 0.000000
0.483000 0.000000
0.483200 0.000000
0.483400 0.000000
0.483600 0.000000
0.483800 0.000000
0.484000 0.000000
0.484200 0.000000
0.484400 0.000000
0.484600 0.000000
0.484800 0.000000
0.485000 0.000000
0.485200 0.000000
0.485400 0.000000
0.485600 0.000000
0.485800 0.000000
0.486000 0.000000
0.486200 0.000000
0.486400 0.000000
0.486600 0.000000
0.486800 0.000000
0.487000 0.000000
0.487200 0.000000
0.487400 0.000000
0.487600 0.000000
0.487800 0.000000
0.488000 0.000000
0.488200 0.000000
0.488400 0.000000
0.488600 0.000000
0.488800 0.000000
0.489000 0.000000
0.489200 0.000000
0.489400 0.000000
0.489600 0.000000
0.489800 0.000000
0.490000 0.000000
0.490200 0.000000
0.490400 0.000000
0.490600 0.000000
0.490800 0.000000
0.491000 0.000000
0.491200 0.000000
0.491400 0.000000
0.491600 0.000000
0.491800 0.000000
0.492000 0.000000
0.492200 0.000000
0.492400 0.000000
0.492600 0.000000
0.492800 0.000000
0.493000 0.000000
0.493200 0.000000
0.493400 0.000000
0.493600 0.000000
0.493800 0.000000
0.494000 0.000000
0.494200 0.000000
0.494400 0.000000
0.494600 0.000000
0.494800 0.000000
0.495000 0.000000
0.495200 0.000000
0.495400 0.000000
0.495600 0.000000
0.495800 0.000000
0.496000 0.000000
0.496200 0.000000
0.496400 0.000000
0.496600 0.000000
0.496800 0.000000
0.497000 0.000000
0.497200 0.000000
0.497400 0.000000
0.497600 0.000000
0.497800 0.000000
0.498000 0.000000
0.498200 0.000000
0.498400 0.000000
0.498600 0.000000
0.498800 0.000000
0.499000 0.000000
0.499200 0.000000
0.499400 0.000000
0.499600 0.000000
0.499800 0.000000
0.500000 0.000000
0.500200 0.000000
0.500400 0.000000
0.500600 0.000000
0.500800 0.000001
0.501000 0.000001
0.501200 0.000001
0.501400 0.000001
0.501600 0.000001
0.501800 0.000001
0.502000 0.000002
0.502200 0.000002
0.502400 0.000002
0.502600 0.000003
0.502800 0.000003
0.503000 0.000004
0.503200 0.000005
0.503400 0.000006
0.503600 0.000007
0.503800 0.000008
0.504000 0.000010
0.504200 0.000011
0.504400 0.000013
0.504600 0.000016
0.504800 0.000018
0.505000 0.000022
0.505200 0.000025
0.505400 0.000030
0.505600 0.000035
0.505800 0.000041
0.506000 0.000048
0.506200 0.000055
0.506400 0.000065
0.506600 0.000075
0.506800 0.000088
0.507000 0.000102
0.507200 0.000118
0.507400 0.000137
0.507600 0.000158
0.507800 0.000183
0.508000 0.000211
0.508200 0.000244
0.508400 0.000281
0.508600 0.000324
0.508800 0.000373
0.509000 0.000428
0.509200 0.000492
0.509400 0.000564
0.509600 0.000646
0.509800 0.000739
0.510000 0.000845
0.510200 0.000964
0.510400 0.001100
0.510600 0.001253
0.510800 0.001426
0.511000 0.001622
0.511200 0.001842
0.511400 0.002089
0.511600 0.002368
0.511800 0.002680
0.512000 0.003031
0.512200 0.003424
0.512400 0.003864
0.512600 0.004355
0.512800 0.004904
0.513000 0.005516
0.513200 0.006197
0.513400 0.006956
0.513600 0.007799
0.513800 0.008734
0.514000 0.009772
0.514200 0.010921
0.514400 0.012192
0.514600 0.013596
0.514800 0.015146
0.515000 0.016855
0.515200 0.018736
0.515400 0.020804
0.515600 0.023077
0.515800 0.025570
0.516000 0.028302
0.516200 0.031293
0.516400 0.034562
0.516600 0.038133
0.516800 0.042027
0.517000 0.046269
0.517200 0.050884
0.517400 0.055901
0.517600 0.061346
0.517800 0.067249
0.518000 0.073641
0.518200 0.080555
0.518400 0.088023
0.518600 0.096081
0.518800 0.104764
0.519000 0.114109
0.519200 0.124154
0.519400 0.134940
0.519600 0.146505
0.519800 0.158891
0.520000 0.172140
0.520200 0.186294
0.520400 0.201395
0.520600 0.217488
0.520800 0.234615
0.521000 0.252819
0.521200 0.272145
0.521400 0.292633
0.521600 0.314328
0.521800 0.337268
0.522000 0.361496
0.522200 0.387049
0.522400 0.413964
0.522600 0.442277
0.522800 0.472021
0.523000 0.503224
0.523200 0.535917
0.523400 0.570121
0.523600 0.605859
0.523800 0.643148
0.524000 0.682001
0.524200 0.722426
0.524400 0.764428
0.524600 0.808005
0.524800 0.853152
0.525000 0.899856
0.525200 0.948101
0.525400 0.997862
0.525600 1.049110
0.525800 1.101809
0.526000 1.155916
0.526200 1.211380
0.526400 1.268147
0.526600 1.326152
0.526800 1.385324
0.527000 1.445587
0.527200 1.506856
0.527400 1.569039
0.527600 1.632038
0.527800 1.695749
0.528000 1.760060
0.528200 1.824853
0.528400 1.890004
0.528600 1.955386
0.528800 2.020862
0.529000 2.086294
0.529200 2.151537
0.529400 2.216444
0.529600 2.280864
0.529800 2.344643
0.530000 2.407623
0.530200 2.469647
0.530400 2.530556
0.530600 2.590189
0.530800 2.648389
0.531000 2.704996
0.531200 2.759853
0.531400 2.812807
0.531600 2.863707
0.531800 2.912405
0.532000 2.958759
0.532200 3.002631
0.532400 3.043890
0.532600 3.082411
0.532800 3.118077
0.533000 3.150777
0.533200 3.180409
0.533400 3.206882
0.533600 3.230112
0.533800 3.250026
0.534000 3.266560
0.534200 3.279661
0.534400 3.289289
0.534600 3.295411
0.534800 3.298009
0.535000 3.297073
0.535200 3.292608
0.535400 3.284627
0.535600 3.273155
0.535800 3.258230
0.536000 3.239900
0.536200 3.218222
0.536400 3.193265
0.536600 3.165108
0.536800 3.133840
0.537000 3.099557
0.537200 3.062365
0.537400 3.022379
0.537600 2.979721
0.537800 2.934518
0.538000 2.886905
0.538200 2.837023
0.538400 2.785017
0.538600 2.731036
0.538800 2.675233
0.539000 2.617764
0.539200 2.558785
0.539400 2.498457
0.539600 2.436938
0.539800 2.374388
0.540000 2.310965
0.540200 2.246828
0.540400 2.182131
0.540600 2.117027
0.540800 2.051665
0.541000 1.986192
0.541200 1.920749
0.541400 1.855473
0.541600 1.790496
0.541800 1.725943
0.542000 1.661936
0.542200 1.598588
0.542400 1.536008
0.542600 1.474298
0.542800 1.413551
0.543000 1.353855
0.543200 1.295291
0.543400 1.237934
0.543600 1.181849
0.543800 1.127097
0.544000 1.073730
0.544200 1.021794
0.544400 0.971329
0.544600 0.922367
0.544800 0.874936
0.545000 0.829054
0.545200 0.784737
0.545400 0.741994
0.545600 0.700827
0.545800 0.661235
0.546000 0.623212
0.546200 0.586746
0.546400 0.551822
0.546600 0.518421
0.546800 0.486520
0.547000 0.456093
0.547200 0.427112
0.547400 0.399543
0.547600 0.373353
0.547800 0.348507
0.548000 0.324965
0.548200 0.302690
0.548400 0.281639
0.548600 0.261771
0.548800 0.243045
0.549000 0.225416
0.549200 0.208842
0.549400 0.193280
0.549600 0.178686
0.549800 0.165016
0.550000 0.152230
0.550200 0.140283
0.550400 0.129136
0.550600 0.118747
0.550800 0.109077
0.551000 0.100087
0.551200 0.091740
0.551400 0.083999
0.551600 0.076828
0.551800 0.070195
0.552000 0.064065
0.552200 0.058409
0.552400 0.053194
0.552600 0.048393
0.552800 0.043979
0.553000 0.039924
0.553200 0.036205
0.553400 0.032796
0.553600 0.029677
0.553800 0.026826
0.554000 0.024222
0.554200 0.021848
0.554400 0.019686
0.554600 0.017718
0.554800 0.015931
0.555000 0.014308
0.555200 0.012837
0.555400 0.011504
0.555600 0.010299
0.555800 0.009211
0.556000 0.008228
0.556200 0.007343
0.556400 0.006546
0.556600 0.005829
0.556800 0.005185
0.557000 0.004607
0.557200 0.004090
0.557400 0.003626
0.557600 0.003212
0.557800 0.002842
0.558000 0.002512
0.558200 0.002218
0.558400 0.001956
0.558600 0.001724
0.558800 0.001517
0.559000 0.001334
0.559200 0.001172
0.559400 0.001028
0.559600 0.000901
0.559800 0.000789
0.560000 0.000690
0.560200 0.000603
0.560400 0.000527
0.560600 0.000459
0.560800 0.000400
0.561000 0.000348
0.561200 0.000303
0.561400 0.000263
0.561600 0.000229
0.561800 0.000199
0.562000 0.000172
0.562200 0.000149
0.562400 0.000129
0.562600 0.000112
0.562800 0.000097
0.563000 0.000084
0.563200 0.000072
0.563400 0.000063
0.563600 0.000054
0.563800 0.000047
0.564000 0.000041
0.564200 0.000035
0.564400 0.000031
0.564600 0.000027
0.564800 0.000023
0.565000 0.000021
0.565200 0.000018
0.565400 0.000016
0.565600 0.000014
0.565800 0.000013
0.566000 0.000011
0.566200 0.000010
0.566400 0.000009
0.566600 0.000009
0.566800 0.000008
0.567000 0.000008
0.567200 0.000007
0.567400 0.000007
0.567600 0.000007
0.567800 0.000006
0.568000 0.000006
0.568200 0.000006
0.568400 0.000006
0.568600 0.000006
0.568800 0.000006
0.569000 0.000006
0.569200 0.000006
0.569400 0.000006
0.569600 0.000006
0.569800 0.000006
0.570000 0.000006
0.570200 0.000006
0.570400 0.000006
0.570600 0.000006
0.570800 0.000007
0.571000 0.000007
0.571200 0.000007
0.571400 0.000007
0.571600 0.000007
0.571800 0.000007
0.572000 0.000007
0.572200 0.000007
0.572400 0.000008
0.572600 0.000008
0.572800 0.000008
0.573000 0.000008
0.573200 0.000008
0.573400 0.000008
0.573600 0.000009
0.573800 0.000009
0.574000 0.000009
0.574200 0.000009
0.574400 0.000009
0.574600 0.000009
0.574800 0.000010
0.575000 0.000010
0.575200 0.000010
0.575400 0.000010
0.575600 0.000010
0.575800 0.000011
0.576000 0.000011
0.576200 0.000011
0.576400 0.000011
0.576600 0.000011
0.576800 0.000012
0.577000 0.000012
0.577200 0.000012
0.577400 0.000012
0.577600 0.000013
0.577800 0.000013
0.578000 0.000013
0.578200 0.000013
0.578400 0.000014
0.578600 0.000014
0.578800 0.000014
0.579000 0.000014
0.579200 0.000015
0.579400 0.000015
0.579600 0.000015
0.579800 0.000016
0.580000 0.000016
0.580200 0.000016
0.580400 0.000016
0.580600 0.000017
0.580800 0.000017
0.581000 0.000017
0.581200 0.000018
0.581400 0.000018
0.581600 0.000018
0.581800 0.000019
0.582000 0.000019
0.582200 0.000020
0.582400 0.000020
0.582600 0.000020
0.582800 0.000021
0.583000 0.000021
0.583200 0.000022
0.583400 0.000022
0.583600 0.000022
0.583800 0.000023
0.584000 0.000023
0.584200 0.000024
0.584400 0.000024
0.584600 0.000025
0.584800 0.000025
0.585000 0.000025
0.585200 0.000026
0.585400 0.000026
0.585600 0.000027
0.585800 0.000027
0.586000 0.000028
0.586200 0.000029
0.586400 0.000029
0.586600 0.000030
0.586800 0.000030
0.587000 0.000031
0.587200 0.000031
0.587400 0.000032
0.587600 0.000032
0.587800 0.000033
0.588000 0.000034
0.588200 0.000034
0.588400 0.000035
0.588600 0.000036
0.588800 0.000036
0.589000 0.000037
0.589200 0.000038
0.589400 0.000038
0.589600 0.000039
0.589800 0.000040
0.590000 0.000041
0.590200 0.000041
0.590400 0.000042
0.590600 0.000043
0.590800 0.000044
0.591000 0.000044
0.591200 0.000045
0.591400 0.000046
0.591600 0.000047
0.591800 0.000048
0.592000 0.000049
0.592200 0.000050
0.592400 0.000051
0.592600 0.000051
0.592800 0.000052
0.593000 0.000053
0.593200 0.000054
0.593400 0.000055
0.593600 0.000056
0.593800 0.000057
0.594000 0.000058
0.594200 0.000059
0.594400 0.000061
0.594600 0.000062
0.594800 0.000063
0.595000 0.000064
0.595200 0.000065
0.595400 0.000066
0.595600 0.000067
0.595800 0.000069
0.596000 0.000070
0.596200 0.000071
0.596400 0.000072
0.596600 0.000074
0.596800 0.000075
0.597000 0.000076
0.597200 0.000078
0.597400 0.000079
0.597600 0.000081
0.597800 0.000082
0.598000 0.000084
0.598200 0.000085
0.598400 0.000087
0.598600 0.000088
0.598800 0.000090
0.599000 0.000091
0.599200 0.000093
0.599400 0.000095
0.599600 0.000096
0.599800 0.000098
0.600000 0.000100
0.600200 0.000101
0.600400 0.000103
0.600600 0.000105
0.600800 0.000107
0.601000 0.000109
0.601200 0.000111
0.601400 0.000113
0.601600 0.000115
0.601800 0.000117
0.602000 0.000119
0.602200 0.000121
0.602400 0.000123
0.602600 0.000125
0.602800 0.000127
0.603000 0.000129
0.603200 0.000132
0.603400 0.000134
0.603600 0.000136
0.603800 0.000139
0.604000 0.000141
0.604200 0.000144
0.604400 0.000146
0.604600 0.000149
0.604800 0.000151
0.605000 0.000154
0.605200 0.000157
0.605400 0.000159
0.605600 0.000162
0.605800 0.000165
0.606000 0.000168
0.606200 0.000171
0.606400 0.000173
0.606600 0.000176
0.606800 0.000179
0.607000 0.000183
0.607200 0.000186
0.607400 0.000189
0.607600 0.000192
0.607800 0.000195
0.608000 0.000199
0.608200 0.000202
0.608400 0.000206
0.608600 0.000209
0.608800 0.000213
0.609000 0.000216
0.609200 0.000220
0.609400 0.000224
0.609600 0.000227
0.609800 0.000231
0.610000 0.000235
0.610200 0.000239
0.610400 0.000243
0.610600 0.000247
0.610800 0.000251
0.611000 0.000256
0.611200 0.000260
0.611400 0.000264
0.611600 0.000269
0.611800 0.000273
0.612000 0.000278
0.612200 0.000283
0.612400 0.000287
0.612600 0.000292
0.612800 0.000297
0.613000 0.000302
0.613200 0.000307
0.613400 0.000312
0.613600 0.000317
0.613800 0.000323
0.614000 0.000328
0.614200 0.000333
0.614400 0.000339
0.614600 0.000344
0.614800 0.000350
0.615000 0.000356
0.615200 0.000362
0.615400 0.000368
0.615600 0.000374
0.615800 0.000380
0.616000 0.000386
0.616200 0.000393
0.616400 0.000399
0.616600 0.000405
0.616800 0.000412
0.617000 0.000419
0.617200 0.000426
0.617400 0.000433
0.617600 0.000440
0.617800 0.000447
0.618000 0.000454
0.618200 0.000461
0.618400 0.000469
0.618600 0.000477
0.618800 0.000484
0.619000 0.000492
0.619200 0.000500
0.619400 0.000508
0.619600 0.000516
0.619800 0.000525
0.620000 0.000533
0.620200 0.000542
0.620400 0.000550
0.620600 0.000559
0.620800 0.000568
0.621000 0.000577
0.621200 0.000587
0.621400 0.000596
0.621600 0.000605
0.621800 0.000615
0.622000 0.000625
0.622200 0.000635
0.622400 0.000645
0.622600 0.000655
0.622800 0.000666
0.623000 0.000676
0.623200 0.000687
0.623400 0.000698
0.623600 0.000709
0.623800 0.000720
0.624000 0.000731
0.624200 0.000743
0.624400 0.000754
0.624600 0.000766
0.624800 0.000778
0.625000 0.000791
0.625200 0.000803
0.625400 0.000816
0.625600 0.000828
0.625800 0.000841
0.626000 0.000854
0.626200 0.000868
0.626400 0.000881
0.626600 0.000895
0.626800 0.000909
0.627000 0.000923
0.627200 0.000937
0.627400 0.000952
0.627600 0.000966
0.627800 0.000981
0.628000 0.000997
0.628200 0.001012
0.628400 0.001028
0.628600 0.001043
0.628800 0.001059
0.629000 0.001076
0.629200 0.001092
0.629400 0.001109
0.629600 0.001126
0.629800 0.001143
0.630000 0.001161
0.630200 0.001178
0.630400 0.001196
0.630600 0.001214
0.630800 0.001233
0.631000 0.001252
0.631200 0.001271
0.631400 0.001290
0.631600 0.001309
0.631800 0.001329
0.632000 0.001349
0.632200 0.001370
0.632400 0.001390
0.632600 0.001411
0.632800 0.001433
0.633000 0.001454
0.633200 0.001476
0.633400 0.001498
0.633600 0.001521
0.633800 0.001543
0.634000 0.001566
0.634200 0.001590
0.634400 0.001613
0.634600 0.001638
0.634800 0.001662
0.635000 0.001687
0.635200 0.001712
0.635400 0.001737
0.635600 0.001763
0.635800 0.001789
0.636000 0.001815
0.636200 0.001842
0.636400 0.001869
0.636600 0.001897
0.636800 0.001925
0.637000 0.001953
0.637200 0.001982
0.637400 0.002011
0.637600 0.002040
0.637800 0.002070
0.638000 0.002100
0.638200 0.002131
0.638400 0.002162
0.638600 0.002194
0.638800 0.002226
0.639000 0.002258
0.639200 0.002291
0.639400 0.002324
0.639600 0.002358
0.639800 0.002392
0.640000 0.002426
0.640200 0.002462
0.640400 0.002497
0.640600 0.002533
0.640800 0.002569
0.641000 0.002606
0.641200 0.002644
0.641400 0.002682
0.641600 0.002720
0.641800 0.002759
0.642000 0.002799
0.642200 0.002838
0.642400 0.002879
0.642600 0.002920
0.642800 0.002962
0.643000 0.003004
0.643200 0.003046
0.643400 0.003089
0.643600 0.003133
0.643800 0.003178
0.644000 0.003222
0.644200 0.003268
0.644400 0.003314
0.644600 0.003361
0.644800 0.003408
0.645000 0.003456
0.645200 0.003504
0.645400 0.003553
0.645600 0.003603
0.645800 0.003654
0.646000 0.003705
0.646200 0.003756
0.646400 0.003809
0.646600 0.003862
0.646800 0.003915
0.647000 0.003970
0.647200 0.004025
0.647400 0.004080
0.647600 0.004137
0.647800 0.004194
0.648000 0.004252
0.648200 0.004311
0.648400 0.004370
0.648600 0.004430
0.648800 0.004491
0.649000 0.004553
0.649200 0.004615
0.649400 0.004678
0.649600 0.004742
0.649800 0.004807
0.650000 0.004872
0.650200 0.004939
0.650400 0.005006
0.650600 0.005074
0.650800 0.005143
0.651000 0.005213
0.651200 0.005283
0.651400 0.005355
0.651600 0.005427
0.651800 0.005500
0.652000 0.005574
0.652200 0.005649
0.652400 0.005725
0.652600 0.005802
0.652800 0.005880
0.653000 0.005959
0.653200 0.006038
0.653400 0.006119
0.653600 0.006201
0.653800 0.006283
0.654000 0.006367
0.654200 0.006452
0.654400 0.006537
0.654600 0.006624
0.654800 0.006712
0.655000 0.006801
0.655200 0.006890
0.655400 0.006981
0.655600 0.007073
0.655800 0.007167
0.656000 0.007261
0.656200 0.007356
0.656400 0.007453
0.656600 0.007550
0.656800 0.007649
0.657000 0.007749
0.657200 0.007850
0.657400 0.007952
0.657600 0.008056
0.657800 0.008161
0.658000 0.008267
0.658200 0.008374
0.658400 0.008482
0.658600 0.008592
0.658800 0.008703
0.659000 0.008815
0.659200 0.008929
0.659400 0.009044
0.659600 0.009160
0.659800 0.009278
0.660000 0.009397
0.660200 0.009517
0.660400 0.009639
0.660600 0.009762
0.660800 0.009886
0.661000 0.010012
0.661200 0.010140
0.661400 0.010268
0.661600 0.010399
0.661800 0.010531
0.662000 0.010664
0.662200 0.010799
0.662400 0.010935
0.662600 0.011073
0.662800 0.011212
0.663000 0.011353
0.663200 0.011496
0.663400 0.011640
0.663600 0.011786
0.663800 0.011933
0.664000 0.012082
0.664200 0.012233
0.664400 0.012386
0.664600 0.012540
0.664800 0.012696
0.665000 0.012853
0.665200 0.013012
0.665400 0.013174
0.665600 0.013336
0.665800 0.013501
0.666000 0.013667
0.666200 0.013836
0.666400 0.014006
0.666600 0.014178
0.666800 0.014352
0.667000 0.014528
0.667200 0.014705
0.667400 0.014885
0.667600 0.015067
0.667800 0.015250
0.668000 0.015436
0.668200 0.015623
0.668400 0.015813
0.668600 0.016004
0.668800 0.016198
0.669000 0.016394
0.669200 0.016592
0.669400 0.016792
0.669600 0.016994
0.669800 0.017198
0.670000 0.017404
0.670200 0.017613
0.670400 0.017824
0.670600 0.018037
0.670800 0.018252
0.671000 0.018470
0.671200 0.018690
0.671400 0.018912
0.671600 0.019137
0.671800 0.019363
0.672000 0.019593
0.672200 0.019824
0.672400 0.020058
0.672600 0.020295
0.672800 0.020534
0.673000 0.020775
0.673200 0.021019
0.673400 0.021266
0.673600 0.021515
0.673800 0.021766
0.674000 0.022020
0.674200 0.022277
0.674400 0.022537
0.674600 0.022799
0.674800 0.023063
0.675000 0.023331
0.675200 0.023601
0.675400 0.023874
0.675600 0.024149
0.675800 0.024428
0.676000 0.024709
0.676200 0.024993
0.676400 0.025280
0.676600 0.025570
0.676800 0.025863
0.677000 0.026158
0.677200 0.026457
0.677400 0.026758
0.677600 0.027063
0.677800 0.027371
0.678000 0.027681
0.678200 0.027995
0.678400 0.028312
0.678600 0.028632
0.678800 0.028955
0.679000 0.029281
0.679200 0.029610
0.679400 0.029943
0.679600 0.030279
0.679800 0.030618
0.680000 0.030961
0.680200 0.031307
0.680400 0.031656
0.680600 0.032008
0.680800 0.032364
0.681000 0.032724
0.681200 0.033086
0.681400 0.033453
0.681600 0.033823
0.681800 0.034196
0.682000 0.034573
0.682200 0.034954
0.682400 0.035338
0.682600 0.035725
0.682800 0.036117
0.683000 0.036512
0.683200 0.036911
0.683400 0.037314
0.683600 0.037720
0.683800 0.038130
0.684000 0.038544
0.684200 0.038962
0.684400 0.039384
0.684600 0.039810
0.684800 0.040240
0.685000 0.040673
0.685200 0.041111
0.685400 0.041553
0.685600 0.041999
0.685800 0.042449
0.686000 0.042903
0.686200 0.043361
0.686400 0.043823
0.686600 0.044290
0.686800 0.044761
0.687000 0.045236
0.687200 0.045715
0.687400 0.046199
0.687600 0.046687
0.687800 0.047180
0.688000 0.047676
0.688200 0.048178
0.688400 0.048684
0.688600 0.049194
0.688800 0.049709
0.689000 0.050229
0.689200 0.050753
0.689400 0.051282
0.689600 0.051815
0.689800 0.052353
0.690000 0.052896
0.690200 0.053444
0.690400 0.053996
0.690600 0.054554
0.690800 0.055116
0.691000 0.055683
0.691200 0.056255
0.691400 0.056832
0.691600 0.057414
0.691800 0.058000
0.692000 0.058592
0.692200 0.059190
0.692400 0.059792
0.692600 0.060399
0.692800 0.061012
0.693000 0.061629
0.693200 0.062252
0.693400 0.062881
0.693600 0.063514
0.693800 0.064153
0.694000 0.064797
0.694200 0.065447
0.694400 0.066102
0.694600 0.066763
0.694800 0.067429
0.695000 0.068101
0.695200 0.068778
0.695400 0.069461
0.695600 0.070150
0.695800 0.070844
0.696000 0.071544
0.696200 0.072250
0.696400 0.072961
0.696600 0.073678
0.696800 0.074402
0.697000 0.075131
0.697200 0.075866
0.697400 0.076607
0.697600 0.077353
0.697800 0.078106
0.698000 0.078865
0.698200 0.079630
0.698400 0.080402
0.698600 0.081179
0.698800 0.081963
0.699000 0.082752
0.699200 0.083548
0.699400 0.084351
0.699600 0.085159
0.699800 0.085974
0.700000 0.086796
0.700200 0.087624
0.700400 0.088458
0.700600 0.089299
0.700800 0.090146
0.701000 0.091000
0.701200 0.091860
0.701400 0.092728
0.701600 0.093602
0.701800 0.094482
0.702000 0.095369
0.702200 0.096263
0.702400 0.097164
0.702600 0.098072
0.702800 0.098987
0.703000 0.099908
0.703200 0.100837
0.703400 0.101772
0.703600 0.102715
0.703800 0.103664
0.704000 0.104621
0.704200 0.105584
0.704400 0.106555
0.704600 0.107533
0.704800 0.108519
0.705000 0.109511
0.705200 0.110511
0.705400 0.111518
0.705600 0.112533
0.705800 0.113555
0.706000 0.114584
0.706200 0.115621
0.706400 0.116666
0.706600 0.117717
0.706800 0.118777
0.707000 0.119844
0.707200 0.120919
0.707400 0.122001
0.707600 0.123091
0.707800 0.124189
0.708000 0.125294
0.708200 0.126408
0.708400 0.127529
0.708600 0.128658
0.708800 0.129795
0.709000 0.130940
0.709200 0.132093
0.709400 0.133253
0.709600 0.134422
0.709800 0.135599
0.710000 0.136784
0.710200 0.137977
0.710400 0.139179
0.710600 0.140388
0.710800 0.141606
0.711000 0.142832
0.711200 0.144066
0.711400 0.145309
0.711600 0.146560
0.711800 0.147819
0.712000 0.149087
0.712200 0.150363
0.712400 0.151648
0.712600 0.152941
0.712800 0.154242
0.713000 0.155553
0.713200 0.156872
0.713400 0.158199
0.713600 0.159535
0.713800 0.160880
0.714000 0.162234
0.714200 0.163596
0.714400 0.164967
0.714600 0.166347
0.714800 0.167736
0.715000 0.169133
0.715200 0.170540
0.715400 0.171955
0.715600 0.173379
0.715800 0.174813
0.716000 0.176255
0.716200 0.177706
0.716400 0.179167
0.716600 0.180636
0.716800 0.182115
0.717000 0.183602
0.717200 0.185099
0.717400 0.186605
0.717600 0.188121
0.717800 0.189645
0.718000 0.191179
0.718200 0.192722
0.718400 0.194274
0.718600 0.195836
0.718800 0.197407
0.719000 0.198988
0.719200 0.200578
0.719400 0.202177
0.719600 0.203786
0.719800 0.205404
0.720000 0.207032
0.720200 0.208669
0.720400 0.210316
0.720600 0.211973
0.720800 0.213639
0.721000 0.215315
0.721200 0.217000
0.721400 0.218695
0.721600 0.220400
0.721800 0.222114
0.722000 0.223838
0.722200 0.225572
0.722400 0.227315
0.722600 0.229069
0.722800 0.230832
0.723000 0.232605
0.723200 0.234388
0.723400 0.236180
0.723600 0.237983
0.723800 0.239795
0.724000 0.241618
0.724200 0.243450
0.724400 0.245292
0.724600 0.247144
0.724800 0.249006
0.725000 0.250878
0.725200 0.252760
0.725400 0.254652
0.725600 0.256555
0.725800 0.258467
0.726000 0.260389
0.726200 0.262321
0.726400 0.264263
0.726600 0.266216
0.726800 0.268178
0.727000 0.270151
0.727200 0.272133
0.727400 0.274126
0.727600 0.276129
0.727800 0.278142
0.728000 0.280166
0.728200 0.282199
0.728400 0.284243
0.728600 0.286296
0.728800 0.288360
0.729000 0.290434
0.729200 0.292519
0.729400 0.294613
0.729600 0.296718
0.729800 0.298833
0.730000 0.300958
0.730200 0.303093
0.730400 0.305239
0.730600 0.307395
0.730800 0.309561
0.731000 0.311737
0.731200 0.313924
0.731400 0.316120
0.731600 0.318327
0.731800 0.320544
0.732000 0.322772
0.732200 0.325010
0.732400 0.327257
0.732600 0.329516
0.732800 0.331784
0.733000 0.334063
0.733200 0.336351
0.733400 0.338650
0.733600 0.340960
0.733800 0.343279
0.734000 0.345609
0.734200 0.347948
0.734400 0.350298
0.734600 0.352659
0.734800 0.355029
0.735000 0.357409
0.735200 0.359800
0.735400 0.362201
0.735600 0.364612
0.735800 0.367033
0.736000 0.369464
0.736200 0.371905
0.736400 0.374357
0.736600 0.376818
0.736800 0.379290
0.737000 0.381771
0.737200 0.384263
0.737400 0.386764
0.737600 0.389276
0.737800 0.391798
0.738000 0.394329
0.738200 0.396871
0.738400 0.399422
0.738600 0.401983
0.738800 0.404555
0.739000 0.407136
0.739200 0.409727
0.739400 0.412327
0.739600 0.414938
0.739800 0.417559
0.740000 0.420189
0.740200 0.422829
0.740400 0.425478
0.740600 0.428138
0.740800 0.430807
0.741000 0.433485
0.741200 0.436174
0.741400 0.438871
0.741600 0.441579
0.741800 0.444296
0.742000 0.447022
0.742200 0.449758
0.742400 0.452503
0.742600 0.455258
0.742800 0.458022
0.743000 0.460796
0.743200 0.463579
0.743400 0.466371
0.743600 0.469172
0.743800 0.471983
0.744000 0.474802
0.744200 0.477631
0.744400 0.480469
0.744600 0.483316
0.744800 0.486172
0.745000 0.489037
0.745200 0.491911
0.745400 0.494794
0.745600 0.497686
0.745800 0.500586
0.746000 0.503496
0.746200 0.506414
0.746400 0.509341
0.746600 0.512276
0.746800 0.515220
0.747000 0.518173
0.747200 0.521134
0.747400 0.524103
0.747600 0.527081
0.747800 0.530068
0.748000 0.533062
0.748200 0.536065
0.748400 0.539077
0.748600 0.542096
0.748800 0.545123
0.749000 0.548159
0.749200 0.551203
0.749400 0.554254
0.749600 0.557313
0.749800 0.560381
0.750000 0.563456
0.750200 0.566539
0.750400 0.569629
0.750600 0.572727
0.750800 0.575833
0.751000 0.578946
0.751200 0.582066
0.751400 0.585194
0.751600 0.588330
0.751800 0.591472
0.752000 0.594622
0.752200 0.597779
0.752400 0.600943
0.752600 0.604114
0.752800 0.607292
0.753000 0.610477
0.753200 0.613668
0.753400 0.616866
0.753600 0.620071
0.753800 0.623283
0.754000 0.626501
0.754200 0.629726
0.754400 0.632957
0.754600 0.636194
0.754800 0.639438
0.755000 0.642687
0.755200 0.645943
0.755400 0.649205
0.755600 0.652473
0.755800 0.655746
0.756000 0.659026
0.756200 0.662311
0.756400 0.665602
0.756600 0.668898
0.756800 0.672200
0.757000 0.675508
0.757200 0.678820
0.757400 0.682138
0.757600 0.685461
0.757800 0.688789
0.758000 0.692123
0.758200 0.695461
0.758400 0.698804
0.758600 0.702151
0.758800 0.705504
0.759000 0.708861
0.759200 0.712222
0.759400 0.715588
0.759600 0.718958
0.759800 0.722332
0.760000 0.725711
0.760200 0.729093
0.760400 0.732480
0.760600 0.735870
0.760800 0.739265
0.761000 0.742663
0.761200 0.746064
0.761400 0.749469
0.761600 0.752878
0.761800 0.756289
0.762000 0.759704
0.762200 0.763122
0.762400 0.766543
0.762600 0.769968
0.762800 0.773394
0.763000 0.776824
0.763200 0.780256
0.763400 0.783691
0.763600 0.787128
0.763800 0.790568
0.764000 0.794010
0.764200 0.797454
0.764400 0.800900
0.764600 0.804348
0.764800 0.807798
0.765000 0.811250
0.765200 0.814703
0.765400 0.818157
0.765600 0.821614
0.765800 0.825071
0.766000 0.828530
0.766200 0.831990
0.766400 0.835450
0.766600 0.838912
0.766800 0.842375
0.767000 0.845838
0.767200 0.849302
0.767400 0.852766
0.767600 0.856230
0.767800 0.859695
0.768000 0.863160
0.768200 0.866625
0.768400 0.870090
0.768600 0.873555
0.768800 0.877019
0.769000 0.880483
0.769200 0.883946
0.769400 0.887409
0.769600 0.890871
0.769800 0.894332
0.770000 0.897792
0.770200 0.901251
0.770400 0.904709
0.770600 0.908166
0.770800 0.911621
0.771000 0.915074
0.771200 0.918526
0.771400 0.921976
0.771600 0.925424
0.771800 0.928870
0.772000 0.932314
0.772200 0.935755
0.772400 0.939195
0.772600 0.942631
0.772800 0.946065
0.773000 0.949497
0.773200 0.952925
0.773400 0.956351
0.773600 0.959773
0.773800 0.963192
0.774000 0.966608
0.774200 0.970020
0.774400 0.973429
0.774600 0.976834
0.774800 0.980235
0.775000 0.983633
0.775200 0.987026
0.775400 0.990415
0.775600 0.993800
0.775800 0.997180
0.776000 1.000555
0.776200 1.003926
0.776400 1.007293
0.776600 1.010654
0.776800 1.014010
0.777000 1.017361
0.777200 1.020707
0.777400 1.024047
0.777600 1.027382
0.777800 1.030711
0.778000 1.034034
0.778200 1.037352
0.778400 1.040663
0.778600 1.043968
0.778800 1.047267
0.779000 1.050559
0.779200 1.053845
0.779400 1.057125
0.779600 1.060397
0.779800 1.063662
0.780000 1.066921
0.780200 1.070172
0.780400 1.073416
0.780600 1.076653
0.780800 1.079882
0.781000 1.083103
0.781200 1.086317
0.781400 1.089523
0.781600 1.092720
0.781800 1.095910
0.782000 1.099091
0.782200 1.102264
0.782400 1.105428
0.782600 1.108584
0.782800 1.111731
0.783000 1.114869
0.783200 1.117998
0.783400 1.121117
0.783600 1.124228
0.783800 1.127329
0.784000 1.130420
0.784200 1.133502
0.784400 1.136575
0.784600 1.139637
0.784800 1.142689
0.785000 1.145731
0.785200 1.148763
0.785400 1.151785
0.785600 1.154795
0.785800 1.157796
0.786000 1.160785
0.786200 1.163764
0.786400 1.166732
0.786600 1.169689
0.786800 1.172634
0.787000 1.175568
0.787200 1.178491
0.787400 1.181402
0.787600 1.184301
0.787800 1.187189
0.788000 1.190064
0.788200 1.192928
0.788400 1.195779
0.788600 1.198618
0.788800 1.201445
0.789000 1.204259
0.789200 1.207060
0.789400 1.209849
0.789600 1.212625
0.789800 1.215388
0.790000 1.218138
0.790200 1.220874
0.790400 1.223597
0.790600 1.226307
0.790800 1.229003
0.791000 1.231686
0.791200 1.234355
0.791400 1.237010
0.791600 1.239651
0.791800 1.242277
0.792000 1.244890
0.792200 1.247488
0.792400 1.250072
0.792600 1.252641
0.792800 1.255196
0.793000 1.257736
0.793200 1.260261
0.793400 1.262771
0.793600 1.265265
0.793800 1.267745
0.794000 1.270210
0.794200 1.272659
0.794400 1.275092
0.794600 1.277510
0.794800 1.279912
0.795000 1.282299
0.795200 1.284669
0.795400 1.287024
0.795600 1.289362
0.795800 1.291685
0.796000 1.293991
0.796200 1.296280
0.796400 1.298553
0.796600 1.300810
0.796800 1.303050
0.797000 1.305273
0.797200 1.307479
0.797400 1.309668
0.797600 1.311840
0.797800 1.313995
0.798000 1.316133
0.798200 1.318254
0.798400 1.320357
0.798600 1.322442
0.798800 1.324510
0.799000 1.326560
0.799200 1.328593
0.799400 1.330608
0.799600 1.332604
0.799800 1.334583
0.800000 1.336544
0.800200 1.338486
0.800400 1.340410
0.800600 1.342316
0.800800 1.344204
0.801000 1.346073
0.801200 1.347923
0.801400 1.349755
0.801600 1.351568
0.801800 1.353362
0.802000 1.355137
0.802200 1.356894
0.802400 1.358631
0.802600 1.360349
0.802800 1.362048
0.803000 1.363728
0.803200 1.365389
0.803400 1.367030
0.803600 1.368652
0.803800 1.370254
0.804000 1.371837
0.804200 1.373400
0.804400 1.374943
0.804600 1.376467
0.804800 1.377971
0.805000 1.379455
0.805200 1.380919
0.805400 1.382363
0.805600 1.383787
0.805800 1.385191
0.806000 1.386575
0.806200 1.387938
0.806400 1.389282
0.806600 1.390605
0.806800 1.391907
0.807000 1.393190
0.807200 1.394451
0.807400 1.395693
0.807600 1.396914
0.807800 1.398114
0.808000 1.399293
0.808200 1.400452
0.808400 1.401590
0.808600 1.402707
0.808800 1.403804
0.809000 1.404880
0.809200 1.405935
0.809400 1.406969
0.809600 1.407982
0.809800 1.408974
0.810000 1.409944
0.810200 1.410894
0.810400 1.411823
0.810600 1.412731
0.810800 1.413618
0.811000 1.414483
0.811200 1.415327
0.811400 1.416150
0.811600 1.416952
0.811800 1.417733
0.812000 1.418492
0.812200 1.419230
0.812400 1.419947
0.812600 1.420642
0.812800 1.421316
0.813000 1.421969
0.813200 1.422600
0.813400 1.423210
0.813600 1.423798
0.813800 1.424365
0.814000 1.424911
0.814200 1.425435
0.814400 1.425938
0.814600 1.426419
0.814800 1.426879
0.815000 1.427317
0.815200 1.427734
0.815400 1.428130
0.815600 1.428504
0.815800 1.428856
0.816000 1.429187
0.816200 1.429497
0.816400 1.429785
0.816600 1.430052
0.816800 1.430297
0.817000 1.430521
0.817200 1.430724
0.817400 1.430905
0.817600 1.431065
0.817800 1.431203
0.818000 1.431320
0.818200 1.431415
0.818400 1.431490
0.818600 1.431543
0.818800 1.431574
0.819000 1.431585
0.819200 1.431574
0.819400 1.431542
0.819600 1.431489
0.819800 1.431414
0.820000 1.431319
0.820200 1.431202
0.820400 1.431064
0.820600 1.430905
0.820800 1.430725
0.821000 1.430524
0.821200 1.430303
0.821400 1.430060
0.821600 1.429796
0.821800 1.429512
0.822000 1.429206
0.822200 1.428880
0.822400 1.428534
0.822600 1.428166
0.822800 1.427778
0.823000 1.427369
0.823200 1.426940
0.823400 1.426490
0.823600 1.426020
0.823800 1.425529
0.824000 1.425018
0.824200 1.424487
0.824400 1.423935
0.824600 1.423364
0.824800 1.422772
0.825000 1.422160
0.825200 1.421528
0.825400 1.420876
0.825600 1.420204
0.825800 1.419513
0.826000 1.418801
0.826200 1.418070
0.826400 1.417319
0.826600 1.416549
0.826800 1.415759
0.827000 1.414950
0.827200 1.414121
0.827400 1.413273
0.827600 1.412406
0.827800 1.411519
0.828000 1.410614
0.828200 1.409690
0.828400 1.408746
0.828600 1.407784
0.828800 1.406803
0.829000 1.405803
0.829200 1.404785
0.829400 1.403748
0.829600 1.402693
0.829800 1.401619
0.830000 1.400527
0.830200 1.399417
0.830400 1.398289
0.830600 1.397143
0.830800 1.395979
0.831000 1.394797
0.831200 1.393597
0.831400 1.392380
0.831600 1.391145
0.831800 1.389893
0.832000 1.388623
0.832200 1.387336
0.832400 1.386032
0.832600 1.384711
0.832800 1.383373
0.833000 1.382018
0.833200 1.380647
0.833400 1.379258
0.833600 1.377854
0.833800 1.376432
0.834000 1.374995
0.834200 1.373541
0.834400 1.372071
0.834600 1.370585
0.834800 1.369083
0.835000 1.367565
0.835200 1.366032
0.835400 1.364483
0.835600 1.362919
0.835800 1.361339
0.836000 1.359745
0.836200 1.358135
0.836400 1.356510
0.836600 1.354870
0.836800 1.353216
0.837000 1.351547
0.837200 1.349863
0.837400 1.348165
0.837600 1.346453
0.837800 1.344727
0.838000 1.342986
0.838200 1.341232
0.838400 1.339464
0.838600 1.337683
0.838800 1.335888
0.839000 1.334080
0.839200 1.332258
0.839400 1.330423
0.839600 1.328576
0.839800 1.326715
0.840000 1.324842
0.840200 1.322957
0.840400 1.321059
0.840600 1.319148
0.840800 1.317226
0.841000 1.315291
0.841200 1.313345
0.841400 1.311387
0.841600 1.309417
0.841800 1.307436
0.842000 1.305443
0.842200 1.303440
0.842400 1.301425
0.842600 1.299399
0.842800 1.297363
0.843000 1.295316
0.843200 1.293259
0.843400 1.291191
0.843600 1.289114
0.843800 1.287026
0.844000 1.284928
0.844200 1.282821
0.844400 1.280704
0.844600 1.278577
0.844800 1.276442
0.845000 1.274297
0.845200 1.272144
0.845400 1.269981
0.845600 1.267810
0.845800 1.265630
0.846000 1.263442
0.846200 1.261246
0.846400 1.259042
0.846600 1.256830
0.846800 1.254610
0.847000 1.252383
0.847200 1.250148
0.847400 1.247906
0.847600 1.245657
0.847800 1.243401
0.848000 1.241138
0.848200 1.238869
0.848400 1.236593
0.848600 1.234311
0.848800 1.232023
0.849000 1.229728
0.849200 1.227428
0.849400 1.225123
0.849600 1.222811
0.849800 1.220495
0.850000 1.218173
0.850200 1.215846
0.850400 1.213515
0.850600 1.211179
0.850800 1.208838
0.851000 1.206493
0.851200 1.204144
0.851400 1.201791
0.851600 1.199434
0.851800 1.197073
0.852000 1.194709
0.852200 1.192341
0.852400 1.189971
0.852600 1.187597
0.852800 1.185220
0.853000 1.182841
0.853200 1.180459
0.853400 1.178075
0.853600 1.175689
0.853800 1.173301
0.854000 1.170911
0.854200 1.168519
0.854400 1.166126
0.854600 1.163732
0.854800 1.161336
0.855000 1.158940
0.855200 1.156542
0.855400 1.154144
0.855600 1.151746
0.855800 1.149347
0.856000 1.146948
0.856200 1.144549
0.856400 1.142151
0.856600 1.139753
0.856800 1.137355
0.857000 1.134958
0.857200 1.132562
0.857400 1.130167
0.857600 1.127774
0.857800 1.125381
0.858000 1.122991
0.858200 1.120602
0.858400 1.118215
0.858600 1.115830
0.858800 1.113448
0.859000 1.111068
0.859200 1.108690
0.859400 1.106316
0.859600 1.103944
0.859800 1.101575
0.860000 1.099210
0.860200 1.096848
0.860400 1.094490
0.860600 1.092136
0.860800 1.089786
0.861000 1.087440
0.861200 1.085098
0.861400 1.082761
0.861600 1.080428
0.861800 1.078101
0.862000 1.075778
0.862200 1.073461
0.862400 1.071149
0.862600 1.068842
0.862800 1.066541
0.863000 1.064246
0.863200 1.061958
0.863400 1.059675
0.863600 1.057399
0.863800 1.055129
0.864000 1.052866
0.864200 1.050610
0.864400 1.048361
0.864600 1.046119
0.864800 1.043885
0.865000 1.041658
0.865200 1.039439
0.865400 1.037228
0.865600 1.035025
0.865800 1.032830
0.866000 1.030644
0.866200 1.028466
0.866400 1.026297
0.866600 1.024136
0.866800 1.021985
0.867000 1.019843
0.867200 1.017711
0.867400 1.015588
0.867600 1.013475
0.867800 1.011372
0.868000 1.009278
0.868200 1.007195
0.868400 1.005123
0.868600 1.003061
0.868800 1.001009
0.869000 0.998969
0.869200 0.996939
0.869400 0.994921
0.869600 0.992914
0.869800 0.990919
0.870000 0.988935
0.870200 0.986964
0.870400 0.985004
0.870600 0.983056
0.870800 0.981121
0.871000 0.979198
0.871200 0.977287
0.871400 0.975390
0.871600 0.973505
0.871800 0.971634
0.872000 0.969776
0.872200 0.967931
0.872400 0.966100
0.872600 0.964282
0.872800 0.962479
0.873000 0.960689
0.873200 0.958914
0.873400 0.957153
0.873600 0.955406
0.873800 0.953674
0.874000 0.951957
0.874200 0.950255
0.874400 0.948567
0.874600 0.946895
0.874800 0.945239
0.875000 0.943598
0.875200 0.941973
0.875400 0.940363
0.875600 0.938769
0.875800 0.937192
0.876000 0.935631
0.876200 0.934086
0.876400 0.932558
0.876600 0.931046
0.876800 0.929551
0.877000 0.928074
0.877200 0.926613
0.877400 0.925169
0.877600 0.923743
0.877800 0.922335
0.878000 0.920944
0.878200 0.919571
0.878400 0.918216
0.878600 0.916879
0.878800 0.915560
0.879000 0.914260
0.879200 0.912978
0.879400 0.911715
0.879600 0.910470
0.879800 0.909245
0.880000 0.908038
0.880200 0.906851
0.880400 0.905683
0.880600 0.904534
0.880800 0.903405
0.881000 0.902295
0.881200 0.901206
0.881400 0.900136
0.881600 0.899086
0.881800 0.898057
0.882000 0.897048
0.882200 0.896059
0.882400 0.895091
0.882600 0.894143
0.882800 0.893216
0.883000 0.892310
0.883200 0.891426
0.883400 0.890562
0.883600 0.889720
0.883800 0.888899
0.884000 0.888100
0.884200 0.887322
0.884400 0.886566
0.884600 0.885832
0.884800 0.885120
0.885000 0.884430
0.885200 0.883762
0.885400 0.883116
0.885600 0.882493
0.885800 0.881893
0.886000 0.881315
0.886200 0.880760
0.886400 0.880228
0.886600 0.879718
0.886800 0.879232
0.887000 0.878769
0.887200 0.878330
0.887400 0.877913
0.887600 0.877521
0.887800 0.877151
0.888000 0.876806
0.888200 0.876485
0.888400 0.876187
0.888600 0.875913
0.888800 0.875664
0.889000 0.875438
0.889200 0.875237
0.889400 0.875061
0.889600 0.874909
0.889800 0.874781
0.890000 0.874678
0.890200 0.874600
0.890400 0.874547
0.890600 0.874519
0.890800 0.874516
0.891000 0.874538
0.891200 0.874585
0.891400 0.874657
0.891600 0.874755
0.891800 0.874879
0.892000 0.875028
0.892200 0.875202
0.892400 0.875403
0.892600 0.875629
0.892800 0.875881
0.893000 0.876159
0.893200 0.876464
0.893400 0.876794
0.893600 0.877151
0.893800 0.877534
0.894000 0.877943
0.894200 0.878379
0.894400 0.878841
0.894600 0.879330
0.894800 0.879845
0.895000 0.880388
0.895200 0.880957
0.895400 0.881553
0.895600 0.882176
0.895800 0.882826
0.896000 0.883503
0.896200 0.884207
0.896400 0.884939
0.896600 0.885697
0.896800 0.886484
0.897000 0.887297
0.897200 0.888138
0.897400 0.889007
0.897600 0.889903
0.897800 0.890827
0.898000 0.891778
0.898200 0.892758
0.898400 0.893765
0.898600 0.894800
0.898800 0.895863
0.899000 0.896954
0.899200 0.898073
0.899400 0.899220
0.899600 0.900395
0.899800 0.901598
0.900000 0.902830
0.900200 0.904090
0.900400 0.905378
0.900600 0.906695
0.900800 0.908040
0.901000 0.909414
0.901200 0.910816
0.901400 0.912247
0.901600 0.913706
0.901800 0.915194
0.902000 0.916711
0.902200 0.918256
0.902400 0.919830
0.902600 0.921433
0.902800 0.923065
0.903000 0.924726
0.903200 0.926415
0.903400 0.928134
0.903600 0.929881
0.903800 0.931657
0.904000 0.933463
0.904200 0.935297
0.904400 0.937161
0.904600 0.939054
0.904800 0.940975
0.905000 0.942926
0.905200 0.944906
0.905400 0.946916
0.905600 0.948954
0.905800 0.951022
0.906000 0.953119
0.906200 0.955246
0.906400 0.957401
0.906600 0.959586
0.906800 0.961801
0.907000 0.964044
0.907200 0.966317
0.907400 0.968620
0.907600 0.970952
0.907800 0.973313
0.908000 0.975704
0.908200 0.978124
0.908400 0.980573
0.908600 0.983052
0.908800 0.985561
0.909000 0.988099
0.909200 0.990666
0.909400 0.993263
0.909600 0.995889
0.909800 0.998545
0.910000 1.001230
0.910200 1.003945
0.910400 1.006689
0.910600 1.009462
0.910800 1.012265
0.911000 1.015098
0.911200 1.017960
0.911400 1.020851
0.911600 1.023772
0.911800 1.026723
0.912000 1.029702
0.912200 1.032711
0.912400 1.035750
0.912600 1.038818
0.912800 1.041915
0.913000 1.045042
0.913200 1.048198
0.913400 1.051383
0.913600 1.054597
0.913800 1.057841
0.914000 1.061114
0.914200 1.064417
0.914400 1.067749
0.914600 1.071109
0.914800 1.074499
0.915000 1.077919
0.915200 1.081367
0.915400 1.084844
0.915600 1.088351
0.915800 1.091887
0.916000 1.095451
0.916200 1.099045
0.916400 1.102667
0.916600 1.106319
0.916800 1.109999
0.917000 1.113709
0.917200 1.117447
0.917400 1.121214
0.917600 1.125009
0.917800 1.128834
0.918000 1.132687
0.918200 1.136569
0.918400 1.140479
0.918600 1.144418
0.918800 1.148385
0.919000 1.152381
0.919200 1.156405
0.919400 1.160458
0.919600 1.164539
0.919800 1.168648
0.920000 1.172786
0.920200 1.176952
0.920400 1.181146
0.920600 1.185367
0.920800 1.189617
0.921000 1.193895
0.921200 1.198201
0.921400 1.202535
0.921600 1.206897
0.921800 1.211286
0.922000 1.215703
0.922200 1.220148
0.922400 1.224620
0.922600 1.229120
0.922800 1.233647
0.923000 1.238201
0.923200 1.242783
0.923400 1.247392
0.923600 1.252029
0.923800 1.256692
0.924000 1.261382
0.924200 1.266100
0.924400 1.270844
0.924600 1.275616
0.924800 1.280414
0.925000 1.285238
0.925200 1.290089
0.925400 1.294967
0.925600 1.299872
0.925800 1.304802
0.926000 1.309759
0.926200 1.314742
0.926400 1.319752
0.926600 1.324787
0.926800 1.329849
0.927000 1.334936
0.927200 1.340049
0.927400 1.345188
0.927600 1.350352
0.927800 1.355543
0.928000 1.360758
0.928200 1.365999
0.928400 1.371265
0.928600 1.376557
0.928800 1.381873
0.929000 1.387215
0.929200 1.392581
0.929400 1.397972
0.929600 1.403388
0.929800 1.408829
0.930000 1.414294
0.930200 1.419783
0.930400 1.425297
0.930600 1.430835
0.930800 1.436398
0.931000 1.441984
0.931200 1.447594
0.931400 1.453228
0.931600 1.458886
0.931800 1.464567
0.932000 1.470272
0.932200 1.476000
0.932400 1.481751
0.932600 1.487526
0.932800 1.493323
0.933000 1.499144
0.933200 1.504987
0.933400 1.510854
0.933600 1.516742
0.933800 1.522653
0.934000 1.528587
0.934200 1.534543
0.934400 1.540521
0.934600 1.546521
0.934800 1.552542
0.935000 1.558586
0.935200 1.564651
0.935400 1.570738
0.935600 1.576846
0.935800 1.582975
0.936000 1.589126
0.936200 1.595297
0.936400 1.601490
0.936600 1.607703
0.936800 1.613937
0.937000 1.620191
0.937200 1.626466
0.937400 1.632760
0.937600 1.639075
0.937800 1.645410
0.938000 1.651765
0.938200 1.658139
0.938400 1.664533
0.938600 1.670947
0.938800 1.677379
0.939000 1.683831
0.939200 1.690302
0.939400 1.696791
0.939600 1.703299
0.939800 1.709826
0.940000 1.716371
0.940200 1.722935
0.940400 1.729516
0.940600 1.736116
0.940800 1.742733
0.941000 1.749368
0.941200 1.756021
0.941400 1.762691
0.941600 1.769378
0.941800 1.776082
0.942000 1.782803
0.942200 1.789541
0.942400 1.796296
0.942600 1.803067
0.942800 1.809854
0.943000 1.816657
0.943200 1.823477
0.943400 1.830312
0.943600 1.837163
0.943800 1.844029
0.944000 1.850911
0.944200 1.857808
0.944400 1.864719
0.944600 1.871646
0.944800 1.878587
0.945000 1.885543
0.945200 1.892514
0.945400 1.899498
0.945600 1.906496
0.945800 1.913509
0.946000 1.920534
0.946200 1.927574
0.946400 1.934627
0.946600 1.941692
0.946800 1.948771
0.947000 1.955863
0.947200 1.962967
0.947400 1.970084
0.947600 1.977213
0.947800 1.984354
0.948000 1.991507
0.948200 1.998672
0.948400 2.005849
0.948600 2.013036
0.948800 2.020235
0.949000 2.027446
0.949200 2.034666
0.949400 2.041898
0.949600 2.049140
0.949800 2.056392
0.950000 2.063655
0.950200 2.070927
0.950400 2.078209
0.950600 2.085501
0.950800 2.092802
0.951000 2.100113
0.951200 2.107432
0.951400 2.114760
0.951600 2.122097
0.951800 2.129442
0.952000 2.136795
0.952200 2.144156
0.952400 2.151526
0.952600 2.158903
0.952800 2.166287
0.953000 2.173679
0.953200 2.181077
0.953400 2.188483
0.953600 2.195895
0.953800 2.203314
0.954000 2.210739
0.954200 2.218171
0.954400 2.225608
0.954600 2.233051
0.954800 2.240499
0.955000 2.247953
0.955200 2.255412
0.955400 2.262875
0.955600 2.270344
0.955800 2.277817
0.956000 2.285295
0.956200 2.292776
0.956400 2.300262
0.956600 2.307751
0.956800 2.315244
0.957000 2.322741
0.957200 2.330241
0.957400 2.337743
0.957600 2.345249
0.957800 2.352757
0.958000 2.360268
0.958200 2.367781
0.958400 2.375296
0.958600 2.382814
0.958800 2.390333
0.959000 2.397854
0.959200 2.405377
0.959400 2.412901
0.959600 2.420426
0.959800 2.427952
0.960000 2.435480
0.960200 2.443008
0.960400 2.450538
0.960600 2.458068
0.960800 2.465599
0.961000 2.473131
0.961200 2.480664
0.961400 2.488197
0.961600 2.495731
0.961800 2.503266
0.962000 2.510802
0.962200 2.518339
0.962400 2.525877
0.962600 2.533416
0.962800 2.540957
0.963000 2.548499
0.963200 2.556044
0.963400 2.563591
0.963600 2.571142
0.963800 2.578695
0.964000 2.586252
0.964200 2.593814
0.964400 2.601382
0.964600 2.608955
0.964800 2.616535
0.965000 2.624123
0.965200 2.631720
0.965400 2.639327
0.965600 2.646945
0.965800 2.654576
0.966000 2.662221
0.966200 2.669883
0.966400 2.677563
0.966600 2.685263
0.966800 2.692985
0.967000 2.700732
0.967200 2.708506
0.967400 2.716311
0.967600 2.724149
0.967800 2.732025
0.968000 2.739940
0.968200 2.747901
0.968400 2.755910
0.968600 2.763972
0.968800 2.772093
0.969000 2.780277
0.969200 2.788530
0.969400 2.796859
0.969600 2.805269
0.969800 2.813768
0.970000 2.822363
0.970200 2.831062
0.970400 2.839873
0.970600 2.848805
0.970800 2.857868
0.971000 2.867072
0.971200 2.876426
0.971400 2.885944
0.971600 2.895635
0.971800 2.905514
0.972000 2.915592
0.972200 2.925885
0.972400 2.936406
0.972600 2.947171
0.972800 2.958197
0.973000 2.969499
0.973200 2.981096
0.973400 2.993005
0.973600 3.005248
0.973800 3.017843
0.974000 3.030811
0.974200 3.044174
0.974400 3.057955
0.974600 3.072177
0.974800 3.086864
0.975000 3.102042
0.975200 3.117735
0.975400 3.133972
0.975600 3.150778
0.975800 3.168183
0.976000 3.186215
0.976200 3.204903
0.976400 3.224278
0.976600 3.244371
0.976800 3.265212
0.977000 3.286834
0.977200 3.309268
0.977400 3.332548
0.977600 3.356706
0.977800 3.381776
0.978000 3.407791
0.978200 3.434783
0.978400 3.462787
0.978600 3.491836
0.978800 3.521962
0.979000 3.553199
0.979200 3.585577
0.979400 3.619130
0.979600 3.653887
0.979800 3.689879
0.980000 3.727135
0.980200 3.765682
0.980400 3.805548
0.980600 3.846757
0.980800 3.889333
0.981000 3.933298
0.981200 3.978672
0.981400 4.025473
0.981600 4.073717
0.981800 4.123418
0.982000 4.174586
0.982200 4.227230
0.982400 4.281355
0.982600 4.336964
0.982800 4.394056
0.983000 4.452627
0.983200 4.512671
0.983400 4.574176
0.983600 4.637128
0.983800 4.701508
0.984000 4.767295
0.984200 4.834462
0.984400 4.902980
0.984600 4.972813
0.984800 5.043923
0.985000 5.116268
0.985200 5.189799
0.985400 5.264465
0.985600 5.340210
0.985800 5.416974
0.986000 5.494691
0.986200 5.573293
0.986400 5.652706
0.986600 5.732852
0.986800 5.813649
0.987000 5.895012
0.987200 5.976850
0.987400 6.059069
0.987600 6.141573
0.987800 6.224260
0.988000 6.307025
0.988200 6.389763
0.988400 6.472362
0.988600 6.554711
0.988800 6.636692
0.989000 6.718190
0.989200 6.799085
0.989400 6.879257
0.989600 6.958583
0.989800 7.036940
0.990000 7.114205
0.990200 7.190255
0.990400 7.264965
0.990600 7.338213
0.990800 7.409875
0.991000 7.479831
0.991200 7.547962
0.991400 7.614148
0.991600 7.678275
0.991800 7.740229
0.992000 7.799901
0.992200 7.857183
0.992400 7.911973
0.992600 7.964171
0.992800 8.013682
0.993000 8.060418
0.993200 8.104291
0.993400 8.145223
0.993600 8.183138
0.993800 8.217968
0.994000 8.249650
0.994200 8.278127
0.994400 8.303350
0.994600 8.325274
0.994800 8.343862
0.995000 8.359085
0.995200 8.370919
0.995400 8.379347
0.995600 8.384362
0.995800 8.385960
0.996000 8.384147
0.996200 8.378935
0.996400 8.370343
0.996600 8.358398
0.996800 8.343133
0.997000 8.324587
0.997200 8.302807
0.997400 8.277847
0.997600 8.249765
0.997800 8.218627
0.998000 8.184504
0.998200 8.147474
0.998400 8.107617
0.998600 8.065023
0.998800 8.019782
0.999000 7.971992
0.999200 7.921753
0.999400 7.869170
0.999600 7.814351
0.999800 7.757407
