0.000000 0.502276
0.000200 0.503090
0.000400 0.503903
0.000600 0.504717
0.000800 0.505531
0.001000 0.506345
0.001200 0.507159
0.001400 0.507973
0.001600 0.508787
0.001800 0.509601
0.002000 0.510415
0.002200 0.511229
0.002400 0.512043
0.002600 0.512857
0.002800 0.513671
0.003000 0.514485
0.003200 0.515299
0.003400 0.516113
0.003600 0.516927
0.003800 0.517741
0.004000 0.518555
0.004200 0.519369
0.004400 0.520183
0.004600 0.520996
0.004800 0.521810
0.005000 0.522623
0.005200 0.523437
0.005400 0.524250
0.005600 0.525064
0.005800 0.525877
0.006000 0.526690
0.006200 0.527504
0.006400 0.528317
0.006600 0.529130
0.006800 0.529942
0.007000 0.530755
0.007200 0.531568
0.007400 0.532380
0.007600 0.533193
0.007800 0.534005
0.008000 0.534817
0.008200 0.535629
0.008400 0.536441
0.008600 0.537253
0.008800 0.538065
0.009000 0.538876
0.009200 0.539688
0.009400 0.540499
0.009600 0.541310
0.009800 0.542121
0.010000 0.542932
0.010200 0.543742
0.010400 0.544553
0.010600 0.545363
0.010800 0.546173
0.011000 0.546983
0.011200 0.547792
0.011400 0.548602
0.011600 0.549411
0.011800 0.550220
0.012000 0.551029
0.012200 0.551838
0.012400 0.552646
0.012600 0.553454
0.012800 0.554262
0.013000 0.555070
0.013200 0.555877
0.013400 0.556684
0.013600 0.557491
0.013800 0.558298
0.014000 0.559105
0.014200 0.559911
0.014400 0.560717
0.014600 0.561522
0.014800 0.562328
0.015000 0.563133
0.015200 0.563938
0.015400 0.564742
0.015600 0.565547
0.015800 0.566351
0.016000 0.567154
0.016200 0.567958
0.016400 0.568761
0.016600 0.569564
0.016800 0.570366
0.017000 0.571168
0.017200 0.571970
0.017400 0.572771
0.017600 0.573573
0.017800 0.574373
0.018000 0.575174
0.018200 0.575974
0.018400 0.576774
0.018600 0.577573
0.018800 0.578372
0.019000 0.579171
0.019200 0.579969
0.019400 0.580767
0.019600 0.581564
0.019800 0.582362
0.020000 0.583158
0.020200 0.583955
0.020400 0.584751
0.020600 0.585546
0.020800 0.586341
0.021000 0.587136
0.021200 0.587930
0.021400 0.588724
0.021600 0.589518
0.021800 0.590311
0.022000 0.591103
0.022200 0.591895
0.022400 0.592687
0.022600 0.593478
0.022800 0.594269
0.023000 0.595060
0.023200 0.595849
0.023400 0.596639
0.023600 0.597428
0.023800 0.598216
0.024000 0.599004
0.024200 0.599792
0.024400 0.600579
0.024600 0.601365
0.024800 0.602151
0.025000 0.602937
0.025200 0.603722
0.025400 0.604506
0.025600 0.605290
0.025800 0.606074
0.026000 0.606857
0.026200 0.607639
0.026400 0.608421
0.026600 0.609202
0.026800 0.609983
0.027000 0.610763
0.027200 0.611543
0.027400 0.612322
0.027600 0.613101
0.027800 0.613878
0.028000 0.614656
0.028200 0.615433
0.028400 0.616209
0.028600 0.616985
0.028800 0.617760
0.029000 0.618534
0.029200 0.619308
0.029400 0.620081
0.029600 0.620854
0.029800 0.621626
0.030000 0.622398
0.030200 0.623169
0.030400 0.623939
0.030600 0.624708
0.030800 0.625477
0.031000 0.626246
0.031200 0.627013
0.031400 0.627781
0.031600 0.628547
0.031800 0.629313
0.032000 0.630078
0.032200 0.630842
0.032400 0.631606
0.032600 0.632369
0.032800 0.633132
0.033000 0.633893
0.033200 0.634655
0.033400 0.635415
0.033600 0.636175
0.033800 0.636934
0.034000 0.637692
0.034200 0.638450
0.034400 0.639207
0.034600 0.639963
0.034800 0.640719
0.035000 0.641474
0.035200 0.642228
0.035400 0.642981
0.035600 0.643734
0.035800 0.644486
0.036000 0.645237
0.036200 0.645988
0.036400 0.646738
0.036600 0.647487
0.036800 0.648235
0.037000 0.648983
0.037200 0.649730
0.037400 0.650476
0.037600 0.651221
0.037800 0.651966
0.038000 0.652710
0.038200 0.653453
0.038400 0.654196
0.038600 0.654938
0.038800 0.655679
0.039000 0.656419
0.039200 0.657158
0.039400 0.657897
0.039600 0.658635
0.039800 0.659372
0.040000 0.660109
0.040200 0.660845
0.040400 0.661580
0.040600 0.662314
0.040800 0.663048
0.041000 0.663780
0.041200 0.664513
0.041400 0.665244
0.041600 0.665974
0.041800 0.666704
0.042000 0.667434
0.042200 0.668162
0.042400 0.668890
0.042600 0.669617
0.042800 0.670343
0.043000 0.671069
0.043200 0.671793
0.043400 0.672518
0.043600 0.673241
0.043800 0.673964
0.044000 0.674686
0.044200 0.675407
0.044400 0.676128
0.044600 0.676848
0.044800 0.677568
0.045000 0.678287
0.045200 0.679005
0.045400 0.679723
0.045600 0.680440
0.045800 0.681156
0.046000 0.681872
0.046200 0.682587
0.046400 0.683302
0.046600 0.684016
0.046800 0.684730
0.047000 0.685443
0.047200 0.686155
0.047400 0.686868
0.047600 0.687579
0.047800 0.688291
0.048000 0.689001
0.048200 0.689712
0.048400 0.690422
0.048600 0.691132
0.048800 0.691841
0.049000 0.692550
0.049200 0.693259
0.049400 0.693968
0.049600 0.694676
0.049800 0.695385
0.050000 0.696093
0.050200 0.696801
0.050400 0.697509
0.050600 0.698216
0.050800 0.698924
0.051000 0.699632
0.051200 0.700340
0.051400 0.701048
0.051600 0.701756
0.051800 0.702464
0.052000 0.703173
0.052200 0.703882
0.052400 0.704591
0.052600 0.705301
0.052800 0.706011
0.053000 0.706721
0.053200 0.707432
0.053400 0.708144
0.053600 0.708856
0.053800 0.709570
0.054000 0.710284
0.054200 0.710998
0.054400 0.711714
0.054600 0.712431
0.054800 0.713149
0.055000 0.713868
0.055200 0.714589
0.055400 0.715311
0.055600 0.716034
0.055800 0.716759
0.056000 0.717485
0.056200 0.718214
0.056400 0.718944
0.056600 0.719676
0.056800 0.720411
0.057000 0.721147
0.057200 0.721886
0.057400 0.722628
0.057600 0.723372
0.057800 0.724119
0.058000 0.724870
0.058200 0.725623
0.058400 0.726380
0.058600 0.727141
0.058800 0.727905
0.059000 0.728674
0.059200 0.729447
0.059400 0.730225
0.059600 0.731007
0.059800 0.731795
0.060000 0.732589
0.060200 0.733389
0.060400 0.734196
0.060600 0.735010
0.060800 0.735831
0.061000 0.736660
0.061200 0.737499
0.061400 0.738347
0.061600 0.739206
0.061800 0.740076
0.062000 0.740958
0.062200 0.741854
0.062400 0.742765
0.062600 0.743691
0.062800 0.744636
0.063000 0.745599
0.063200 0.746584
0.063400 0.747592
0.063600 0.748626
0.063800 0.749688
0.064000 0.750781
0.064200 0.751908
0.064400 0.753073
0.064600 0.754279
0.064800 0.755531
0.065000 0.756834
0.065200 0.758193
0.065400 0.759613
0.065600 0.761100
0.065800 0.762663
0.066000 0.764308
0.066200 0.766044
0.066400 0.767880
0.066600 0.769827
0.066800 0.771894
0.067000 0.774095
0.067200 0.776442
0.067400 0.778950
0.067600 0.781634
0.067800 0.784511
0.068000 0.787599
0.068200 0.790919
0.068400 0.794491
0.068600 0.798339
0.068800 0.802487
0.069000 0.806963
0.069200 0.811794
0.069400 0.817012
0.069600 0.822650
0.069800 0.828743
0.070000 0.835327
0.070200 0.842444
0.070400 0.850136
0.070600 0.858447
0.070800 0.867425
0.071000 0.877120
0.071200 0.887585
0.071400 0.898876
0.071600 0.911050
0.071800 0.924170
0.072000 0.938299
0.072200 0.953503
0.072400 0.969852
0.072600 0.987417
0.072800 1.006272
0.073000 1.026495
0.073200 1.048164
0.073400 1.071359
0.073600 1.096164
0.073800 1.122662
0.074000 1.150939
0.074200 1.181082
0.074400 1.213178
0.074600 1.247315
0.074800 1.283581
0.075000 1.322063
0.075200 1.362848
0.075400 1.406020
0.075600 1.451664
0.075800 1.499860
0.076000 1.550687
0.076200 1.604218
0.076400 1.660525
0.076600 1.719673
0.076800 1.781723
0.077000 1.846729
0.077200 1.914739
0.077400 1.985793
0.077600 2.059923
0.077800 2.137153
0.078000 2.217498
0.078200 2.300961
0.078400 2.387537
0.078600 2.477208
0.078800 2.569944
0.079000 2.665705
0.079200 2.764436
0.079400 2.866069
0.079600 2.970523
0.079800 3.077703
0.080000 3.187500
0.080200 3.299790
0.080400 3.414435
0.080600 3.531282
0.080800 3.650165
0.081000 3.770901
0.081200 3.893296
0.081400 4.017139
0.081600 4.142207
0.081800 4.268265
0.082000 4.395065
0.082200 4.522347
0.082400 4.649841
0.082600 4.777265
0.082800 4.904331
0.083000 5.030741
0.083200 5.156191
0.083400 5.280371
0.083600 5.402967
0.083800 5.523661
0.084000 5.642136
0.084200 5.758073
0.084400 5.871153
0.084600 5.981063
0.084800 6.087492
0.085000 6.190135
0.085200 6.288696
0.085400 6.382886
0.085600 6.472428
0.085800 6.557056
0.086000 6.636518
0.086200 6.710576
0.086400 6.779007
0.086600 6.841609
0.086800 6.898192
0.087000 6.948592
0.087200 6.992661
0.087400 7.030274
0.087600 7.061326
0.087800 7.085736
0.088000 7.103446
0.088200 7.114421
0.088400 7.118648
0.088600 7.116140
0.088800 7.106930
0.089000 7.091079
0.089200 7.068666
0.089400 7.039796
0.089600 7.004594
0.089800 6.963207
0.090000 6.915802
0.090200 6.862566
0.090400 6.803703
0.090600 6.739437
0.090800 6.670004
0.091000 6.595659
0.091200 6.516667
0.091400 6.433307
0.091600 6.345869
0.091800 6.254649
0.092000 6.159954
0.092200 6.062096
0.092400 5.961389
0.092600 5.858155
0.092800 5.752712
0.093000 5.645381
0.093200 5.536482
0.093400 5.426330
0.093600 5.315238
0.093800 5.203511
0.094000 5.091449
0.094200 4.979344
0.094400 4.867478
0.094600 4.756126
0.094800 4.645548
0.095000 4.535995
0.095200 4.427706
0.095400 4.320905
0.095600 4.215805
0.095800 4.112604
0.096000 4.011486
0.096200 3.912620
0.096400 3.816161
0.096600 3.722249
0.096800 3.631011
0.097000 3.542558
0.097200 3.456986
0.097400 3.374379
0.097600 3.294806
0.097800 3.218323
0.098000 3.144973
0.098200 3.074787
0.098400 3.007784
0.098600 2.943971
0.098800 2.883345
0.099000 2.825892
0.099200 2.771590
0.099400 2.720407
0.099600 2.672304
0.099800 2.627232
0.100000 2.585137
0.100200 2.545960
0.100400 2.509635
0.100600 2.476090
0.100800 2.445252
0.101000 2.417040
0.101200 2.391375
0.101400 2.368170
0.101600 2.347342
0.101800 2.328801
0.102000 2.312460
0.102200 2.298229
0.102400 2.286020
0.102600 2.275743
0.102800 2.267310
0.103000 2.260634
0.103200 2.255629
0.103400 2.252210
0.103600 2.250295
0.103800 2.249802
0.104000 2.250654
0.104200 2.252773
0.104400 2.256085
0.104600 2.260520
0.104800 2.266006
0.105000 2.272480
0.105200 2.279875
0.105400 2.288132
0.105600 2.297193
0.105800 2.307000
0.106000 2.317501
0.106200 2.328646
0.106400 2.340386
0.106600 2.352676
0.106800 2.365473
0.107000 2.378737
0.107200 2.392427
0.107400 2.406509
0.107600 2.420949
0.107800 2.435713
0.108000 2.450772
0.108200 2.466097
0.108400 2.481661
0.108600 2.497440
0.108800 2.513410
0.109000 2.529549
0.109200 2.545836
0.109400 2.562251
0.109600 2.578778
0.109800 2.595398
0.110000 2.612095
0.110200 2.628855
0.110400 2.645664
0.110600 2.662507
0.110800 2.679374
0.111000 2.696251
0.111200 2.713128
0.111400 2.729994
0.111600 2.746840
0.111800 2.763655
0.112000 2.780431
0.112200 2.797160
0.112400 2.813833
0.112600 2.830443
0.112800 2.846981
0.113000 2.863441
0.113200 2.879817
0.113400 2.896100
0.113600 2.912286
0.113800 2.928367
0.114000 2.944338
0.114200 2.960192
0.114400 2.975925
0.114600 2.991530
0.114800 3.007002
0.115000 3.022336
0.115200 3.037526
0.115400 3.052568
0.115600 3.067457
0.115800 3.082187
0.116000 3.096754
0.116200 3.111152
0.116400 3.125378
0.116600 3.139427
0.116800 3.153293
0.117000 3.166974
0.117200 3.180463
0.117400 3.193758
0.117600 3.206853
0.117800 3.219745
0.118000 3.232428
0.118200 3.244901
0.118400 3.257157
0.118600 3.269194
0.118800 3.281006
0.119000 3.292592
0.119200 3.303946
0.119400 3.315065
0.119600 3.325946
0.119800 3.336585
0.120000 3.346978
0.120200 3.357122
0.120400 3.367014
0.120600 3.376651
0.120800 3.386028
0.121000 3.395144
0.121200 3.403995
0.121400 3.412579
0.121600 3.420891
0.121800 3.428931
0.122000 3.436694
0.122200 3.444179
0.122400 3.451382
0.122600 3.458302
0.122800 3.464936
0.123000 3.471282
0.123200 3.477338
0.123400 3.483101
0.123600 3.488570
0.123800 3.493743
0.124000 3.498618
0.124200 3.503193
0.124400 3.507468
0.124600 3.511440
0.124800 3.515108
0.125000 3.518470
0.125200 3.521527
0.125400 3.524276
0.125600 3.526717
0.125800 3.528849
0.126000 3.530672
0.126200 3.532183
0.126400 3.533384
0.126600 3.534273
0.126800 3.534851
0.127000 3.535117
0.127200 3.535071
0.127400 3.534713
0.127600 3.534043
0.127800 3.533061
0.128000 3.531769
0.128200 3.530165
0.128400 3.528251
0.128600 3.526028
0.128800 3.523496
0.129000 3.520655
0.129200 3.517508
0.129400 3.514055
0.129600 3.510297
0.129800 3.506236
0.130000 3.501872
0.130200 3.497208
0.130400 3.492245
0.130600 3.486985
0.130800 3.481429
0.131000 3.475580
0.131200 3.469438
0.131400 3.463007
0.131600 3.456289
0.131800 3.449286
0.132000 3.441999
0.132200 3.434433
0.132400 3.426588
0.132600 3.418468
0.132800 3.410076
0.133000 3.401414
0.133200 3.392485
0.133400 3.383292
0.133600 3.373838
0.133800 3.364127
0.134000 3.354161
0.134200 3.343943
0.134400 3.333478
0.134600 3.322768
0.134800 3.311817
0.135000 3.300628
0.135200 3.289206
0.135400 3.277553
0.135600 3.265673
0.135800 3.253571
0.136000 3.241250
0.136200 3.228714
0.136400 3.215967
0.136600 3.203012
0.136800 3.189855
0.137000 3.176499
0.137200 3.162948
0.137400 3.149207
0.137600 3.135279
0.137800 3.121170
0.138000 3.106882
0.138200 3.092422
0.138400 3.077792
0.138600 3.062998
0.138800 3.048043
0.139000 3.032933
0.139200 3.017672
0.139400 3.002264
0.139600 2.986713
0.139800 2.971025
0.140000 2.955204
0.140200 2.939254
0.140400 2.923181
0.140600 2.906987
0.140800 2.890679
0.141000 2.874261
0.141200 2.857737
0.141400 2.841112
0.141600 2.824391
0.141800 2.807577
0.142000 2.790677
0.142200 2.773693
0.142400 2.756631
0.142600 2.739496
0.142800 2.722291
0.143000 2.705022
0.143200 2.687692
0.143400 2.670307
0.143600 2.652870
0.143800 2.635387
0.144000 2.617861
0.144200 2.600297
0.144400 2.582699
0.144600 2.565072
0.144800 2.547419
0.145000 2.529746
0.145200 2.512055
0.145400 2.494352
0.145600 2.476641
0.145800 2.458925
0.146000 2.441209
0.146200 2.423496
0.146400 2.405791
0.146600 2.388097
0.146800 2.370419
0.147000 2.352760
0.147200 2.335123
0.147400 2.317513
0.147600 2.299934
0.147800 2.282388
0.148000 2.264879
0.148200 2.247412
0.148400 2.229988
0.148600 2.212613
0.148800 2.195288
0.149000 2.178017
0.149200 2.160804
0.149400 2.143651
0.149600 2.126562
0.149800 2.109540
0.150000 2.092587
0.150200 2.075706
0.150400 2.058901
0.150600 2.042174
0.150800 2.025528
0.151000 2.008965
0.151200 1.992488
0.151400 1.976099
0.151600 1.959802
0.151800 1.943597
0.152000 1.927488
0.152200 1.911477
0.152400 1.895566
0.152600 1.879757
0.152800 1.864052
0.153000 1.848453
0.153200 1.832962
0.153400 1.817581
0.153600 1.802312
0.153800 1.787156
0.154000 1.772115
0.154200 1.757190
0.154400 1.742384
0.154600 1.727697
0.154800 1.713131
0.155000 1.698687
0.155200 1.684367
0.155400 1.670171
0.155600 1.656101
0.155800 1.642158
0.156000 1.628343
0.156200 1.614657
0.156400 1.601101
0.156600 1.587675
0.156800 1.574381
0.157000 1.561218
0.157200 1.548189
0.157400 1.535292
0.157600 1.522530
0.157800 1.509902
0.158000 1.497409
0.158200 1.485050
0.158400 1.472828
0.158600 1.460741
0.158800 1.448790
0.159000 1.436975
0.159200 1.425296
0.159400 1.413754
0.159600 1.402347
0.159800 1.391078
0.160000 1.379944
0.160200 1.368947
0.160400 1.358085
0.160600 1.347359
0.160800 1.336769
0.161000 1.326314
0.161200 1.315994
0.161400 1.305808
0.161600 1.295756
0.161800 1.285838
0.162000 1.276053
0.162200 1.266400
0.162400 1.256880
0.162600 1.247491
0.162800 1.238232
0.163000 1.229104
0.163200 1.220105
0.163400 1.211235
0.163600 1.202493
0.163800 1.193878
0.164000 1.185390
0.164200 1.177027
0.164400 1.168788
0.164600 1.160674
0.164800 1.152682
0.165000 1.144812
0.165200 1.137063
0.165400 1.129434
0.165600 1.121924
0.165800 1.114532
0.166000 1.107257
0.166200 1.100098
0.166400 1.093053
0.166600 1.086122
0.166800 1.079304
0.167000 1.072598
0.167200 1.066001
0.167400 1.059514
0.167600 1.053135
0.167800 1.046863
0.168000 1.040697
0.168200 1.034635
0.168400 1.028677
0.168600 1.022820
0.168800 1.017065
0.169000 1.011409
0.169200 1.005852
0.169400 1.000392
0.169600 0.995028
0.169800 0.989759
0.170000 0.984584
0.170200 0.979500
0.170400 0.974508
0.170600 0.969606
0.170800 0.964793
0.171000 0.960066
0.171200 0.955426
0.171400 0.950871
0.171600 0.946400
0.171800 0.942011
0.172000 0.937703
0.172200 0.933475
0.172400 0.929325
0.172600 0.925253
0.172800 0.921258
0.173000 0.917338
0.173200 0.913491
0.173400 0.909717
0.173600 0.906015
0.173800 0.902382
0.174000 0.898819
0.174200 0.895324
0.174400 0.891895
0.174600 0.888533
0.174800 0.885234
0.175000 0.881999
0.175200 0.878826
0.175400 0.875714
0.175600 0.872662
0.175800 0.869669
0.176000 0.866733
0.176200 0.863854
0.176400 0.861031
0.176600 0.858262
0.176800 0.855547
0.177000 0.852884
0.177200 0.850272
0.177400 0.847711
0.177600 0.845199
0.177800 0.842735
0.178000 0.840319
0.178200 0.837949
0.178400 0.835624
0.178600 0.833344
0.178800 0.831108
0.179000 0.828914
0.179200 0.826762
0.179400 0.824650
0.179600 0.822579
0.179800 0.820546
0.180000 0.818552
0.180200 0.816595
0.180400 0.814675
0.180600 0.812790
0.180800 0.810940
0.181000 0.809124
0.181200 0.807341
0.181400 0.805591
0.181600 0.803872
0.181800 0.802184
0.182000 0.800527
0.182200 0.798899
0.182400 0.797300
0.182600 0.795729
0.182800 0.794185
0.183000 0.792668
0.183200 0.791177
0.183400 0.789711
0.183600 0.788270
0.183800 0.786853
0.184000 0.785460
0.184200 0.784089
0.184400 0.782741
0.184600 0.781414
0.184800 0.780109
0.185000 0.778824
0.185200 0.777559
0.185400 0.776313
0.185600 0.775086
0.185800 0.773878
0.186000 0.772688
0.186200 0.771515
0.186400 0.770359
0.186600 0.769219
0.186800 0.768095
0.187000 0.766987
0.187200 0.765894
0.187400 0.764815
0.187600 0.763751
0.187800 0.762700
0.188000 0.761663
0.188200 0.760639
0.188400 0.759627
0.188600 0.758627
0.188800 0.757639
0.189000 0.756663
0.189200 0.755698
0.189400 0.754743
0.189600 0.753799
0.189800 0.752865
0.190000 0.751940
0.190200 0.751025
0.190400 0.750120
0.190600 0.749222
0.190800 0.748334
0.191000 0.747453
0.191200 0.746581
0.191400 0.745716
0.191600 0.744859
0.191800 0.744009
0.192000 0.743166
0.192200 0.742329
0.192400 0.741499
0.192600 0.740675
0.192800 0.739857
0.193000 0.739044
0.193200 0.738238
0.193400 0.737436
0.193600 0.736640
0.193800 0.735848
0.194000 0.735061
0.194200 0.734279
0.194400 0.733501
0.194600 0.732728
0.194800 0.731958
0.195000 0.731192
0.195200 0.730430
0.195400 0.729671
0.195600 0.728916
0.195800 0.728164
0.196000 0.727415
0.196200 0.726669
0.196400 0.725926
0.196600 0.725186
0.196800 0.724448
0.197000 0.723712
0.197200 0.722979
0.197400 0.722248
0.197600 0.721519
0.197800 0.720792
0.198000 0.720067
0.198200 0.719343
0.198400 0.718622
0.198600 0.717901
0.198800 0.717183
0.199000 0.716466
0.199200 0.715750
0.199400 0.715035
0.199600 0.714321
0.199800 0.713609
0.200000 0.712897
0.200200 0.712187
0.200400 0.711477
0.200600 0.710768
0.200800 0.710059
0.201000 0.709352
0.201200 0.708645
0.201400 0.707938
0.201600 0.707232
0.201800 0.706526
0.202000 0.705821
0.202200 0.705116
0.202400 0.704411
0.202600 0.703706
0.202800 0.703002
0.203000 0.702298
0.203200 0.701593
0.203400 0.700889
0.203600 0.700185
0.203800 0.699481
0.204000 0.698776
0.204200 0.698072
0.204400 0.697367
0.204600 0.696663
0.204800 0.695958
0.205000 0.695252
0.205200 0.694547
0.205400 0.693841
0.205600 0.693135
0.205800 0.692429
0.206000 0.691722
0.206200 0.691015
0.206400 0.690307
0.206600 0.689599
0.206800 0.688891
0.207000 0.688182
0.207200 0.687472
0.207400 0.686762
0.207600 0.686052
0.207800 0.685341
0.208000 0.684629
0.208200 0.683917
0.208400 0.683204
0.208600 0.682491
0.208800 0.681777
0.209000 0.681062
0.209200 0.680347
0.209400 0.679631
0.209600 0.678914
0.209800 0.678197
0.210000 0.677479
0.210200 0.676761
0.210400 0.676042
0.210600 0.675322
0.210800 0.674601
0.211000 0.673880
0.211200 0.673158
0.211400 0.672435
0.211600 0.671711
0.211800 0.670987
0.212000 0.670262
0.212200 0.669536
0.212400 0.668810
0.212600 0.668083
0.212800 0.667355
0.213000 0.666626
0.213200 0.665897
0.213400 0.665167
0.213600 0.664436
0.213800 0.663704
0.214000 0.662972
0.214200 0.662238
0.214400 0.661504
0.214600 0.660770
0.214800 0.660034
0.215000 0.659298
0.215200 0.658561
0.215400 0.657823
0.215600 0.657085
0.215800 0.656345
0.216000 0.655605
0.216200 0.654864
0.216400 0.654123
0.216600 0.653381
0.216800 0.652637
0.217000 0.651894
0.217200 0.651149
0.217400 0.650404
0.217600 0.649658
0.217800 0.648911
0.218000 0.648163
0.218200 0.647415
0.218400 0.646666
0.218600 0.645916
0.218800 0.645166
0.219000 0.644414
0.219200 0.643663
0.219400 0.642910
0.219600 0.642156
0.219800 0.641402
0.220000 0.640647
0.220200 0.639892
0.220400 0.639136
0.220600 0.638379
0.220800 0.637621
0.221000 0.636863
0.221200 0.636104
0.221400 0.635344
0.221600 0.634584
0.221800 0.633822
0.222000 0.633061
0.222200 0.632298
0.222400 0.631535
0.222600 0.630771
0.222800 0.630007
0.223000 0.629242
0.223200 0.628476
0.223400 0.627709
0.223600 0.626942
0.223800 0.626175
0.224000 0.625406
0.224200 0.624637
0.224400 0.623868
0.224600 0.623097
0.224800 0.622327
0.225000 0.621555
0.225200 0.620783
0.225400 0.620010
0.225600 0.619237
0.225800 0.618463
0.226000 0.617688
0.226200 0.616913
0.226400 0.616138
0.226600 0.615361
0.226800 0.614584
0.227000 0.613807
0.227200 0.613029
0.227400 0.612250
0.227600 0.611471
0.227800 0.610692
0.228000 0.609911
0.228200 0.609130
0.228400 0.608349
0.228600 0.607567
0.228800 0.606785
0.229000 0.606002
0.229200 0.605218
0.229400 0.604434
0.229600 0.603650
0.229800 0.602865
0.230000 0.602079
0.230200 0.601293
0.230400 0.600507
0.230600 0.599720
0.230800 0.598932
0.231000 0.598144
0.231200 0.597355
0.231400 0.596566
0.231600 0.595777
0.231800 0.594987
0.232000 0.594197
0.232200 0.593406
0.232400 0.592615
0.232600 0.591823
0.232800 0.591031
0.233000 0.590238
0.233200 0.589445
0.233400 0.588651
0.233600 0.587858
0.233800 0.587063
0.234000 0.586268
0.234200 0.585473
0.234400 0.584678
0.234600 0.583882
0.234800 0.583085
0.235000 0.582289
0.235200 0.581491
0.235400 0.580694
0.235600 0.579896
0.235800 0.579098
0.236000 0.578299
0.236200 0.577500
0.236400 0.576700
0.236600 0.575901
0.236800 0.575101
0.237000 0.574300
0.237200 0.573499
0.237400 0.572698
0.237600 0.571897
0.237800 0.571095
0.238000 0.570293
0.238200 0.569490
0.238400 0.568687
0.238600 0.567884
0.238800 0.567081
0.239000 0.566277
0.239200 0.565473
0.239400 0.564669
0.239600 0.563864
0.239800 0.563059
0.240000 0.562254
0.240200 0.561449
0.240400 0.560643
0.240600 0.559837
0.240800 0.559031
0.241000 0.558224
0.241200 0.557418
0.241400 0.556611
0.241600 0.555803
0.241800 0.554996
0.242000 0.554188
0.242200 0.553380
0.242400 0.552572
0.242600 0.551763
0.242800 0.550955
0.243000 0.550146
0.243200 0.549337
0.243400 0.548528
0.243600 0.547718
0.243800 0.546909
0.244000 0.546099
0.244200 0.545289
0.244400 0.544478
0.244600 0.543668
0.244800 0.542857
0.245000 0.542047
0.245200 0.541236
0.245400 0.540425
0.245600 0.539614
0.245800 0.538802
0.246000 0.537991
0.246200 0.537179
0.246400 0.536367
0.246600 0.535555
0.246800 0.534743
0.247000 0.533931
0.247200 0.533119
0.247400 0.532306
0.247600 0.531494
0.247800 0.530681
0.248000 0.529868
0.248200 0.529055
0.248400 0.528242
0.248600 0.527429
0.248800 0.526616
0.249000 0.525803
0.249200 0.524989
0.249400 0.524176
0.249600 0.523363
0.249800 0.522549
0.250000 0.521735
0.250200 0.520922
0.250400 0.520108
0.250600 0.519294
0.250800 0.518480
0.251000 0.517667
0.251200 0.516853
0.251400 0.516039
0.251600 0.515225
0.251800 0.514411
0.252000 0.513597
0.252200 0.512783
0.252400 0.511969
0.252600 0.511155
0.252800 0.510341
0.253000 0.509527
0.253200 0.508713
0.253400 0.507899
0.253600 0.507085
0.253800 0.506271
0.254000 0.505457
0.254200 0.504643
0.254400 0.503829
0.254600 0.503015
0.254800 0.502201
0.255000 0.501387
0.255200 0.500574
0.255400 0.499760
0.255600 0.498946
0.255800 0.498133
0.256000 0.497319
0.256200 0.496506
0.256400 0.495692
0.256600 0.494879
0.256800 0.494066
0.257000 0.493253
0.257200 0.492439
0.257400 0.491626
0.257600 0.490814
0.257800 0.490001
0.258000 0.489188
0.258200 0.488375
0.258400 0.487563
0.258600 0.486751
0.258800 0.485938
0.259000 0.485126
0.259200 0.484314
0.259400 0.483502
0.259600 0.482691
0.259800 0.481879
0.260000 0.481068
0.260200 0.480256
0.260400 0.479445
0.260600 0.478634
0.260800 0.477823
0.261000 0.477012
0.261200 0.476202
0.261400 0.475392
0.261600 0.474581
0.261800 0.473771
0.262000 0.472961
0.262200 0.472152
0.262400 0.471342
0.262600 0.470533
0.262800 0.469724
0.263000 0.468915
0.263200 0.468106
0.263400 0.467298
0.263600 0.466490
0.263800 0.465682
0.264000 0.464874
0.264200 0.464066
0.264400 0.463259
0.264600 0.462452
0.264800 0.461645
0.265000 0.460838
0.265200 0.460031
0.265400 0.459225
0.265600 0.458419
0.265800 0.457614
0.266000 0.456808
0.266200 0.456003
0.266400 0.455198
0.266600 0.454393
0.266800 0.453589
0.267000 0.452785
0.267200 0.451981
0.267400 0.451177
0.267600 0.450374
0.267800 0.449571
0.268000 0.448768
0.268200 0.447966
0.268400 0.447164
0.268600 0.446362
0.268800 0.445560
0.269000 0.444759
0.269200 0.443958
0.269400 0.443158
0.269600 0.442357
0.269800 0.441557
0.270000 0.440758
0.270200 0.439958
0.270400 0.439159
0.270600 0.438361
0.270800 0.437563
0.271000 0.436765
0.271200 0.435967
0.271400 0.435170
0.271600 0.434373
0.271800 0.433576
0.272000 0.432780
0.272200 0.431984
0.272400 0.431189
0.272600 0.430394
0.272800 0.429599
0.273000 0.428805
0.273200 0.428011
0.273400 0.427217
0.273600 0.426424
0.273800 0.425631
0.274000 0.424839
0.274200 0.424047
0.274400 0.423255
0.274600 0.422464
0.274800 0.421673
0.275000 0.420883
0.275200 0.420093
0.275400 0.419303
0.275600 0.418514
0.275800 0.417725
0.276000 0.416937
0.276200 0.416149
0.276400 0.415362
0.276600 0.414575
0.276800 0.413788
0.277000 0.413002
0.277200 0.412216
0.277400 0.411431
0.277600 0.410646
0.277800 0.409862
0.278000 0.409078
0.278200 0.408295
0.278400 0.407512
0.278600 0.406729
0.278800 0.405947
0.279000 0.405166
0.279200 0.404385
0.279400 0.403604
0.279600 0.402824
0.279800 0.402045
0.280000 0.401266
0.280200 0.400487
0.280400 0.399709
0.280600 0.398931
0.280800 0.398154
0.281000 0.397377
0.281200 0.396601
0.281400 0.395826
0.281600 0.395051
0.281800 0.394276
0.282000 0.393502
0.282200 0.392728
0.282400 0.391955
0.282600 0.391183
0.282800 0.390411
0.283000 0.389639
0.283200 0.388869
0.283400 0.388098
0.283600 0.387328
0.283800 0.386559
0.284000 0.385790
0.284200 0.385022
0.284400 0.384254
0.284600 0.383487
0.284800 0.382721
0.285000 0.381955
0.285200 0.381190
0.285400 0.380425
0.285600 0.379660
0.285800 0.378897
0.286000 0.378134
0.286200 0.377371
0.286400 0.376609
0.286600 0.375848
0.286800 0.375087
0.287000 0.374327
0.287200 0.373567
0.287400 0.372808
0.287600 0.372050
0.287800 0.371292
0.288000 0.370535
0.288200 0.369778
0.288400 0.369022
0.288600 0.368267
0.288800 0.367512
0.289000 0.366758
0.289200 0.366004
0.289400 0.365251
0.289600 0.364499
0.289800 0.363747
0.290000 0.362996
0.290200 0.362246
0.290400 0.361496
0.290600 0.360747
0.290800 0.359998
0.291000 0.359250
0.291200 0.358503
0.291400 0.357756
0.291600 0.357010
0.291800 0.356265
0.292000 0.355520
0.292200 0.354776
0.292400 0.354033
0.292600 0.353290
0.292800 0.352548
0.293000 0.351807
0.293200 0.351066
0.293400 0.350326
0.293600 0.349587
0.293800 0.348848
0.294000 0.348110
0.294200 0.347373
0.294400 0.346636
0.294600 0.345900
0.294800 0.345165
0.295000 0.344430
0.295200 0.343696
0.295400 0.342963
0.295600 0.342231
0.295800 0.341499
0.296000 0.340768
0.296200 0.340037
0.296400 0.339307
0.296600 0.338578
0.296800 0.337850
0.297000 0.337122
0.297200 0.336396
0.297400 0.335669
0.297600 0.334944
0.297800 0.334219
0.298000 0.333495
0.298200 0.332772
0.298400 0.332049
0.298600 0.331327
0.298800 0.330606
0.299000 0.329886
0.299200 0.329166
0.299400 0.328447
0.299600 0.327729
0.299800 0.327011
0.300000 0.326295
0.300200 0.325579
0.300400 0.324864
0.300600 0.324149
0.300800 0.323435
0.301000 0.322722
0.301200 0.322010
0.301400 0.321299
0.301600 0.320588
0.301800 0.319878
0.302000 0.319169
0.302200 0.318460
0.302400 0.317753
0.302600 0.317046
0.302800 0.316340
0.303000 0.315634
0.303200 0.314930
0.303400 0.314226
0.303600 0.313523
0.303800 0.312820
0.304000 0.312119
0.304200 0.311418
0.304400 0.310718
0.304600 0.310019
0.304800 0.309321
0.305000 0.308623
0.305200 0.307926
0.305400 0.307230
0.305600 0.306535
0.305800 0.305841
0.306000 0.305147
0.306200 0.304454
0.306400 0.303762
0.306600 0.303071
0.306800 0.302381
0.307000 0.301691
0.307200 0.301002
0.307400 0.300314
0.307600 0.299627
0.307800 0.298941
0.308000 0.298255
0.308200 0.297571
0.308400 0.296887
0.308600 0.296203
0.308800 0.295521
0.309000 0.294840
0.309200 0.294159
0.309400 0.293479
0.309600 0.292800
0.309800 0.292122
0.310000 0.291445
0.310200 0.290768
0.310400 0.290093
0.310600 0.289418
0.310800 0.288744
0.311000 0.288071
0.311200 0.287398
0.311400 0.286727
0.311600 0.286056
0.311800 0.285386
0.312000 0.284718
0.312200 0.284049
0.312400 0.283382
0.312600 0.282716
0.312800 0.282050
0.313000 0.281386
0.313200 0.280722
0.313400 0.280059
0.313600 0.279396
0.313800 0.278735
0.314000 0.278075
0.314200 0.277415
0.314400 0.276756
0.314600 0.276099
0.314800 0.275442
0.315000 0.274786
0.315200 0.274130
0.315400 0.273476
0.315600 0.272822
0.315800 0.272170
0.316000 0.271518
0.316200 0.270867
0.316400 0.270217
0.316600 0.269568
0.316800 0.268919
0.317000 0.268272
0.317200 0.267626
0.317400 0.266980
0.317600 0.266335
0.317800 0.265691
0.318000 0.265048
0.318200 0.264406
0.318400 0.263765
0.318600 0.263124
0.318800 0.262485
0.319000 0.261846
0.319200 0.261209
0.319400 0.260572
0.319600 0.259936
0.319800 0.259301
0.320000 0.258667
0.320200 0.258034
0.320400 0.257401
0.320600 0.256770
0.320800 0.256139
0.321000 0.255510
0.321200 0.254881
0.321400 0.254253
0.321600 0.253626
0.321800 0.253000
0.322000 0.252375
0.322200 0.251751
0.322400 0.251127
0.322600 0.250505
0.322800 0.249883
0.323000 0.249263
0.323200 0.248643
0.323400 0.248024
0.323600 0.247406
0.323800 0.246790
0.324000 0.246173
0.324200 0.245558
0.324400 0.244944
0.324600 0.244331
0.324800 0.243718
0.325000 0.243107
0.325200 0.242496
0.325400 0.241887
0.325600 0.241278
0.325800 0.240670
0.326000 0.240063
0.326200 0.239457
0.326400 0.238852
0.326600 0.238248
0.326800 0.237645
0.327000 0.237043
0.327200 0.236441
0.327400 0.235841
0.327600 0.235241
0.327800 0.234643
0.328000 0.234045
0.328200 0.233448
0.328400 0.232853
0.328600 0.232258
0.328800 0.231664
0.329000 0.231071
0.329200 0.230479
0.329400 0.229888
0.329600 0.229298
0.329800 0.228708
0.330000 0.228120
0.330200 0.227533
0.330400 0.226946
0.330600 0.226361
0.330800 0.225776
0.331000 0.225192
0.331200 0.224610
0.331400 0.224028
0.331600 0.223447
0.331800 0.222867
0.332000 0.222288
0.332200 0.221710
0.332400 0.221133
0.332600 0.220557
0.332800 0.219982
0.333000 0.219408
0.333200 0.218834
0.333400 0.218262
0.333600 0.217690
0.333800 0.217120
0.334000 0.216550
0.334200 0.215982
0.334400 0.215414
0.334600 0.214847
0.334800 0.214282
0.335000 0.213717
0.335200 0.213153
0.335400 0.212590
0.335600 0.212028
0.335800 0.211467
0.336000 0.210907
0.336200 0.210348
0.336400 0.209790
0.336600 0.209233
0.336800 0.208676
0.337000 0.208121
0.337200 0.207567
0.337400 0.207013
0.337600 0.206461
0.337800 0.205909
0.338000 0.205359
0.338200 0.204809
0.338400 0.204260
0.338600 0.203713
0.338800 0.203166
0.339000 0.202620
0.339200 0.202075
0.339400 0.201531
0.339600 0.200988
0.339800 0.200446
0.340000 0.199905
0.340200 0.199365
0.340400 0.198826
0.340600 0.198288
0.340800 0.197750
0.341000 0.197214
0.341200 0.196679
0.341400 0.196144
0.341600 0.195611
0.341800 0.195079
0.342000 0.194547
0.342200 0.194016
0.342400 0.193487
0.342600 0.192958
0.342800 0.192431
0.343000 0.191904
0.343200 0.191378
0.343400 0.190853
0.343600 0.190329
0.343800 0.189806
0.344000 0.189284
0.344200 0.188763
0.344400 0.188243
0.344600 0.187724
0.344800 0.187206
0.345000 0.186689
0.345200 0.186173
0.345400 0.185657
0.345600 0.185143
0.345800 0.184630
0.346000 0.184117
0.346200 0.183606
0.346400 0.183095
0.346600 0.182586
0.346800 0.182077
0.347000 0.181570
0.347200 0.181063
0.347400 0.180557
0.347600 0.180052
0.347800 0.179549
0.348000 0.179046
0.348200 0.178544
0.348400 0.178043
0.348600 0.177543
0.348800 0.177044
0.349000 0.176546
0.349200 0.176049
0.349400 0.175552
0.349600 0.175057
0.349800 0.174563
0.350000 0.174070
0.350200 0.173577
0.350400 0.173086
0.350600 0.172595
0.350800 0.172106
0.351000 0.171617
0.351200 0.171130
0.351400 0.170643
0.351600 0.170157
0.351800 0.169672
0.352000 0.169189
0.352200 0.168706
0.352400 0.168224
0.352600 0.167743
0.352800 0.167263
0.353000 0.166784
0.353200 0.166306
0.353400 0.165828
0.353600 0.165352
0.353800 0.164877
0.354000 0.164403
0.354200 0.163929
0.354400 0.163457
0.354600 0.162985
0.354800 0.162515
0.355000 0.162045
0.355200 0.161577
0.355400 0.161109
0.355600 0.160642
0.355800 0.160176
0.356000 0.159712
0.356200 0.159248
0.356400 0.158785
0.356600 0.158323
0.356800 0.157862
0.357000 0.157401
0.357200 0.156942
0.357400 0.156484
0.357600 0.156027
0.357800 0.155570
0.358000 0.155115
0.358200 0.154660
0.358400 0.154207
0.358600 0.153754
0.358800 0.153302
0.359000 0.152852
0.359200 0.152402
0.359400 0.151953
0.359600 0.151505
0.359800 0.151058
0.360000 0.150612
0.360200 0.150167
0.360400 0.149723
0.360600 0.149279
0.360800 0.148837
0.361000 0.148396
0.361200 0.147955
0.361400 0.147516
0.361600 0.147077
0.361800 0.146640
0.362000 0.146203
0.362200 0.145767
0.362400 0.145332
0.362600 0.144898
0.362800 0.144465
0.363000 0.144033
0.363200 0.143602
0.363400 0.143172
0.363600 0.142742
0.363800 0.142314
0.364000 0.141887
0.364200 0.141460
0.364400 0.141034
0.364600 0.140610
0.364800 0.140186
0.365000 0.139763
0.365200 0.139341
0.365400 0.138920
0.365600 0.138500
0.365800 0.138081
0.366000 0.137663
0.366200 0.137245
0.366400 0.136829
0.366600 0.136414
0.366800 0.135999
0.367000 0.135585
0.367200 0.135173
0.367400 0.134761
0.367600 0.134350
0.367800 0.133940
0.368000 0.133531
0.368200 0.133122
0.368400 0.132715
0.368600 0.132309
0.368800 0.131903
0.369000 0.131499
0.369200 0.131095
0.369400 0.130692
0.369600 0.130291
0.369800 0.129890
0.370000 0.129490
0.370200 0.129091
0.370400 0.128692
0.370600 0.128295
0.370800 0.127899
0.371000 0.127503
0.371200 0.127109
0.371400 0.126715
0.371600 0.126322
0.371800 0.125930
0.372000 0.125539
0.372200 0.125149
0.372400 0.124760
0.372600 0.124371
0.372800 0.123984
0.373000 0.123597
0.373200 0.123212
0.373400 0.122827
0.373600 0.122443
0.373800 0.122060
0.374000 0.121678
0.374200 0.121297
0.374400 0.120917
0.374600 0.120537
0.374800 0.120159
0.375000 0.119781
0.375200 0.119404
0.375400 0.119028
0.375600 0.118653
0.375800 0.118279
0.376000 0.117906
0.376200 0.117534
0.376400 0.117162
0.376600 0.116791
0.376800 0.116422
0.377000 0.116053
0.377200 0.115685
0.377400 0.115318
0.377600 0.114951
0.377800 0.114586
0.378000 0.114222
0.378200 0.113858
0.378400 0.113495
0.378600 0.113133
0.378800 0.112772
0.379000 0.112412
0.379200 0.112053
0.379400 0.111694
0.379600 0.111337
0.379800 0.110980
0.380000 0.110624
0.380200 0.110269
0.380400 0.109915
0.380600 0.109562
0.380800 0.109210
0.381000 0.108858
0.381200 0.108507
0.381400 0.108158
0.381600 0.107809
0.381800 0.107460
0.382000 0.107113
0.382200 0.106767
0.382400 0.106421
0.382600 0.106076
0.382800 0.105733
0.383000 0.105390
0.383200 0.105047
0.383400 0.104706
0.383600 0.104366
0.383800 0.104026
0.384000 0.103687
0.384200 0.103349
0.384400 0.103012
0.384600 0.102676
0.384800 0.102340
0.385000 0.102006
0.385200 0.101672
0.385400 0.101339
0.385600 0.101007
0.385800 0.100676
0.386000 0.100345
0.386200 0.100016
0.386400 0.099687
0.386600 0.099359
0.386800 0.099032
0.387000 0.098705
0.387200 0.098380
0.387400 0.098055
0.387600 0.097732
0.387800 0.097409
0.388000 0.097086
0.388200 0.096765
0.388400 0.096445
0.388600 0.096125
0.388800 0.095806
0.389000 0.095488
0.389200 0.095171
0.389400 0.094854
0.389600 0.094539
0.389800 0.094224
0.390000 0.093910
0.390200 0.093596
0.390400 0.093284
0.390600 0.092972
0.390800 0.092662
0.391000 0.092352
0.391200 0.092043
0.391400 0.091734
0.391600 0.091427
0.391800 0.091120
0.392000 0.090814
0.392200 0.090509
0.392400 0.090204
0.392600 0.089901
0.392800 0.089598
0.393000 0.089296
0.393200 0.088995
0.393400 0.088695
0.393600 0.088395
0.393800 0.088096
0.394000 0.087798
0.394200 0.087501
0.394400 0.087204
0.394600 0.086909
0.394800 0.086614
0.395000 0.086320
0.395200 0.086026
0.395400 0.085734
0.395600 0.085442
0.395800 0.085151
0.396000 0.084861
0.396200 0.084572
0.396400 0.084283
0.396600 0.083995
0.396800 0.083708
0.397000 0.083422
0.397200 0.083136
0.397400 0.082851
0.397600 0.082567
0.397800 0.082284
0.398000 0.082002
0.398200 0.081720
0.398400 0.081439
0.398600 0.081159
0.398800 0.080879
0.399000 0.080601
0.399200 0.080323
0.399400 0.080046
0.399600 0.079769
0.399800 0.079494
0.400000 0.079219
0.400200 0.078945
0.400400 0.078671
0.400600 0.078399
0.400800 0.078127
0.401000 0.077856
0.401200 0.077585
0.401400 0.077316
0.401600 0.077047
0.401800 0.076779
0.402000 0.076511
0.402200 0.076245
0.402400 0.075979
0.402600 0.075714
0.402800 0.075449
0.403000 0.075185
0.403200 0.074923
0.403400 0.074660
0.403600 0.074399
0.403800 0.074138
0.404000 0.073878
0.404200 0.073619
0.404400 0.073360
0.404600 0.073102
0.404800 0.072845
0.405000 0.072589
0.405200 0.072333
0.405400 0.072078
0.405600 0.071824
0.405800 0.071571
0.406000 0.071318
0.406200 0.071066
0.406400 0.070815
0.406600 0.070564
0.406800 0.070314
0.407000 0.070065
0.407200 0.069816
0.407400 0.069569
0.407600 0.069322
0.407800 0.069075
0.408000 0.068830
0.408200 0.068585
0.408400 0.068341
0.408600 0.068097
0.408800 0.067854
0.409000 0.067612
0.409200 0.067371
0.409400 0.067130
0.409600 0.066890
0.409800 0.066651
0.410000 0.066412
0.410200 0.066174
0.410400 0.065937
0.410600 0.065701
0.410800 0.065465
0.411000 0.065230
0.411200 0.064995
0.411400 0.064762
0.411600 0.064529
0.411800 0.064296
0.412000 0.064065
0.412200 0.063834
0.412400 0.063603
0.412600 0.063374
0.412800 0.063145
0.413000 0.062917
0.413200 0.062689
0.413400 0.062462
0.413600 0.062236
0.413800 0.062010
0.414000 0.061785
0.414200 0.061561
0.414400 0.061338
0.414600 0.061115
0.414800 0.060893
0.415000 0.060671
0.415200 0.060450
0.415400 0.060230
0.415600 0.060011
0.415800 0.059792
0.416000 0.059574
0.416200 0.059356
0.416400 0.059140
0.416600 0.058923
0.416800 0.058708
0.417000 0.058493
0.417200 0.058279
0.417400 0.058065
0.417600 0.057852
0.417800 0.057640
0.418000 0.057429
0.418200 0.057218
0.418400 0.057008
0.418600 0.056798
0.418800 0.056589
0.419000 0.056381
0.419200 0.056173
0.419400 0.055966
0.419600 0.055760
0.419800 0.055554
0.420000 0.055349
0.420200 0.055144
0.420400 0.054941
0.420600 0.054738
0.420800 0.054535
0.421000 0.054333
0.421200 0.054132
0.421400 0.053931
0.421600 0.053732
0.421800 0.053532
0.422000 0.053334
0.422200 0.053136
0.422400 0.052938
0.422600 0.052741
0.422800 0.052545
0.423000 0.052350
0.423200 0.052155
0.423400 0.051961
0.423600 0.051767
0.423800 0.051574
0.424000 0.051382
0.424200 0.051190
0.424400 0.050999
0.424600 0.050808
0.424800 0.050619
0.425000 0.050429
0.425200 0.050241
0.425400 0.050053
0.425600 0.049866
0.425800 0.049679
0.426000 0.049493
0.426200 0.049307
0.426400 0.049122
0.426600 0.048938
0.426800 0.048754
0.427000 0.048571
0.427200 0.048389
0.427400 0.048207
0.427600 0.048026
0.427800 0.047845
0.428000 0.047665
0.428200 0.047486
0.428400 0.047307
0.428600 0.047129
0.428800 0.046952
0.429000 0.046775
0.429200 0.046599
0.429400 0.046423
0.429600 0.046248
0.429800 0.046073
0.430000 0.045900
0.430200 0.045726
0.430400 0.045554
0.430600 0.045382
0.430800 0.045210
0.431000 0.045039
0.431200 0.044869
0.431400 0.044699
0.431600 0.044530
0.431800 0.044362
0.432000 0.044194
0.432200 0.044027
0.432400 0.043860
0.432600 0.043694
0.432800 0.043529
0.433000 0.043364
0.433200 0.043200
0.433400 0.043036
0.433600 0.042873
0.433800 0.042711
0.434000 0.042549
0.434200 0.042388
0.434400 0.042227
0.434600 0.042067
0.434800 0.041908
0.435000 0.041749
0.435200 0.041591
0.435400 0.041433
0.435600 0.041276
0.435800 0.041120
0.436000 0.040964
0.436200 0.040809
0.436400 0.040654
0.436600 0.040500
0.436800 0.040346
0.437000 0.040193
0.437200 0.040041
0.437400 0.039890
0.437600 0.039738
0.437800 0.039588
0.438000 0.039438
0.438200 0.039289
0.438400 0.039140
0.438600 0.038992
0.438800 0.038845
0.439000 0.038698
0.439200 0.038551
0.439400 0.038406
0.439600 0.038261
0.439800 0.038116
0.440000 0.037972
0.440200 0.037829
0.440400 0.037686
0.440600 0.037544
0.440800 0.037403
0.441000 0.037262
0.441200 0.037121
0.441400 0.036982
0.441600 0.036843
0.441800 0.036704
0.442000 0.036566
0.442200 0.036429
0.442400 0.036292
0.442600 0.036156
0.442800 0.036021
0.443000 0.035886
0.443200 0.035752
0.443400 0.035618
0.443600 0.035485
0.443800 0.035352
0.444000 0.035221
0.444200 0.035089
0.444400 0.034959
0.444600 0.034829
0.444800 0.034699
0.445000 0.034571
0.445200 0.034442
0.445400 0.034315
0.445600 0.034188
0.445800 0.034062
0.446000 0.033936
0.446200 0.033811
0.446400 0.033686
0.446600 0.033563
0.446800 0.033439
0.447000 0.033317
0.447200 0.033195
0.447400 0.033073
0.447600 0.032953
0.447800 0.032833
0.448000 0.032713
0.448200 0.032594
0.448400 0.032476
0.448600 0.032359
0.448800 0.032242
0.449000 0.032126
0.449200 0.032010
0.449400 0.031895
0.449600 0.031781
0.449800 0.031667
0.450000 0.031554
0.450200 0.031442
0.450400 0.031330
0.450600 0.031219
0.450800 0.031109
0.451000 0.030999
0.451200 0.030890
0.451400 0.030781
0.451600 0.030673
0.451800 0.030566
0.452000 0.030460
0.452200 0.030354
0.452400 0.030249
0.452600 0.030145
0.452800 0.030041
0.453000 0.029938
0.453200 0.029836
0.453400 0.029734
0.453600 0.029633
0.453800 0.029533
0.454000 0.029433
0.454200 0.029334
0.454400 0.029236
0.454600 0.029138
0.454800 0.029042
0.455000 0.028945
0.455200 0.028850
0.455400 0.028755
0.455600 0.028662
0.455800 0.028568
0.456000 0.028476
0.456200 0.028384
0.456400 0.028293
0.456600 0.028203
0.456800 0.028113
0.457000 0.028024
0.457200 0.027936
0.457400 0.027849
0.457600 0.027762
0.457800 0.027677
0.458000 0.027591
0.458200 0.027507
0.458400 0.027424
0.458600 0.027341
0.458800 0.027259
0.459000 0.027178
0.459200 0.027097
0.459400 0.027018
0.459600 0.026939
0.459800 0.026861
0.460000 0.026784
0.460200 0.026707
0.460400 0.026632
0.460600 0.026557
0.460800 0.026483
0.461000 0.026410
0.461200 0.026338
0.461400 0.026266
0.461600 0.026196
0.461800 0.026126
0.462000 0.026057
0.462200 0.025989
0.462400 0.025922
0.462600 0.025855
0.462800 0.025790
0.463000 0.025725
0.463200 0.025662
0.463400 0.025599
0.463600 0.025537
0.463800 0.025476
0.464000 0.025416
0.464200 0.025357
0.464400 0.025299
0.464600 0.025241
0.464800 0.025185
0.465000 0.025130
0.465200 0.025075
0.465400 0.025022
0.465600 0.024969
0.465800 0.024917
0.466000 0.024867
0.466200 0.024817
0.466400 0.024769
0.466600 0.024721
0.466800 0.024674
0.467000 0.024629
0.467200 0.024584
0.467400 0.024540
0.467600 0.024498
0.467800 0.024456
0.468000 0.024416
0.468200 0.024377
0.468400 0.024338
0.468600 0.024301
0.468800 0.024265
0.469000 0.024230
0.469200 0.024196
0.469400 0.024163
0.469600 0.024131
0.469800 0.024101
0.470000 0.024071
0.470200 0.024043
0.470400 0.024016
0.470600 0.023990
0.470800 0.023965
0.471000 0.023941
0.471200 0.023919
0.471400 0.023898
0.471600 0.023878
0.471800 0.023859
0.472000 0.023841
0.472200 0.023825
0.472400 0.023810
0.472600 0.023796
0.472800 0.023784
0.473000 0.023772
0.473200 0.023762
0.473400 0.023754
0.473600 0.023746
0.473800 0.023740
0.474000 0.023736
0.474200 0.023732
0.474400 0.023731
0.474600 0.023730
0.474800 0.023731
0.475000 0.023733
0.475200 0.023737
0.475400 0.023742
0.475600 0.023748
0.475800 0.023756
0.476000 0.023766
0.476200 0.023777
0.476400 0.023789
0.476600 0.023803
0.476800 0.023818
0.477000 0.023835
0.477200 0.023854
0.477400 0.023874
0.477600 0.023896
0.477800 0.023919
0.478000 0.023944
0.478200 0.023970
0.478400 0.023998
0.478600 0.024028
0.478800 0.024059
0.479000 0.024092
0.479200 0.024127
0.479400 0.024163
0.479600 0.024201
0.479800 0.024241
0.480000 0.024283
0.480200 0.024326
0.480400 0.024372
0.480600 0.024419
0.480800 0.024467
0.481000 0.024518
0.481200 0.024571
0.481400 0.024625
0.481600 0.024681
0.481800 0.024739
0.482000 0.024799
0.482200 0.024861
0.482400 0.024925
0.482600 0.024991
0.482800 0.025059
0.483000 0.025129
0.483200 0.025201
0.483400 0.025275
0.483600 0.025351
0.483800 0.025430
0.484000 0.025510
0.484200 0.025592
0.484400 0.025677
0.484600 0.025764
0.484800 0.025852
0.485000 0.025944
0.485200 0.026037
0.485400 0.026133
0.485600 0.026230
0.485800 0.026331
0.486000 0.026433
0.486200 0.026538
0.486400 0.026645
0.486600 0.026754
0.486800 0.026866
0.487000 0.026981
0.487200 0.027098
0.487400 0.027217
0.487600 0.027339
0.487800 0.027463
0.488000 0.027590
0.488200 0.027719
0.488400 0.027851
0.488600 0.027985
0.488800 0.028123
0.489000 0.028262
0.489200 0.028405
0.489400 0.028550
0.489600 0.028698
0.489800 0.028849
0.490000 0.029002
0.490200 0.029159
0.490400 0.029318
0.490600 0.029480
0.490800 0.029645
0.491000 0.029812
0.491200 0.029983
0.491400 0.030157
0.491600 0.030334
0.491800 0.030513
0.492000 0.030696
0.492200 0.030882
0.492400 0.031071
0.492600 0.031263
0.492800 0.031458
0.493000 0.031657
0.493200 0.031858
0.493400 0.032063
0.493600 0.032272
0.493800 0.032483
0.494000 0.032698
0.494200 0.032916
0.494400 0.033138
0.494600 0.033363
0.494800 0.033591
0.495000 0.033824
0.495200 0.034059
0.495400 0.034298
0.495600 0.034541
0.495800 0.034787
0.496000 0.035037
0.496200 0.035291
0.496400 0.035549
0.496600 0.035810
0.496800 0.036075
0.497000 0.036344
0.497200 0.036616
0.497400 0.036893
0.497600 0.037173
0.497800 0.037458
0.498000 0.037746
0.498200 0.038039
0.498400 0.038335
0.498600 0.038636
0.498800 0.038941
0.499000 0.039250
0.499200 0.039563
0.499400 0.039881
0.499600 0.040202
0.499800 0.040529
0.500000 0.040859
0.500200 0.041194
0.500400 0.041533
0.500600 0.041877
0.500800 0.042226
0.501000 0.042579
0.501200 0.042936
0.501400 0.043298
0.501600 0.043665
0.501800 0.044037
0.502000 0.044413
0.502200 0.044794
0.502400 0.045180
0.502600 0.045571
0.502800 0.045967
0.503000 0.046368
0.503200 0.046774
0.503400 0.047185
0.503600 0.047601
0.503800 0.048022
0.504000 0.048448
0.504200 0.048880
0.504400 0.049317
0.504600 0.049759
0.504800 0.050206
0.505000 0.050659
0.505200 0.051118
0.505400 0.051582
0.505600 0.052051
0.505800 0.052526
0.506000 0.053007
0.506200 0.053493
0.506400 0.053985
0.506600 0.054483
0.506800 0.054987
0.507000 0.055497
0.507200 0.056012
0.507400 0.056534
0.507600 0.057061
0.507800 0.057595
0.508000 0.058135
0.508200 0.058681
0.508400 0.059233
0.508600 0.059791
0.508800 0.060356
0.509000 0.060927
0.509200 0.061505
0.509400 0.062089
0.509600 0.062679
0.509800 0.063276
0.510000 0.063880
0.510200 0.064491
0.510400 0.065108
0.510600 0.065732
0.510800 0.066363
0.511000 0.067000
0.511200 0.067645
0.511400 0.068297
0.511600 0.068955
0.511800 0.069621
0.512000 0.070294
0.512200 0.070975
0.512400 0.071662
0.512600 0.072357
0.512800 0.073059
0.513000 0.073769
0.513200 0.074486
0.513400 0.075211
0.513600 0.075943
0.513800 0.076684
0.514000 0.077431
0.514200 0.078187
0.514400 0.078950
0.514600 0.079722
0.514800 0.080501
0.515000 0.081289
0.515200 0.082084
0.515400 0.082888
0.515600 0.083699
0.515800 0.084520
0.516000 0.085348
0.516200 0.086185
0.516400 0.087030
0.516600 0.087884
0.516800 0.088746
0.517000 0.089617
0.517200 0.090497
0.517400 0.091385
0.517600 0.092282
0.517800 0.093189
0.518000 0.094104
0.518200 0.095028
0.518400 0.095961
0.518600 0.096903
0.518800 0.097855
0.519000 0.098816
0.519200 0.099786
0.519400 0.100765
0.519600 0.101754
0.519800 0.102753
0.520000 0.103761
0.520200 0.104778
0.520400 0.105806
0.520600 0.106843
0.520800 0.107890
0.521000 0.108947
0.521200 0.110014
0.521400 0.111091
0.521600 0.112178
0.521800 0.113276
0.522000 0.114383
0.522200 0.115501
0.522400 0.116630
0.522600 0.117768
0.522800 0.118918
0.523000 0.120078
0.523200 0.121248
0.523400 0.122429
0.523600 0.123622
0.523800 0.124825
0.524000 0.126038
0.524200 0.127263
0.524400 0.128499
0.524600 0.129747
0.524800 0.131005
0.525000 0.132275
0.525200 0.133556
0.525400 0.134848
0.525600 0.136152
0.525800 0.137468
0.526000 0.138795
0.526200 0.140134
0.526400 0.141484
0.526600 0.142847
0.526800 0.144221
0.527000 0.145608
0.527200 0.147006
0.527400 0.148417
0.527600 0.149840
0.527800 0.151275
0.528000 0.152723
0.528200 0.154183
0.528400 0.155655
0.528600 0.157140
0.528800 0.158638
0.529000 0.160148
0.529200 0.161672
0.529400 0.163208
0.529600 0.164757
0.529800 0.166319
0.530000 0.167894
0.530200 0.169482
0.530400 0.171084
0.530600 0.172699
0.530800 0.174327
0.531000 0.175969
0.531200 0.177624
0.531400 0.179293
0.531600 0.180975
0.531800 0.182671
0.532000 0.184382
0.532200 0.186105
0.532400 0.187843
0.532600 0.189595
0.532800 0.191361
0.533000 0.193142
0.533200 0.194936
0.533400 0.196745
0.533600 0.198568
0.533800 0.200406
0.534000 0.202259
0.534200 0.204125
0.534400 0.206007
0.534600 0.207904
0.534800 0.209815
0.535000 0.211741
0.535200 0.213682
0.535400 0.215639
0.535600 0.217610
0.535800 0.219597
0.536000 0.221599
0.536200 0.223616
0.536400 0.225649
0.536600 0.227697
0.536800 0.229761
0.537000 0.231840
0.537200 0.233935
0.537400 0.236046
0.537600 0.238173
0.537800 0.240316
0.538000 0.242475
0.538200 0.244649
0.538400 0.246840
0.538600 0.249048
0.538800 0.251271
0.539000 0.253511
0.539200 0.255768
0.539400 0.258040
0.539600 0.260330
0.539800 0.262636
0.540000 0.264959
0.540200 0.267298
0.540400 0.269655
0.540600 0.272028
0.540800 0.274419
0.541000 0.276826
0.541200 0.279251
0.541400 0.281692
0.541600 0.284151
0.541800 0.286628
0.542000 0.289122
0.542200 0.291633
0.542400 0.294162
0.542600 0.296708
0.542800 0.299272
0.543000 0.301854
0.543200 0.304453
0.543400 0.307071
0.543600 0.309706
0.543800 0.312360
0.544000 0.315031
0.544200 0.317721
0.544400 0.320428
0.544600 0.323154
0.544800 0.325899
0.545000 0.328661
0.545200 0.331443
0.545400 0.334242
0.545600 0.337060
0.545800 0.339897
0.546000 0.342753
0.546200 0.345627
0.546400 0.348520
0.546600 0.351432
0.546800 0.354363
0.547000 0.357312
0.547200 0.360281
0.547400 0.363269
0.547600 0.366276
0.547800 0.369302
0.548000 0.372348
0.548200 0.375413
0.548400 0.378497
0.548600 0.381600
0.548800 0.384724
0.549000 0.387866
0.549200 0.391028
0.549400 0.394210
0.549600 0.397412
0.549800 0.400633
0.550000 0.403874
0.550200 0.407135
0.550400 0.410415
0.550600 0.413716
0.550800 0.417036
0.551000 0.420377
0.551200 0.423738
0.551400 0.427118
0.551600 0.430519
0.551800 0.433941
0.552000 0.437382
0.552200 0.440844
0.552400 0.444326
0.552600 0.447828
0.552800 0.451351
0.553000 0.454894
0.553200 0.458458
0.553400 0.462042
0.553600 0.465647
0.553800 0.469272
0.554000 0.472918
0.554200 0.476585
0.554400 0.480272
0.554600 0.483981
0.554800 0.487710
0.555000 0.491459
0.555200 0.495230
0.555400 0.499021
0.555600 0.502834
0.555800 0.506667
0.556000 0.510521
0.556200 0.514397
0.556400 0.518293
0.556600 0.522210
0.556800 0.526149
0.557000 0.530108
0.557200 0.534089
0.557400 0.538090
0.557600 0.542113
0.557800 0.546157
0.558000 0.550222
0.558200 0.554309
0.558400 0.558416
0.558600 0.562545
0.558800 0.566695
0.559000 0.570867
0.559200 0.575059
0.559400 0.579273
0.559600 0.583509
0.559800 0.587765
0.560000 0.592043
0.560200 0.596343
0.560400 0.600663
0.560600 0.605005
0.560800 0.609368
0.561000 0.613753
0.561200 0.618159
0.561400 0.622587
0.561600 0.627035
0.561800 0.631506
0.562000 0.635997
0.562200 0.640510
0.562400 0.645044
0.562600 0.649600
0.562800 0.654177
0.563000 0.658775
0.563200 0.663395
0.563400 0.668036
0.563600 0.672698
0.563800 0.677381
0.564000 0.682086
0.564200 0.686812
0.564400 0.691560
0.564600 0.696329
0.564800 0.701118
0.565000 0.705929
0.565200 0.710762
0.565400 0.715615
0.565600 0.720490
0.565800 0.725386
0.566000 0.730302
0.566200 0.735240
0.566400 0.740199
0.566600 0.745179
0.566800 0.750180
0.567000 0.755202
0.567200 0.760245
0.567400 0.765309
0.567600 0.770393
0.567800 0.775499
0.568000 0.780625
0.568200 0.785772
0.568400 0.790939
0.568600 0.796128
0.568800 0.801337
0.569000 0.806566
0.569200 0.811816
0.569400 0.817087
0.569600 0.822378
0.569800 0.827689
0.570000 0.833021
0.570200 0.838373
0.570400 0.843745
0.570600 0.849137
0.570800 0.854550
0.571000 0.859982
0.571200 0.865435
0.571400 0.870907
0.571600 0.876400
0.571800 0.881912
0.572000 0.887444
0.572200 0.892996
0.572400 0.898567
0.572600 0.904158
0.572800 0.909768
0.573000 0.915398
0.573200 0.921047
0.573400 0.926715
0.573600 0.932403
0.573800 0.938109
0.574000 0.943835
0.574200 0.949579
0.574400 0.955343
0.574600 0.961125
0.574800 0.966926
0.575000 0.972745
0.575200 0.978583
0.575400 0.984440
0.575600 0.990315
0.575800 0.996208
0.576000 1.002119
0.576200 1.008048
0.576400 1.013995
0.576600 1.019960
0.576800 1.025943
0.577000 1.031944
0.577200 1.037962
0.577400 1.043997
0.577600 1.050050
0.577800 1.056120
0.578000 1.062208
0.578200 1.068312
0.578400 1.074433
0.578600 1.080571
0.578800 1.086726
0.579000 1.092897
0.579200 1.099085
0.579400 1.105289
0.579600 1.111509
0.579800 1.117745
0.580000 1.123998
0.580200 1.130266
0.580400 1.136550
0.580600 1.142849
0.580800 1.149164
0.581000 1.155494
0.581200 1.161840
0.581400 1.168200
0.581600 1.174576
0.581800 1.180966
0.582000 1.187371
0.582200 1.193791
0.582400 1.200225
0.582600 1.206673
0.582800 1.213135
0.583000 1.219612
0.583200 1.226102
0.583400 1.232606
0.583600 1.239124
0.583800 1.245655
0.584000 1.252200
0.584200 1.258758
0.584400 1.265330
0.584600 1.271915
0.584800 1.278513
0.585000 1.285124
0.585200 1.291749
0.585400 1.298386
0.585600 1.305038
0.585800 1.311702
0.586000 1.318380
0.586200 1.325073
0.586400 1.331779
0.586600 1.338500
0.586800 1.345237
0.587000 1.351989
0.587200 1.358758
0.587400 1.365545
0.587600 1.372350
0.587800 1.379176
0.588000 1.386024
0.588200 1.392896
0.588400 1.399794
0.588600 1.406721
0.588800 1.413680
0.589000 1.420676
0.589200 1.427712
0.589400 1.434793
0.589600 1.441926
0.589800 1.449118
0.590000 1.456375
0.590200 1.463708
0.590400 1.471126
0.590600 1.478641
0.590800 1.486267
0.591000 1.494019
0.591200 1.501914
0.591400 1.509972
0.591600 1.518215
0.591800 1.526668
0.592000 1.535360
0.592200 1.544321
0.592400 1.553587
0.592600 1.563198
0.592800 1.573198
0.593000 1.583635
0.593200 1.594564
0.593400 1.606046
0.593600 1.618145
0.593800 1.630936
0.594000 1.644500
0.594200 1.658923
0.594400 1.674304
0.594600 1.690747
0.594800 1.708366
0.595000 1.727288
0.595200 1.747645
0.595400 1.769585
0.595600 1.793264
0.595800 1.818851
0.596000 1.846527
0.596200 1.876485
0.596400 1.908931
0.596600 1.944084
0.596800 1.982175
0.597000 2.023449
0.597200 2.068163
0.597400 2.116586
0.597600 2.169002
0.597800 2.225704
0.598000 2.286997
0.598200 2.353194
0.598400 2.424621
0.598600 2.501609
0.598800 2.584496
0.599000 2.673626
0.599200 2.769345
0.599400 2.872001
0.599600 2.981938
0.599800 3.099501
0.600000 3.225026
0.600200 3.358839
0.600400 3.501257
0.600600 3.652579
0.600800 3.813086
0.601000 3.983039
0.601200 4.162672
0.601400 4.352188
0.601600 4.551759
0.601800 4.761521
0.602000 4.981567
0.602200 5.211949
0.602400 5.452668
0.602600 5.703676
0.602800 5.964870
0.603000 6.236090
0.603200 6.517116
0.603400 6.807663
0.603600 7.107384
0.603800 7.415864
0.604000 7.732621
0.604200 8.057105
0.604400 8.388695
0.604600 8.726704
0.604800 9.070375
0.605000 9.418888
0.605200 9.771357
0.605400 10.126833
0.605600 10.484314
0.605800 10.842738
0.606000 11.200999
0.606200 11.557943
0.606400 11.912380
0.606600 12.263086
0.606800 12.608812
0.607000 12.948291
0.607200 13.280248
0.607400 13.603400
0.607600 13.916476
0.607800 14.218213
0.608000 14.507375
0.608200 14.782756
0.608400 15.043188
0.608600 15.287554
0.608800 15.514792
0.609000 15.723902
0.609200 15.913960
0.609400 16.084116
0.609600 16.233609
0.609800 16.361768
0.610000 16.468018
0.610200 16.551884
0.610400 16.612997
0.610600 16.651096
0.610800 16.666029
0.611000 16.657753
0.611200 16.626340
0.611400 16.571970
0.611600 16.494933
0.611800 16.395625
0.612000 16.274547
0.612200 16.132299
0.612400 15.969577
0.612600 15.787165
0.612800 15.585932
0.613000 15.366824
0.613200 15.130855
0.613400 14.879103
0.613600 14.612699
0.613800 14.332821
0.614000 14.040684
0.614200 13.737530
0.614400 13.424626
0.614600 13.103245
0.614800 12.774668
0.615000 12.440169
0.615200 12.101011
0.615400 11.758436
0.615600 11.413659
0.615800 11.067859
0.616000 10.722180
0.616200 10.377715
0.616400 10.035510
0.616600 9.696553
0.616800 9.361776
0.617000 9.032048
0.617200 8.708171
0.617400 8.390885
0.617600 8.080857
0.617800 7.778689
0.618000 7.484913
0.618200 7.199993
0.618400 6.924325
0.618600 6.658239
0.618800 6.402002
0.619000 6.155818
0.619200 5.919830
0.619400 5.694127
0.619600 5.478743
0.619800 5.273661
0.620000 5.078820
0.620200 4.894112
0.620400 4.719393
0.620600 4.554482
0.620800 4.399164
0.621000 4.253199
0.621200 4.116321
0.621400 3.988242
0.621600 3.868657
0.621800 3.757248
0.622000 3.653683
0.622200 3.557624
0.622400 3.468726
0.622600 3.386643
0.622800 3.311026
0.623000 3.241529
0.623200 3.177810
0.623400 3.119532
0.623600 3.066364
0.623800 3.017983
0.624000 2.974079
0.624200 2.934347
0.624400 2.898497
0.624600 2.866249
0.624800 2.837337
0.625000 2.811506
0.625200 2.788515
0.625400 2.768134
0.625600 2.750148
0.625800 2.734354
0.626000 2.720562
0.626200 2.708593
0.626400 2.698282
0.626600 2.689474
0.626800 2.682026
0.627000 2.675805
0.627200 2.670689
0.627400 2.666565
0.627600 2.663330
0.627800 2.660889
0.628000 2.659156
0.628200 2.658051
0.628400 2.657504
0.628600 2.657448
0.628800 2.657825
0.629000 2.658581
0.629200 2.659669
0.629400 2.661046
0.629600 2.662672
0.629800 2.664513
0.630000 2.666538
0.630200 2.668719
0.630400 2.671032
0.630600 2.673455
0.630800 2.675968
0.631000 2.678554
0.631200 2.681199
0.631400 2.683889
0.631600 2.686611
0.631800 2.689356
0.632000 2.692115
0.632200 2.694880
0.632400 2.697644
0.632600 2.700400
0.632800 2.703145
0.633000 2.705872
0.633200 2.708579
0.633400 2.711261
0.633600 2.713916
0.633800 2.716541
0.634000 2.719133
0.634200 2.721692
0.634400 2.724216
0.634600 2.726702
0.634800 2.729149
0.635000 2.731558
0.635200 2.733926
0.635400 2.736252
0.635600 2.738537
0.635800 2.740780
0.636000 2.742980
0.636200 2.745136
0.636400 2.747248
0.636600 2.749316
0.636800 2.751340
0.637000 2.753319
0.637200 2.755253
0.637400 2.757142
0.637600 2.758986
0.637800 2.760783
0.638000 2.762536
0.638200 2.764242
0.638400 2.765902
0.638600 2.767517
0.638800 2.769085
0.639000 2.770607
0.639200 2.772082
0.639400 2.773511
0.639600 2.774893
0.639800 2.776229
0.640000 2.777517
0.640200 2.778759
0.640400 2.779954
0.640600 2.781103
0.640800 2.782204
0.641000 2.783258
0.641200 2.784264
0.641400 2.785224
0.641600 2.786137
0.641800 2.787002
0.642000 2.787820
0.642200 2.788590
0.642400 2.789313
0.642600 2.789989
0.642800 2.790617
0.643000 2.791197
0.643200 2.791730
0.643400 2.792216
0.643600 2.792653
0.643800 2.793043
0.644000 2.793386
0.644200 2.793681
0.644400 2.793928
0.644600 2.794128
0.644800 2.794279
0.645000 2.794383
0.645200 2.794440
0.645400 2.794448
0.645600 2.794409
0.645800 2.794322
0.646000 2.794188
0.646200 2.794006
0.646400 2.793776
0.646600 2.793498
0.646800 2.793173
0.647000 2.792800
0.647200 2.792379
0.647400 2.791911
0.647600 2.791396
0.647800 2.790832
0.648000 2.790221
0.648200 2.789563
0.648400 2.788857
0.648600 2.788104
0.648800 2.787303
0.649000 2.786455
0.649200 2.785560
0.649400 2.784617
0.649600 2.783628
0.649800 2.782591
0.650000 2.781507
0.650200 2.780376
0.650400 2.779198
0.650600 2.777973
0.650800 2.776701
0.651000 2.775382
0.651200 2.774017
0.651400 2.772604
0.651600 2.771146
0.651800 2.769641
0.652000 2.768089
0.652200 2.766491
0.652400 2.764847
0.652600 2.763156
0.652800 2.761419
0.653000 2.759637
0.653200 2.757808
0.653400 2.755934
0.653600 2.754014
0.653800 2.752048
0.654000 2.750036
0.654200 2.747980
0.654400 2.745877
0.654600 2.743730
0.654800 2.741538
0.655000 2.739300
0.655200 2.737018
0.655400 2.734690
0.655600 2.732319
0.655800 2.729902
0.656000 2.727441
0.656200 2.724936
0.656400 2.722387
0.656600 2.719793
0.656800 2.717156
0.657000 2.714475
0.657200 2.711750
0.657400 2.708982
0.657600 2.706171
0.657800 2.703316
0.658000 2.700418
0.658200 2.697477
0.658400 2.694493
0.658600 2.691467
0.658800 2.688398
0.659000 2.685287
0.659200 2.682134
0.659400 2.678939
0.659600 2.675702
0.659800 2.672423
0.660000 2.669102
0.660200 2.665740
0.660400 2.662338
0.660600 2.658893
0.660800 2.655409
0.661000 2.651883
0.661200 2.648317
0.661400 2.644711
0.661600 2.641064
0.661800 2.637377
0.662000 2.633651
0.662200 2.629885
0.662400 2.626080
0.662600 2.622235
0.662800 2.618351
0.663000 2.614429
0.663200 2.610467
0.663400 2.606468
0.663600 2.602430
0.663800 2.598353
0.664000 2.594239
0.664200 2.590088
0.664400 2.585899
0.664600 2.581672
0.664800 2.577409
0.665000 2.573108
0.665200 2.568771
0.665400 2.564398
0.665600 2.559988
0.665800 2.555543
0.666000 2.551061
0.666200 2.546544
0.666400 2.541991
0.666600 2.537404
0.666800 2.532781
0.667000 2.528124
0.667200 2.523432
0.667400 2.518706
0.667600 2.513946
0.667800 2.509152
0.668000 2.504325
0.668200 2.499464
0.668400 2.494570
0.668600 2.489644
0.668800 2.484684
0.669000 2.479692
0.669200 2.474668
0.669400 2.469612
0.669600 2.464525
0.669800 2.459406
0.670000 2.454255
0.670200 2.449074
0.670400 2.443862
0.670600 2.438619
0.670800 2.433347
0.671000 2.428044
0.671200 2.422711
0.671400 2.417349
0.671600 2.411958
0.671800 2.406537
0.672000 2.401088
0.672200 2.395611
0.672400 2.390105
0.672600 2.384571
0.672800 2.379009
0.673000 2.373420
0.673200 2.367804
0.673400 2.362160
0.673600 2.356490
0.673800 2.350794
0.674000 2.345071
0.674200 2.339322
0.674400 2.333548
0.674600 2.327748
0.674800 2.321923
0.675000 2.316073
0.675200 2.310199
0.675400 2.304300
0.675600 2.298377
0.675800 2.292430
0.676000 2.286460
0.676200 2.280466
0.676400 2.274450
0.676600 2.268410
0.676800 2.262348
0.677000 2.256264
0.677200 2.250157
0.677400 2.244029
0.677600 2.237880
0.677800 2.231710
0.678000 2.225518
0.678200 2.219306
0.678400 2.213073
0.678600 2.206821
0.678800 2.200549
0.679000 2.194257
0.679200 2.187945
0.679400 2.181615
0.679600 2.175266
0.679800 2.168899
0.680000 2.162513
0.680200 2.156110
0.680400 2.149689
0.680600 2.143250
0.680800 2.136795
0.681000 2.130322
0.681200 2.123833
0.681400 2.117328
0.681600 2.110807
0.681800 2.104270
0.682000 2.097717
0.682200 2.091149
0.682400 2.084567
0.682600 2.077970
0.682800 2.071358
0.683000 2.064732
0.683200 2.058093
0.683400 2.051439
0.683600 2.044773
0.683800 2.038094
0.684000 2.031402
0.684200 2.024697
0.684400 2.017980
0.684600 2.011251
0.684800 2.004511
0.685000 1.997759
0.685200 1.990996
0.685400 1.984222
0.685600 1.977438
0.685800 1.970643
0.686000 1.963838
0.686200 1.957024
0.686400 1.950200
0.686600 1.943367
0.686800 1.936524
0.687000 1.929673
0.687200 1.922814
0.687400 1.915946
0.687600 1.909071
0.687800 1.902188
0.688000 1.895297
0.688200 1.888399
0.688400 1.881495
0.688600 1.874583
0.688800 1.867666
0.689000 1.860742
0.689200 1.853813
0.689400 1.846878
0.689600 1.839937
0.689800 1.832992
0.690000 1.826042
0.690200 1.819087
0.690400 1.812128
0.690600 1.805165
0.690800 1.798198
0.691000 1.791228
0.691200 1.784255
0.691400 1.777278
0.691600 1.770299
0.691800 1.763317
0.692000 1.756333
0.692200 1.749346
0.692400 1.742358
0.692600 1.735369
0.692800 1.728378
0.693000 1.721386
0.693200 1.714394
0.693400 1.707401
0.693600 1.700407
0.693800 1.693414
0.694000 1.686420
0.694200 1.679427
0.694400 1.672435
0.694600 1.665444
0.694800 1.658454
0.695000 1.651465
0.695200 1.644477
0.695400 1.637492
0.695600 1.630508
0.695800 1.623527
0.696000 1.616549
0.696200 1.609573
0.696400 1.602600
0.696600 1.595630
0.696800 1.588664
0.697000 1.581701
0.697200 1.574742
0.697400 1.567787
0.697600 1.560837
0.697800 1.553891
0.698000 1.546950
0.698200 1.540014
0.698400 1.533083
0.698600 1.526157
0.698800 1.519237
0.699000 1.512323
0.699200 1.505414
0.699400 1.498512
0.699600 1.491617
0.699800 1.484728
0.700000 1.477846
0.700200 1.470971
0.700400 1.464103
0.700600 1.457243
0.700800 1.450390
0.701000 1.443546
0.701200 1.436709
0.701400 1.429880
0.701600 1.423060
0.701800 1.416249
0.702000 1.409446
0.702200 1.402653
0.702400 1.395869
0.702600 1.389094
0.702800 1.382328
0.703000 1.375573
0.703200 1.368827
0.703400 1.362092
0.703600 1.355367
0.703800 1.348652
0.704000 1.341948
0.704200 1.335255
0.704400 1.328573
0.704600 1.321902
0.704800 1.315242
0.705000 1.308594
0.705200 1.301958
0.705400 1.295333
0.705600 1.288721
0.705800 1.282121
0.706000 1.275533
0.706200 1.268958
0.706400 1.262395
0.706600 1.255846
0.706800 1.249309
0.707000 1.242785
0.707200 1.236275
0.707400 1.229778
0.707600 1.223295
0.707800 1.216826
0.708000 1.210370
0.708200 1.203929
0.708400 1.197502
0.708600 1.191089
0.708800 1.184691
0.709000 1.178307
0.709200 1.171939
0.709400 1.165585
0.709600 1.159246
0.709800 1.152922
0.710000 1.146614
0.710200 1.140321
0.710400 1.134044
0.710600 1.127782
0.710800 1.121537
0.711000 1.115307
0.711200 1.109093
0.711400 1.102896
0.711600 1.096715
0.711800 1.090550
0.712000 1.084402
0.712200 1.078271
0.712400 1.072157
0.712600 1.066059
0.712800 1.059978
0.713000 1.053915
0.713200 1.047869
0.713400 1.041840
0.713600 1.035829
0.713800 1.029835
0.714000 1.023859
0.714200 1.017901
0.714400 1.011961
0.714600 1.006038
0.714800 1.000134
0.715000 0.994248
0.715200 0.988380
0.715400 0.982531
0.715600 0.976700
0.715800 0.970888
0.716000 0.965094
0.716200 0.959319
0.716400 0.953562
0.716600 0.947825
0.716800 0.942107
0.717000 0.936407
0.717200 0.930727
0.717400 0.925066
0.717600 0.919424
0.717800 0.913802
0.718000 0.908199
0.718200 0.902616
0.718400 0.897052
0.718600 0.891508
0.718800 0.885984
0.719000 0.880479
0.719200 0.874994
0.719400 0.869529
0.719600 0.864084
0.719800 0.858660
0.720000 0.853255
0.720200 0.847870
0.720400 0.842506
0.720600 0.837162
0.720800 0.831838
0.721000 0.826535
0.721200 0.821252
0.721400 0.815989
0.721600 0.810747
0.721800 0.805526
0.722000 0.800325
0.722200 0.795145
0.722400 0.789986
0.722600 0.784847
0.722800 0.779729
0.723000 0.774632
0.723200 0.769556
0.723400 0.764501
0.723600 0.759467
0.723800 0.754454
0.724000 0.749461
0.724200 0.744490
0.724400 0.739540
0.724600 0.734611
0.724800 0.729703
0.725000 0.724816
0.725200 0.719951
0.725400 0.715106
0.725600 0.710283
0.725800 0.705481
0.726000 0.700700
0.726200 0.695941
0.726400 0.691203
0.726600 0.686486
0.726800 0.681791
0.727000 0.677117
0.727200 0.672464
0.727400 0.667833
0.727600 0.663223
0.727800 0.658634
0.728000 0.654067
0.728200 0.649521
0.728400 0.644997
0.728600 0.640494
0.728800 0.636013
0.729000 0.631553
0.729200 0.627114
0.729400 0.622697
0.729600 0.618301
0.729800 0.613927
0.730000 0.609574
0.730200 0.605243
0.730400 0.600933
0.730600 0.596644
0.730800 0.592377
0.731000 0.588131
0.731200 0.583907
0.731400 0.579704
0.731600 0.575522
0.731800 0.571362
0.732000 0.567223
0.732200 0.563105
0.732400 0.559009
0.732600 0.554934
0.732800 0.550880
0.733000 0.546848
0.733200 0.542836
0.733400 0.538846
0.733600 0.534878
0.733800 0.530930
0.734000 0.527004
0.734200 0.523098
0.734400 0.519214
0.734600 0.515351
0.734800 0.511509
0.735000 0.507688
0.735200 0.503888
0.735400 0.500109
0.735600 0.496351
0.735800 0.492614
0.736000 0.488898
0.736200 0.485202
0.736400 0.481528
0.736600 0.477874
0.736800 0.474241
0.737000 0.470629
0.737200 0.467037
0.737400 0.463466
0.737600 0.459916
0.737800 0.456386
0.738000 0.452877
0.738200 0.449388
0.738400 0.445920
0.738600 0.442472
0.738800 0.439045
0.739000 0.435637
0.739200 0.432251
0.739400 0.428884
0.739600 0.425538
0.739800 0.422211
0.740000 0.418905
0.740200 0.415619
0.740400 0.412353
0.740600 0.409107
0.740800 0.405881
0.741000 0.402675
0.741200 0.399488
0.741400 0.396322
0.741600 0.393175
0.741800 0.390048
0.742000 0.386940
0.742200 0.383852
0.742400 0.380783
0.742600 0.377734
0.742800 0.374705
0.743000 0.371694
0.743200 0.368703
0.743400 0.365731
0.743600 0.362779
0.743800 0.359845
0.744000 0.356931
0.744200 0.354036
0.744400 0.351159
0.744600 0.348302
0.744800 0.345463
0.745000 0.342643
0.745200 0.339842
0.745400 0.337059
0.745600 0.334295
0.745800 0.331550
0.746000 0.328823
0.746200 0.326115
0.746400 0.323425
0.746600 0.320753
0.746800 0.318099
0.747000 0.315464
0.747200 0.312846
0.747400 0.310247
0.747600 0.307666
0.747800 0.305102
0.748000 0.302557
0.748200 0.300029
0.748400 0.297519
0.748600 0.295026
0.748800 0.292552
0.749000 0.290094
0.749200 0.287654
0.749400 0.285232
0.749600 0.282827
0.749800 0.280439
0.750000 0.278068
0.750200 0.275714
0.750400 0.273378
0.750600 0.271058
0.750800 0.268755
0.751000 0.266469
0.751200 0.264200
0.751400 0.261948
0.751600 0.259712
0.751800 0.257492
0.752000 0.255290
0.752200 0.253103
0.752400 0.250933
0.752600 0.248779
0.752800 0.246642
0.753000 0.244520
0.753200 0.242415
0.753400 0.240325
0.753600 0.238252
0.753800 0.236194
0.754000 0.234152
0.754200 0.232126
0.754400 0.230115
0.754600 0.228120
0.754800 0.226141
0.755000 0.224177
0.755200 0.222228
0.755400 0.220294
0.755600 0.218376
0.755800 0.216473
0.756000 0.214585
0.756200 0.212711
0.756400 0.210853
0.756600 0.209010
0.756800 0.207181
0.757000 0.205367
0.757200 0.203567
0.757400 0.201782
0.757600 0.200012
0.757800 0.198256
0.758000 0.196514
0.758200 0.194787
0.758400 0.193073
0.758600 0.191374
0.758800 0.189689
0.759000 0.188018
0.759200 0.186360
0.759400 0.184717
0.759600 0.183087
0.759800 0.181470
0.760000 0.179868
0.760200 0.178279
0.760400 0.176703
0.760600 0.175141
0.760800 0.173592
0.761000 0.172056
0.761200 0.170533
0.761400 0.169024
0.761600 0.167527
0.761800 0.166043
0.762000 0.164572
0.762200 0.163114
0.762400 0.161669
0.762600 0.160236
0.762800 0.158816
0.763000 0.157409
0.763200 0.156013
0.763400 0.154630
0.763600 0.153260
0.763800 0.151902
0.764000 0.150555
0.764200 0.149221
0.764400 0.147899
0.764600 0.146589
0.764800 0.145290
0.765000 0.144004
0.765200 0.142729
0.765400 0.141465
0.765600 0.140214
0.765800 0.138973
0.766000 0.137745
0.766200 0.136527
0.766400 0.135321
0.766600 0.134126
0.766800 0.132942
0.767000 0.131769
0.767200 0.130608
0.767400 0.129457
0.767600 0.128317
0.767800 0.127188
0.768000 0.126070
0.768200 0.124962
0.768400 0.123865
0.768600 0.122778
0.768800 0.121702
0.769000 0.120636
0.769200 0.119581
0.769400 0.118536
0.769600 0.117501
0.769800 0.116476
0.770000 0.115461
0.770200 0.114457
0.770400 0.113462
0.770600 0.112477
0.770800 0.111502
0.771000 0.110536
0.771200 0.109581
0.771400 0.108635
0.771600 0.107698
0.771800 0.106771
0.772000 0.105853
0.772200 0.104945
0.772400 0.104046
0.772600 0.103156
0.772800 0.102275
0.773000 0.101403
0.773200 0.100541
0.773400 0.099687
0.773600 0.098843
0.773800 0.098007
0.774000 0.097180
0.774200 0.096361
0.774400 0.095551
0.774600 0.094750
0.774800 0.093958
0.775000 0.093174
0.775200 0.092398
0.775400 0.091631
0.775600 0.090872
0.775800 0.090121
0.776000 0.089378
0.776200 0.088644
0.776400 0.087917
0.776600 0.087199
0.776800 0.086488
0.777000 0.085786
0.777200 0.085091
0.777400 0.084404
0.777600 0.083725
0.777800 0.083053
0.778000 0.082389
0.778200 0.081733
0.778400 0.081084
0.778600 0.080442
0.778800 0.079808
0.779000 0.079181
0.779200 0.078562
0.779400 0.077949
0.779600 0.077344
0.779800 0.076746
0.780000 0.076155
0.780200 0.075571
0.780400 0.074994
0.780600 0.074423
0.780800 0.073860
0.781000 0.073304
0.781200 0.072754
0.781400 0.072211
0.781600 0.071674
0.781800 0.071144
0.782000 0.070621
0.782200 0.070104
0.782400 0.069593
0.782600 0.069089
0.782800 0.068591
0.783000 0.068100
0.783200 0.067615
0.783400 0.067136
0.783600 0.066663
0.783800 0.066196
0.784000 0.065735
0.784200 0.065280
0.784400 0.064831
0.784600 0.064388
0.784800 0.063951
0.785000 0.063520
0.785200 0.063094
0.785400 0.062674
0.785600 0.062260
0.785800 0.061852
0.786000 0.061449
0.786200 0.061051
0.786400 0.060659
0.786600 0.060273
0.786800 0.059892
0.787000 0.059516
0.787200 0.059145
0.787400 0.058780
0.787600 0.058420
0.787800 0.058065
0.788000 0.057716
0.788200 0.057371
0.788400 0.057032
0.788600 0.056697
0.788800 0.056368
0.789000 0.056043
0.789200 0.055723
0.789400 0.055408
0.789600 0.055098
0.789800 0.054793
0.790000 0.054493
0.790200 0.054197
0.790400 0.053906
0.790600 0.053619
0.790800 0.053337
0.791000 0.053060
0.791200 0.052787
0.791400 0.052518
0.791600 0.052254
0.791800 0.051995
0.792000 0.051739
0.792200 0.051488
0.792400 0.051242
0.792600 0.050999
0.792800 0.050761
0.793000 0.050527
0.793200 0.050297
0.793400 0.050071
0.793600 0.049849
0.793800 0.049632
0.794000 0.049418
0.794200 0.049208
0.794400 0.049002
0.794600 0.048800
0.794800 0.048602
0.795000 0.048408
0.795200 0.048218
0.795400 0.048031
0.795600 0.047848
0.795800 0.047669
0.796000 0.047493
0.796200 0.047322
0.796400 0.047153
0.796600 0.046989
0.796800 0.046827
0.797000 0.046670
0.797200 0.046516
0.797400 0.046365
0.797600 0.046218
0.797800 0.046074
0.798000 0.045933
0.798200 0.045796
0.798400 0.045662
0.798600 0.045532
0.798800 0.045405
0.799000 0.045281
0.799200 0.045160
0.799400 0.045042
0.799600 0.044928
0.799800 0.044816
0.800000 0.044708
0.800200 0.044603
0.800400 0.044500
0.800600 0.044401
0.800800 0.044305
0.801000 0.044212
0.801200 0.044122
0.801400 0.044034
0.801600 0.043950
0.801800 0.043868
0.802000 0.043789
0.802200 0.043713
0.802400 0.043640
0.802600 0.043570
0.802800 0.043502
0.803000 0.043437
0.803200 0.043375
0.803400 0.043315
0.803600 0.043258
0.803800 0.043204
0.804000 0.043153
0.804200 0.043103
0.804400 0.043057
0.804600 0.043013
0.804800 0.042971
0.805000 0.042932
0.805200 0.042896
0.805400 0.042862
0.805600 0.042830
0.805800 0.042801
0.806000 0.042774
0.806200 0.042750
0.806400 0.042728
0.806600 0.042708
0.806800 0.042691
0.807000 0.042676
0.807200 0.042663
0.807400 0.042652
0.807600 0.042644
0.807800 0.042638
0.808000 0.042634
0.808200 0.042632
0.808400 0.042633
0.808600 0.042635
0.808800 0.042640
0.809000 0.042647
0.809200 0.042656
0.809400 0.042667
0.809600 0.042680
0.809800 0.042695
0.810000 0.042712
0.810200 0.042731
0.810400 0.042752
0.810600 0.042775
0.810800 0.042801
0.811000 0.042828
0.811200 0.042857
0.811400 0.042887
0.811600 0.042920
0.811800 0.042955
0.812000 0.042991
0.812200 0.043030
0.812400 0.043070
0.812600 0.043112
0.812800 0.043156
0.813000 0.043202
0.813200 0.043249
0.813400 0.043298
0.813600 0.043349
0.813800 0.043402
0.814000 0.043457
0.814200 0.043513
0.814400 0.043571
0.814600 0.043630
0.814800 0.043691
0.815000 0.043754
0.815200 0.043819
0.815400 0.043885
0.815600 0.043953
0.815800 0.044022
0.816000 0.044093
0.816200 0.044166
0.816400 0.044240
0.816600 0.044316
0.816800 0.044393
0.817000 0.044472
0.817200 0.044553
0.817400 0.044635
0.817600 0.044718
0.817800 0.044803
0.818000 0.044889
0.818200 0.044977
0.818400 0.045067
0.818600 0.045157
0.818800 0.045250
0.819000 0.045344
0.819200 0.045439
0.819400 0.045535
0.819600 0.045633
0.819800 0.045733
0.820000 0.045833
0.820200 0.045936
0.820400 0.046039
0.820600 0.046144
0.820800 0.046250
0.821000 0.046358
0.821200 0.046467
0.821400 0.046577
0.821600 0.046689
0.821800 0.046801
0.822000 0.046916
0.822200 0.047031
0.822400 0.047148
0.822600 0.047266
0.822800 0.047385
0.823000 0.047506
0.823200 0.047627
0.823400 0.047751
0.823600 0.047875
0.823800 0.048000
0.824000 0.048127
0.824200 0.048255
0.824400 0.048384
0.824600 0.048515
0.824800 0.048646
0.825000 0.048779
0.825200 0.048913
0.825400 0.049048
0.825600 0.049184
0.825800 0.049322
0.826000 0.049460
0.826200 0.049600
0.826400 0.049741
0.826600 0.049883
0.826800 0.050026
0.827000 0.050170
0.827200 0.050316
0.827400 0.050462
0.827600 0.050610
0.827800 0.050759
0.828000 0.050908
0.828200 0.051059
0.828400 0.051211
0.828600 0.051364
0.828800 0.051518
0.829000 0.051674
0.829200 0.051830
0.829400 0.051987
0.829600 0.052145
0.829800 0.052305
0.830000 0.052465
0.830200 0.052627
0.830400 0.052789
0.830600 0.052953
0.830800 0.053118
0.831000 0.053283
0.831200 0.053450
0.831400 0.053617
0.831600 0.053786
0.831800 0.053956
0.832000 0.054126
0.832200 0.054298
0.832400 0.054471
0.832600 0.054644
0.832800 0.054819
0.833000 0.054994
0.833200 0.055171
0.833400 0.055349
0.833600 0.055527
0.833800 0.055707
0.834000 0.055887
0.834200 0.056068
0.834400 0.056251
0.834600 0.056434
0.834800 0.056618
0.835000 0.056803
0.835200 0.056990
0.835400 0.057177
0.835600 0.057365
0.835800 0.057554
0.836000 0.057743
0.836200 0.057934
0.836400 0.058126
0.836600 0.058319
0.836800 0.058512
0.837000 0.058707
0.837200 0.058902
0.837400 0.059098
0.837600 0.059296
0.837800 0.059494
0.838000 0.059693
0.838200 0.059893
0.838400 0.060093
0.838600 0.060295
0.838800 0.060498
0.839000 0.060701
0.839200 0.060906
0.839400 0.061111
0.839600 0.061317
0.839800 0.061524
0.840000 0.061732
0.840200 0.061941
0.840400 0.062151
0.840600 0.062361
0.840800 0.062573
0.841000 0.062785
0.841200 0.062998
0.841400 0.063212
0.841600 0.063427
0.841800 0.063643
0.842000 0.063859
0.842200 0.064077
0.842400 0.064295
0.842600 0.064515
0.842800 0.064735
0.843000 0.064956
0.843200 0.065177
0.843400 0.065400
0.843600 0.065624
0.843800 0.065848
0.844000 0.066073
0.844200 0.066299
0.844400 0.066526
0.844600 0.066754
0.844800 0.066982
0.845000 0.067212
0.845200 0.067442
0.845400 0.067673
0.845600 0.067905
0.845800 0.068138
0.846000 0.068372
0.846200 0.068606
0.846400 0.068841
0.846600 0.069078
0.846800 0.069315
0.847000 0.069552
0.847200 0.069791
0.847400 0.070031
0.847600 0.070271
0.847800 0.070512
0.848000 0.070754
0.848200 0.070997
0.848400 0.071241
0.848600 0.071485
0.848800 0.071730
0.849000 0.071977
0.849200 0.072224
0.849400 0.072471
0.849600 0.072720
0.849800 0.072969
0.850000 0.073220
0.850200 0.073471
0.850400 0.073723
0.850600 0.073976
0.850800 0.074229
0.851000 0.074484
0.851200 0.074739
0.851400 0.074995
0.851600 0.075252
0.851800 0.075509
0.852000 0.075768
0.852200 0.076027
0.852400 0.076288
0.852600 0.076549
0.852800 0.076810
0.853000 0.077073
0.853200 0.077337
0.853400 0.077601
0.853600 0.077866
0.853800 0.078132
0.854000 0.078399
0.854200 0.078666
0.854400 0.078935
0.854600 0.079204
0.854800 0.079474
0.855000 0.079745
0.855200 0.080017
0.855400 0.080289
0.855600 0.080562
0.855800 0.080837
0.856000 0.081112
0.856200 0.081387
0.856400 0.081664
0.856600 0.081942
0.856800 0.082220
0.857000 0.082499
0.857200 0.082779
0.857400 0.083060
0.857600 0.083341
0.857800 0.083624
0.858000 0.083907
0.858200 0.084191
0.858400 0.084476
0.858600 0.084762
0.858800 0.085048
0.859000 0.085336
0.859200 0.085624
0.859400 0.085913
0.859600 0.086203
0.859800 0.086493
0.860000 0.086785
0.860200 0.087077
0.860400 0.087370
0.860600 0.087664
0.860800 0.087959
0.861000 0.088255
0.861200 0.088551
0.861400 0.088849
0.861600 0.089147
0.861800 0.089446
0.862000 0.089746
0.862200 0.090046
0.862400 0.090348
0.862600 0.090650
0.862800 0.090953
0.863000 0.091257
0.863200 0.091562
0.863400 0.091868
0.863600 0.092174
0.863800 0.092482
0.864000 0.092790
0.864200 0.093099
0.864400 0.093409
0.864600 0.093719
0.864800 0.094031
0.865000 0.094343
0.865200 0.094656
0.865400 0.094970
0.865600 0.095285
0.865800 0.095601
0.866000 0.095918
0.866200 0.096235
0.866400 0.096553
0.866600 0.096873
0.866800 0.097192
0.867000 0.097513
0.867200 0.097835
0.867400 0.098157
0.867600 0.098481
0.867800 0.098805
0.868000 0.099130
0.868200 0.099456
0.868400 0.099783
0.868600 0.100110
0.868800 0.100439
0.869000 0.100768
0.869200 0.101098
0.869400 0.101429
0.869600 0.101761
0.869800 0.102094
0.870000 0.102428
0.870200 0.102762
0.870400 0.103097
0.870600 0.103433
0.870800 0.103770
0.871000 0.104108
0.871200 0.104447
0.871400 0.104787
0.871600 0.105127
0.871800 0.105469
0.872000 0.105811
0.872200 0.106154
0.872400 0.106498
0.872600 0.106842
0.872800 0.107188
0.873000 0.107535
0.873200 0.107882
0.873400 0.108230
0.873600 0.108579
0.873800 0.108929
0.874000 0.109280
0.874200 0.109632
0.874400 0.109985
0.874600 0.110338
0.874800 0.110692
0.875000 0.111048
0.875200 0.111404
0.875400 0.111761
0.875600 0.112119
0.875800 0.112477
0.876000 0.112837
0.876200 0.113197
0.876400 0.113559
0.876600 0.113921
0.876800 0.114284
0.877000 0.114648
0.877200 0.115013
0.877400 0.115379
0.877600 0.115746
0.877800 0.116113
0.878000 0.116481
0.878200 0.116851
0.878400 0.117221
0.878600 0.117592
0.878800 0.117964
0.879000 0.118337
0.879200 0.118711
0.879400 0.119085
0.879600 0.119461
0.879800 0.119837
0.880000 0.120215
0.880200 0.120593
0.880400 0.120972
0.880600 0.121352
0.880800 0.121733
0.881000 0.122115
0.881200 0.122497
0.881400 0.122881
0.881600 0.123265
0.881800 0.123651
0.882000 0.124037
0.882200 0.124424
0.882400 0.124812
0.882600 0.125201
0.882800 0.125591
0.883000 0.125982
0.883200 0.126373
0.883400 0.126766
0.883600 0.127159
0.883800 0.127554
0.884000 0.127949
0.884200 0.128345
0.884400 0.128742
0.884600 0.129140
0.884800 0.129539
0.885000 0.129939
0.885200 0.130340
0.885400 0.130742
0.885600 0.131144
0.885800 0.131548
0.886000 0.131952
0.886200 0.132357
0.886400 0.132764
0.886600 0.133171
0.886800 0.133579
0.887000 0.133988
0.887200 0.134398
0.887400 0.134808
0.887600 0.135220
0.887800 0.135633
0.888000 0.136046
0.888200 0.136461
0.888400 0.136876
0.888600 0.137292
0.888800 0.137710
0.889000 0.138128
0.889200 0.138547
0.889400 0.138967
0.889600 0.139388
0.889800 0.139810
0.890000 0.140232
0.890200 0.140656
0.890400 0.141081
0.890600 0.141506
0.890800 0.141933
0.891000 0.142360
0.891200 0.142788
0.891400 0.143218
0.891600 0.143648
0.891800 0.144079
0.892000 0.144511
0.892200 0.144944
0.892400 0.145378
0.892600 0.145813
0.892800 0.146248
0.893000 0.146685
0.893200 0.147123
0.893400 0.147561
0.893600 0.148001
0.893800 0.148441
0.894000 0.148883
0.894200 0.149325
0.894400 0.149768
0.894600 0.150212
0.894800 0.150657
0.895000 0.151104
0.895200 0.151550
0.895400 0.151998
0.895600 0.152447
0.895800 0.152897
0.896000 0.153348
0.896200 0.153800
0.896400 0.154252
0.896600 0.154706
0.896800 0.155160
0.897000 0.155616
0.897200 0.156072
0.897400 0.156529
0.897600 0.156988
0.897800 0.157447
0.898000 0.157907
0.898200 0.158368
0.898400 0.158830
0.898600 0.159293
0.898800 0.159757
0.899000 0.160222
0.899200 0.160688
0.899400 0.161155
0.899600 0.161622
0.899800 0.162091
0.900000 0.162561
0.900200 0.163031
0.900400 0.163503
0.900600 0.163975
0.900800 0.164448
0.901000 0.164923
0.901200 0.165398
0.901400 0.165874
0.901600 0.166352
0.901800 0.166830
0.902000 0.167309
0.902200 0.167789
0.902400 0.168270
0.902600 0.168752
0.902800 0.169235
0.903000 0.169719
0.903200 0.170203
0.903400 0.170689
0.903600 0.171176
0.903800 0.171664
0.904000 0.172152
0.904200 0.172642
0.904400 0.173132
0.904600 0.173624
0.904800 0.174116
0.905000 0.174610
0.905200 0.175104
0.905400 0.175599
0.905600 0.176095
0.905800 0.176593
0.906000 0.177091
0.906200 0.177590
0.906400 0.178090
0.906600 0.178591
0.906800 0.179093
0.907000 0.179596
0.907200 0.180100
0.907400 0.180605
0.907600 0.181110
0.907800 0.181617
0.908000 0.182125
0.908200 0.182633
0.908400 0.183143
0.908600 0.183654
0.908800 0.184165
0.909000 0.184678
0.909200 0.185191
0.909400 0.185705
0.909600 0.186221
0.909800 0.186737
0.910000 0.187254
0.910200 0.187773
0.910400 0.188292
0.910600 0.188812
0.910800 0.189333
0.911000 0.189855
0.911200 0.190378
0.911400 0.190902
0.911600 0.191427
0.911800 0.191953
0.912000 0.192479
0.912200 0.193007
0.912400 0.193536
0.912600 0.194066
0.912800 0.194596
0.913000 0.195128
0.913200 0.195660
0.913400 0.196194
0.913600 0.196728
0.913800 0.197264
0.914000 0.197800
0.914200 0.198337
0.914400 0.198876
0.914600 0.199415
0.914800 0.199955
0.915000 0.200496
0.915200 0.201038
0.915400 0.201581
0.915600 0.202125
0.915800 0.202670
0.916000 0.203216
0.916200 0.203763
0.916400 0.204311
0.916600 0.204860
0.916800 0.205409
0.917000 0.205960
0.917200 0.206512
0.917400 0.207064
0.917600 0.207618
0.917800 0.208172
0.918000 0.208727
0.918200 0.209284
0.918400 0.209841
0.918600 0.210399
0.918800 0.210959
0.919000 0.211519
0.919200 0.212080
0.919400 0.212642
0.919600 0.213205
0.919800 0.213769
0.920000 0.214334
0.920200 0.214900
0.920400 0.215466
0.920600 0.216034
0.920800 0.216603
0.921000 0.217172
0.921200 0.217743
0.921400 0.218314
0.921600 0.218887
0.921800 0.219460
0.922000 0.220035
0.922200 0.220610
0.922400 0.221186
0.922600 0.221763
0.922800 0.222341
0.923000 0.222920
0.923200 0.223500
0.923400 0.224081
0.923600 0.224663
0.923800 0.225246
0.924000 0.225830
0.924200 0.226414
0.924400 0.227000
0.924600 0.227586
0.924800 0.228174
0.925000 0.228762
0.925200 0.229352
0.925400 0.229942
0.925600 0.230533
0.925800 0.231125
0.926000 0.231718
0.926200 0.232312
0.926400 0.232907
0.926600 0.233503
0.926800 0.234100
0.927000 0.234698
0.927200 0.235296
0.927400 0.235896
0.927600 0.236496
0.927800 0.237098
0.928000 0.237700
0.928200 0.238304
0.928400 0.238908
0.928600 0.239513
0.928800 0.240119
0.929000 0.240726
0.929200 0.241334
0.929400 0.241943
0.929600 0.242552
0.929800 0.243163
0.930000 0.243774
0.930200 0.244387
0.930400 0.245000
0.930600 0.245615
0.930800 0.246230
0.931000 0.246846
0.931200 0.247463
0.931400 0.248081
0.931600 0.248700
0.931800 0.249320
0.932000 0.249940
0.932200 0.250562
0.932400 0.251184
0.932600 0.251808
0.932800 0.252432
0.933000 0.253057
0.933200 0.253684
0.933400 0.254311
0.933600 0.254938
0.933800 0.255567
0.934000 0.256197
0.934200 0.256828
0.934400 0.257459
0.934600 0.258092
0.934800 0.258725
0.935000 0.259359
0.935200 0.259994
0.935400 0.260630
0.935600 0.261267
0.935800 0.261905
0.936000 0.262544
0.936200 0.263183
0.936400 0.263824
0.936600 0.264465
0.936800 0.265107
0.937000 0.265750
0.937200 0.266394
0.937400 0.267039
0.937600 0.267685
0.937800 0.268331
0.938000 0.268979
0.938200 0.269627
0.938400 0.270276
0.938600 0.270927
0.938800 0.271578
0.939000 0.272229
0.939200 0.272882
0.939400 0.273536
0.939600 0.274190
0.939800 0.274846
0.940000 0.275502
0.940200 0.276159
0.940400 0.276817
0.940600 0.277476
0.940800 0.278135
0.941000 0.278796
0.941200 0.279457
0.941400 0.280119
0.941600 0.280782
0.941800 0.281446
0.942000 0.282111
0.942200 0.282777
0.942400 0.283443
0.942600 0.284111
0.942800 0.284779
0.943000 0.285448
0.943200 0.286118
0.943400 0.286788
0.943600 0.287460
0.943800 0.288132
0.944000 0.288806
0.944200 0.289480
0.944400 0.290155
0.944600 0.290830
0.944800 0.291507
0.945000 0.292184
0.945200 0.292862
0.945400 0.293542
0.945600 0.294221
0.945800 0.294902
0.946000 0.295584
0.946200 0.296266
0.946400 0.296949
0.946600 0.297633
0.946800 0.298318
0.947000 0.299004
0.947200 0.299690
0.947400 0.300377
0.947600 0.301065
0.947800 0.301754
0.948000 0.302444
0.948200 0.303134
0.948400 0.303826
0.948600 0.304518
0.948800 0.305211
0.949000 0.305904
0.949200 0.306599
0.949400 0.307294
0.949600 0.307990
0.949800 0.308687
0.950000 0.309385
0.950200 0.310083
0.950400 0.310782
0.950600 0.311482
0.950800 0.312183
0.951000 0.312885
0.951200 0.313587
0.951400 0.314290
0.951600 0.314994
0.951800 0.315699
0.952000 0.316404
0.952200 0.317110
0.952400 0.317817
0.952600 0.318525
0.952800 0.319234
0.953000 0.319943
0.953200 0.320653
0.953400 0.321364
0.953600 0.322075
0.953800 0.322788
0.954000 0.323501
0.954200 0.324214
0.954400 0.324929
0.954600 0.325644
0.954800 0.326360
0.955000 0.327077
0.955200 0.327795
0.955400 0.328513
0.955600 0.329232
0.955800 0.329952
0.956000 0.330672
0.956200 0.331393
0.956400 0.332115
0.956600 0.332838
0.956800 0.333561
0.957000 0.334285
0.957200 0.335010
0.957400 0.335736
0.957600 0.336462
0.957800 0.337189
0.958000 0.337917
0.958200 0.338645
0.958400 0.339374
0.958600 0.340104
0.958800 0.340834
0.959000 0.341566
0.959200 0.342298
0.959400 0.343030
0.959600 0.343763
0.959800 0.344497
0.960000 0.345232
0.960200 0.345967
0.960400 0.346704
0.960600 0.347440
0.960800 0.348178
0.961000 0.348916
0.961200 0.349654
0.961400 0.350394
0.961600 0.351134
0.961800 0.351875
0.962000 0.352616
0.962200 0.353358
0.962400 0.354101
0.962600 0.354844
0.962800 0.355589
0.963000 0.356333
0.963200 0.357079
0.963400 0.357825
0.963600 0.358571
0.963800 0.359319
0.964000 0.360067
0.964200 0.360815
0.964400 0.361564
0.964600 0.362314
0.964800 0.363065
0.965000 0.363816
0.965200 0.364568
0.965400 0.365320
0.965600 0.366073
0.965800 0.366827
0.966000 0.367581
0.966200 0.368336
0.966400 0.369091
0.966600 0.369847
0.966800 0.370604
0.967000 0.371361
0.967200 0.372119
0.967400 0.372878
0.967600 0.373637
0.967800 0.374396
0.968000 0.375157
0.968200 0.375917
0.968400 0.376679
0.968600 0.377441
0.968800 0.378203
0.969000 0.378967
0.969200 0.379730
0.969400 0.380495
0.969600 0.381260
0.969800 0.382025
0.970000 0.382791
0.970200 0.383558
0.970400 0.384325
0.970600 0.385092
0.970800 0.385861
0.971000 0.386629
0.971200 0.387399
0.971400 0.388169
0.971600 0.388939
0.971800 0.389710
0.972000 0.390481
0.972200 0.391254
0.972400 0.392026
0.972600 0.392799
0.972800 0.393573
0.973000 0.394347
0.973200 0.395121
0.973400 0.395897
0.973600 0.396672
0.973800 0.397448
0.974000 0.398225
0.974200 0.399002
0.974400 0.399780
0.974600 0.400558
0.974800 0.401337
0.975000 0.402116
0.975200 0.402896
0.975400 0.403676
0.975600 0.404456
0.975800 0.405237
0.976000 0.406019
0.976200 0.406801
0.976400 0.407584
0.976600 0.408367
0.976800 0.409150
0.977000 0.409934
0.977200 0.410718
0.977400 0.411503
0.977600 0.412288
0.977800 0.413074
0.978000 0.413860
0.978200 0.414647
0.978400 0.415434
0.978600 0.416221
0.978800 0.417009
0.979000 0.417798
0.979200 0.418586
0.979400 0.419375
0.979600 0.420165
0.979800 0.420955
0.980000 0.421745
0.980200 0.422536
0.980400 0.423328
0.980600 0.424119
0.980800 0.424911
0.981000 0.425704
0.981200 0.426497
0.981400 0.427290
0.981600 0.428083
0.981800 0.428877
0.982000 0.429672
0.982200 0.430466
0.982400 0.431262
0.982600 0.432057
0.982800 0.432853
0.983000 0.433649
0.983200 0.434446
0.983400 0.435243
0.983600 0.436040
0.983800 0.436838
0.984000 0.437636
0.984200 0.438434
0.984400 0.439233
0.984600 0.440032
0.984800 0.440831
0.985000 0.441631
0.985200 0.442431
0.985400 0.443231
0.985600 0.444031
0.985800 0.444832
0.986000 0.445634
0.986200 0.446435
0.986400 0.447237
0.986600 0.448039
0.986800 0.448842
0.987000 0.449644
0.987200 0.450447
0.987400 0.451251
0.987600 0.452054
0.987800 0.452858
0.988000 0.453662
0.988200 0.454467
0.988400 0.455272
0.988600 0.456077
0.988800 0.456882
0.989000 0.457687
0.989200 0.458493
0.989400 0.459299
0.989600 0.460105
0.989800 0.460912
0.990000 0.461718
0.990200 0.462525
0.990400 0.463333
0.990600 0.464140
0.990800 0.464948
0.991000 0.465756
0.991200 0.466564
0.991400 0.467372
0.991600 0.468180
0.991800 0.468989
0.992000 0.469798
0.992200 0.470607
0.992400 0.471416
0.992600 0.472226
0.992800 0.473036
0.993000 0.473845
0.993200 0.474656
0.993400 0.475466
0.993600 0.476276
0.993800 0.477087
0.994000 0.477897
0.994200 0.478708
0.994400 0.479519
0.994600 0.480330
0.994800 0.481142
0.995000 0.481953
0.995200 0.482765
0.995400 0.483577
0.995600 0.484389
0.995800 0.485201
0.996000 0.486013
0.996200 0.486825
0.996400 0.487637
0.996600 0.488450
0.996800 0.489262
0.997000 0.490075
0.997200 0.490888
0.997400 0.491701
0.997600 0.492514
0.997800 0.493327
0.998000 0.494140
0.998200 0.494953
0.998400 0.495767
0.998600 0.496580
0.998800 0.497394
0.999000 0.498207
0.999200 0.499021
0.999400 0.499834
0.999600 0.500648
0.999800 0.501462
